Time(s),VBUS(V),IBUS(A),D+(V),D-(V),PBUS(W),Energy(Wh),Capacity(Ah),
0.000,5.09625,0.01840,2.13525,1.16668,0.09377,0.00000,0.00000,
0.000,5.09875,0.01882,3.12338,1.17076,0.09595,0.00000,0.00000,
0.000,5.09875,0.01819,3.12338,1.17076,0.09275,0.00000,0.00000,
0.000,5.09500,0.01924,2.08879,0.00082,0.09801,0.00000,0.00000,
0.000,5.10000,0.01945,3.06959,0.02690,0.09918,0.00000,0.00000,
0.000,5.10125,0.01798,2.37251,0.86747,0.09173,0.00000,0.00000,
0.000,5.09875,0.01945,1.15935,1.29387,0.09915,0.00000,0.00000,
0.000,5.09875,0.01798,1.80996,1.47405,0.09169,0.00000,0.00000,
0.000,5.09875,0.01798,2.33990,0.87074,0.09169,0.00000,0.00000,
0.000,5.09875,0.01756,2.05617,1.29143,0.08956,0.00000,0.00000,
0.000,5.09750,0.01798,1.31263,2.08308,0.09167,0.00000,0.00000,
0.000,5.09750,0.01861,2.11080,0.03669,0.09486,0.00000,0.00000,
0.000,5.09625,0.01798,2.37332,1.00607,0.09164,0.00000,0.00000,
0.000,5.09750,0.01882,2.37332,1.00607,0.09593,0.00000,0.00000,
0.000,5.09750,0.01798,1.82218,0.54869,0.09167,0.00000,0.00000,
0.000,5.09875,0.01840,2.13199,1.21642,0.09382,0.00000,0.00000,
0.000,5.09875,0.01882,1.87518,0.58293,0.09595,0.00000,0.00000,
0.000,5.09875,0.01882,1.48220,1.43247,0.09595,0.00000,0.00000,
0.000,5.09625,0.01736,1.78712,1.01586,0.08845,0.00000,0.00000,
0.000,5.09750,0.01903,2.13525,1.99828,0.09700,0.00000,0.00000,
0.000,5.09750,0.01861,2.52986,0.86013,0.09486,0.00000,0.00000,
0.000,5.09625,0.01777,2.25184,1.13570,0.09058,0.00000,0.00000,
0.000,5.09625,0.01840,3.05490,0.01060,0.09377,0.00000,0.00000,
0.000,5.09375,0.01819,1.67135,1.67298,0.09266,0.00000,0.00000,
0.000,5.09875,0.01798,1.67135,1.67298,0.09169,0.00000,0.00000,
0.000,5.09875,0.01861,1.61836,0.00163,0.09489,0.00000,0.00000,
0.000,5.09750,0.01861,1.39578,0.04647,0.09486,0.00000,0.00000,
0.000,5.10000,0.01819,1.45693,1.47079,0.09278,0.00000,0.00000,
0.000,5.09875,0.01777,1.97953,1.41372,0.09062,0.00000,0.00000,
0.000,5.09875,0.01756,1.63711,1.68929,0.08956,0.00000,0.00000,
0.001,5.09750,0.01736,1.52786,1.85561,0.08847,0.00000,0.00000,
0.002,5.09875,0.01840,2.23879,1.70804,0.09382,0.00000,0.00000,
0.003,5.09750,0.01694,3.09485,1.00118,0.08634,0.00000,0.00000,
0.004,5.09500,0.01798,1.72434,2.54045,0.09162,0.00000,0.00000,
0.005,5.09500,0.01861,2.47197,0.00245,0.09482,0.00000,0.00000,
0.006,5.09875,0.01861,2.47197,0.00245,0.09489,0.00000,0.00000,
0.007,5.09375,0.01694,1.63221,1.20663,0.08627,0.00000,0.00000,
0.008,5.09750,0.01756,1.81321,1.61428,0.08953,0.00000,0.00000,
0.009,5.10000,0.01861,1.53275,1.87435,0.09491,0.00000,0.00000,
0.010,5.09750,0.01882,1.92246,2.20129,0.09593,0.00000,0.00000,
0.011,5.09875,0.01840,1.35420,2.03089,0.09382,0.00000,0.00000,
0.012,5.10125,0.01903,2.27711,1.74635,0.09707,0.00000,0.00000,
0.013,5.09750,0.01966,3.05408,0.02446,0.10019,0.00000,0.00000,
0.014,5.09750,0.01819,1.75125,2.49398,0.09273,0.00000,0.00000,
0.015,5.09625,0.01819,1.73412,2.63747,0.09271,0.00000,0.00000,
0.016,5.09875,0.01861,0.66691,1.89637,0.09489,0.00000,0.00000,
0.017,5.09750,0.01924,0.66691,1.89637,0.09806,0.00000,0.00000,
0.018,5.09625,0.01777,0.83891,1.97459,0.09058,0.00000,0.00000,
0.019,5.09875,0.01882,2.96432,1.91507,0.09595,0.00000,0.00000,
0.020,5.09875,0.01903,2.52326,1.70473,0.09702,0.00000,0.00000,
0.021,5.09625,0.01819,1.83110,3.01161,0.09271,0.00000,0.00000,
0.022,5.09875,0.01798,1.35498,2.03247,0.09169,0.00000,0.00000,
0.023,5.09625,0.01882,2.81676,2.22732,0.09591,0.00000,0.00000,
0.024,5.09625,0.01882,2.81676,2.22732,0.09591,0.00000,0.00000,
0.025,5.09875,0.01819,1.56532,1.80501,0.09275,0.00000,0.00000,
0.026,5.09375,0.01840,2.25748,0.00163,0.09373,0.00000,0.00000,
0.027,5.09625,0.01694,2.79312,0.90577,0.08632,0.00000,0.00000,
0.028,5.09500,0.01861,2.44418,0.93512,0.09482,0.00000,0.00000,
0.029,5.09500,0.01903,2.44418,0.93512,0.09695,0.00000,0.00000,
0.030,5.09875,0.01819,0.62693,2.06992,0.09275,0.00000,0.00000,
0.031,5.09875,0.01903,1.71040,1.78132,0.09702,0.00000,0.00000,
0.032,5.09875,0.01966,2.20444,1.16662,0.10022,0.00000,0.00000,
0.033,5.09875,0.01966,3.05148,0.02120,0.10022,0.00000,0.00000,
0.034,5.09625,0.01715,2.18243,1.15766,0.08738,0.00000,0.00000,
0.035,5.09625,0.01840,3.09388,0.50872,0.09377,0.00000,0.00000,
0.036,5.09750,0.01777,3.07594,0.04321,0.09060,0.00000,0.00000,
0.037,5.09500,0.01777,2.30145,1.60278,0.09056,0.00000,0.00000,
0.038,5.09750,0.01798,1.87263,2.49222,0.09167,0.00000,0.00000,
0.039,5.09625,0.01861,3.21616,0.00571,0.09484,0.00000,0.00000,
0.040,5.09625,0.01694,3.21616,0.00571,0.08632,0.00000,0.00000,
0.041,5.09625,0.01756,0.86313,1.42551,0.08951,0.00000,0.00000,
0.042,5.09500,0.01756,1.83466,0.12470,0.08949,0.00000,0.00000,
0.043,5.09750,0.01736,3.05477,0.01956,0.08847,0.00000,0.00000,
0.044,5.09500,0.01819,2.71246,0.68219,0.09269,0.00000,0.00000,
0.045,5.09625,0.01882,3.07107,0.03342,0.09591,0.00000,0.00000,
0.046,5.09625,0.01819,0.81912,1.87867,0.09271,0.00000,0.00000,
0.047,5.09625,0.01966,2.10443,1.25190,0.10017,0.00000,0.00000,
0.048,5.09875,0.01861,0.94708,1.13128,0.09489,0.00000,0.00000,
0.049,5.09625,0.01736,1.69202,1.60155,0.08845,0.00000,0.00000,
0.050,5.09750,0.01966,2.30249,1.03755,0.10019,0.00000,0.00000,
0.051,5.09750,0.01966,2.30249,1.03755,0.10019,0.00000,0.00000,
0.052,5.09750,0.01882,0.81469,1.80860,0.09593,0.00000,0.00000,
0.053,5.10000,0.01798,2.48316,0.90349,0.09171,0.00000,0.00000,
0.054,5.10000,0.01903,2.07989,2.03345,0.09704,0.00000,0.00000,
0.055,5.09875,0.01882,3.07055,0.01303,0.09595,0.00000,0.00000,
0.056,5.10125,0.01715,1.71736,1.63752,0.08747,0.00000,0.00000,
0.057,5.09500,0.01840,1.75076,0.57109,0.09375,0.00000,0.00000,
0.058,5.09500,0.01777,2.31208,1.70269,0.09056,0.00000,0.00000,
0.059,5.09750,0.01840,1.82082,2.32756,0.09380,0.00000,0.00000,
0.060,5.09750,0.01840,2.51493,2.86280,0.09380,0.00000,0.00000,
0.061,5.09875,0.01777,1.86481,0.00407,0.09062,0.00000,0.00000,
0.062,5.09875,0.01882,1.86481,0.00407,0.09595,0.00000,0.00000,
0.063,5.09750,0.01924,1.69902,0.00326,0.09806,0.00000,0.00000,
0.064,5.09625,0.01882,1.43268,1.93604,0.09591,0.00000,0.00000,
0.065,5.09750,0.01798,3.05514,1.41314,0.09167,0.00000,0.00000,
0.066,5.09625,0.01903,1.45875,0.00163,0.09697,0.00000,0.00000,
0.067,5.09875,0.01882,1.83667,1.08978,0.09595,0.00000,0.00000,
0.068,5.09500,0.01840,1.74708,1.59232,0.09375,0.00000,0.00000,
0.069,5.09500,0.01924,2.23903,1.11911,0.09801,0.00000,0.00000,
0.070,5.09750,0.01924,2.43206,1.61187,0.09806,0.00000,0.00000,
0.071,5.09625,0.01903,2.09812,1.40092,0.09697,0.00000,0.00000,
0.072,5.09750,0.01736,2.66175,1.94500,0.08847,0.00000,0.00000,
0.073,5.09750,0.01840,2.66175,1.94500,0.09380,0.00000,0.00000,
0.074,5.09625,0.01882,2.74077,2.06230,0.09591,0.00000,0.00000,
0.075,5.09500,0.01736,1.79433,2.66584,0.08843,0.00000,0.00000,
0.076,5.09750,0.01694,1.99795,1.27794,0.08634,0.00000,0.00000,
0.077,5.09875,0.01882,0.62390,2.07696,0.09595,0.00000,0.00000,
0.078,5.09875,0.01798,1.41641,1.52881,0.09169,0.00000,0.00000,
0.079,5.09875,0.01798,1.65587,1.71940,0.09169,0.00000,0.00000,
0.080,5.09875,0.01798,2.60557,0.66381,0.09169,0.00000,0.00000,
0.081,5.09875,0.01840,2.24312,1.81877,0.09382,0.00000,0.00000,
0.082,5.09625,0.01840,1.64446,1.65750,0.09377,0.00000,0.00000,
0.083,5.09625,0.01694,3.04702,0.01629,0.08632,0.00000,0.00000,
0.084,5.09375,0.01840,3.04702,0.01629,0.09373,0.00000,0.00000,
0.085,5.09875,0.01840,2.79540,1.62088,0.09382,0.00000,0.00000,
0.086,5.10125,0.01819,0.50174,0.92447,0.09280,0.00000,0.00000,
0.087,5.10125,0.01756,1.46531,0.00570,0.08960,0.00000,0.00000,
0.088,5.09625,0.01756,1.64287,0.62310,0.08951,0.00000,0.00000,
0.089,5.09625,0.01840,1.96216,1.41073,0.09377,0.00000,0.00000,
0.090,5.09750,0.01798,1.67464,2.81984,0.09167,0.00000,0.00000,
0.091,5.09500,0.01736,2.58445,1.81147,0.08843,0.00000,0.00000,
0.092,5.09625,0.01694,2.22036,1.83998,0.08632,0.00000,0.00000,
0.093,5.09625,0.01861,3.04790,0.01629,0.09484,0.00000,0.00000,
0.094,5.09500,0.01861,1.31381,2.05827,0.09482,0.00000,0.00000,
0.095,5.09500,0.01819,1.31381,2.05827,0.09269,0.00000,0.00000,
0.096,5.09500,0.01840,1.39858,1.66900,0.09375,0.00000,0.00000,
0.097,5.09750,0.01840,2.31005,1.47433,0.09380,0.00000,0.00000,
0.098,5.09625,0.01903,1.59570,1.73335,0.09697,0.00000,0.00000,
0.099,5.09750,0.01694,1.53868,1.34400,0.08634,0.00000,0.00000,
0.100,5.09625,0.01840,2.20253,1.54519,0.09377,0.00000,0.00000,
0.101,5.09875,0.01736,2.66438,2.21394,0.08849,0.00000,0.00000,
0.102,5.09625,0.01756,2.33286,1.66575,0.08951,0.00000,0.00000,
0.103,5.09750,0.01798,1.03040,1.32445,0.09167,0.00000,0.00000,
0.104,5.09875,0.01840,2.76783,0.63535,0.09382,0.00000,0.00000,
0.105,5.09875,0.01819,1.76756,2.64157,0.09275,0.00000,0.00000,
0.106,5.09750,0.01819,1.76756,2.64157,0.09273,0.00000,0.00000,
0.107,5.09875,0.01777,2.09597,0.00407,0.09062,0.00000,0.00000,
0.108,5.09625,0.01715,1.58114,1.71800,0.08738,0.00000,0.00000,
0.109,5.09750,0.01861,1.50783,1.90617,0.09486,0.00000,0.00000,
0.110,5.09875,0.01882,1.13556,0.23949,0.09595,0.00000,0.00000,
0.111,5.09625,0.01819,2.03976,2.96027,0.09271,0.00000,0.00000,
0.112,5.09875,0.01861,2.18639,0.48469,0.09489,0.00000,0.00000,
0.113,5.09625,0.01945,3.05313,0.01466,0.09910,0.00000,0.00000,
0.114,5.09625,0.01756,1.44999,1.54774,0.08951,0.00000,0.00000,
0.115,5.09875,0.01756,3.09386,0.58488,0.08956,0.00000,0.00000,
0.116,5.09875,0.01966,1.58522,2.83970,0.10022,0.00000,0.00000,
0.117,5.09625,0.01861,1.58522,2.83970,0.09484,0.00000,0.00000,
0.118,5.09750,0.01861,1.82323,0.00570,0.09486,0.00000,0.00000,
0.119,5.09750,0.01924,1.72547,1.62934,0.09806,0.00000,0.00000,
0.120,5.09750,0.01966,1.70185,1.21793,0.10019,0.00000,0.00000,
0.121,5.09750,0.01798,2.61265,1.87374,0.09167,0.00000,0.00000,
0.122,5.09625,0.01882,2.07578,2.94504,0.09591,0.00000,0.00000,
0.123,5.09625,0.01903,3.05013,0.01141,0.09697,0.00000,0.00000,
0.124,5.09625,0.01903,2.20776,1.16742,0.09697,0.00000,0.00000,
0.125,5.09750,0.01840,3.08923,0.99634,0.09380,0.00000,0.00000,
0.126,5.09875,0.01840,1.67334,0.00652,0.09382,0.00000,0.00000,
0.127,5.09500,0.01694,1.60246,0.01222,0.08629,0.00000,0.00000,
0.128,5.09625,0.01861,1.60246,0.01222,0.09484,0.00000,0.00000,
0.129,5.09375,0.01945,2.79451,2.42452,0.09905,0.00000,0.00000,
0.130,5.09750,0.01903,2.21507,0.00489,0.09700,0.00000,0.00000,
0.131,5.10125,0.02007,1.80922,0.97470,0.10240,0.00000,0.00000,
0.132,5.10125,0.01882,1.87442,2.98603,0.09600,0.00000,0.00000,
0.133,5.10000,0.01882,3.05122,0.01956,0.09598,0.00000,0.00000,
0.134,5.09750,0.01840,1.30965,1.71468,0.09380,0.00000,0.00000,
0.135,5.09625,0.01840,3.07730,0.07824,0.09377,0.00000,0.00000,
0.136,5.09875,0.01777,3.08138,0.16870,0.09062,0.00000,0.00000,
0.137,5.09750,0.01715,1.93798,0.00326,0.08740,0.00000,0.00000,
0.138,5.09750,0.01819,2.15150,1.31861,0.09273,0.00000,0.00000,
0.139,5.09875,0.01756,2.15150,1.31861,0.08956,0.00000,0.00000,
0.140,5.09625,0.01840,1.73938,0.00408,0.09377,0.00000,0.00000,
0.141,5.09625,0.01756,2.17137,1.02537,0.08951,0.00000,0.00000,
0.142,5.09625,0.01756,1.46877,1.44269,0.08951,0.00000,0.00000,
0.143,5.09750,0.01777,1.70678,1.95293,0.09060,0.00000,0.00000,
0.144,5.09875,0.01819,2.42323,0.96261,0.09275,0.00000,0.00000,
0.145,5.09500,0.01736,3.04351,0.97728,0.08843,0.00000,0.00000,
0.146,5.09875,0.01694,1.49975,0.68630,0.08636,0.00000,0.00000,
0.147,5.09875,0.01798,1.65543,2.65797,0.09169,0.00000,0.00000,
0.148,5.09625,0.01840,2.12573,1.28538,0.09377,0.00000,0.00000,
0.149,5.10000,0.01756,2.25858,0.94549,0.08958,0.00000,0.00000,
0.150,5.10000,0.01882,2.25858,0.94549,0.09598,0.00000,0.00000,
0.151,5.09750,0.01882,2.13164,0.00408,0.09593,0.00000,0.00000,
0.152,5.09500,0.01819,2.96342,2.71388,0.09269,0.00000,0.00000,
0.153,5.09750,0.01861,3.05638,0.02446,0.09486,0.00000,0.00000,
0.154,5.09625,0.01903,2.25314,1.12209,0.09697,0.00000,0.00000,
0.155,5.09875,0.01819,0.75594,2.17241,0.09275,0.00000,0.00000,
0.156,5.09625,0.01840,1.65377,3.03273,0.09377,0.00000,0.00000,
0.157,5.09750,0.01903,1.76794,1.22484,0.09700,0.00000,0.00000,
0.158,5.09750,0.01798,2.07863,1.18814,0.09167,0.00000,0.00000,
0.159,5.09750,0.01861,1.92125,0.83096,0.09486,0.00000,0.00000,
0.160,5.09750,0.01861,2.75221,2.35671,0.09486,0.00000,0.00000,
0.161,5.09750,0.01715,2.75221,2.35671,0.08740,0.00000,0.00000,
0.162,5.10000,0.01756,1.54287,0.00979,0.08958,0.00000,0.00000,
0.163,5.09625,0.01840,3.05311,0.02120,0.09377,0.00000,0.00000,
0.164,5.09875,0.01840,1.57467,1.75978,0.09382,0.00000,0.00000,
0.165,5.09875,0.01840,0.64096,0.77551,0.09382,0.00000,0.00000,
0.166,5.09750,0.01861,3.07921,0.04077,0.09486,0.00000,0.00000,
0.167,5.09625,0.01882,1.54694,0.00245,0.09591,0.00000,0.00000,
0.168,5.09625,0.01819,2.10880,2.67311,0.09271,0.00000,0.00000,
0.169,5.09875,0.01819,2.02399,1.31943,0.09275,0.00000,0.00000,
0.170,5.09875,0.01840,2.08434,2.68778,0.09382,0.00000,0.00000,
0.171,5.09875,0.01903,2.59645,2.84354,0.09702,0.00000,0.00000,
0.172,5.09750,0.01756,2.59645,2.84354,0.08953,0.00000,0.00000,
0.173,5.09875,0.01945,3.05557,0.02120,0.09915,0.00000,0.00000,
0.174,5.09750,0.01903,0.92230,1.11149,0.09700,0.00000,0.00000,
0.175,5.10000,0.01715,0.77470,2.19361,0.08745,0.00000,0.00000,
0.176,5.09875,0.01798,1.96691,2.72285,0.09169,0.00000,0.00000,
0.177,5.09875,0.01840,1.77365,0.00408,0.09382,0.00000,0.00000,
0.178,5.09875,0.01840,2.56710,1.76794,0.09382,0.00000,0.00000,
0.179,5.09500,0.01798,2.74569,0.55615,0.09162,0.00000,0.00000,
0.180,5.09875,0.01861,1.36510,1.53961,0.09489,0.00000,0.00000,
0.181,5.09750,0.01861,2.22786,0.96552,0.09486,0.00000,0.00000,
0.182,5.10000,0.01861,2.91530,2.62092,0.09491,0.00000,0.00000,
0.183,5.09750,0.01861,2.91530,2.62092,0.09486,0.00000,0.00000,
0.184,5.09625,0.01861,2.85006,2.27107,0.09484,0.00000,0.00000,
0.185,5.09875,0.01861,3.07349,0.03425,0.09489,0.00000,0.00000,
0.186,5.09875,0.01840,3.07349,0.03425,0.09382,0.00000,0.00000,
0.187,5.09875,0.01840,1.13839,1.73694,0.09382,0.00000,0.00000,
0.188,5.10125,0.01798,1.42462,0.00245,0.09173,0.00000,0.00000,
0.189,5.10250,0.01861,1.58608,1.77772,0.09496,0.00000,0.00000,
0.190,5.09750,0.01777,2.76769,2.39910,0.09060,0.00000,0.00000,
0.191,5.09875,0.01861,1.83398,3.00989,0.09489,0.00000,0.00000,
0.192,5.09875,0.01819,1.36346,0.77959,0.09275,0.00000,0.00000,
0.193,5.09875,0.01945,3.05963,0.01549,0.09915,0.00001,0.00000,
0.194,5.09625,0.01819,2.33060,0.88967,0.09271,0.00001,0.00000,
0.195,5.10000,0.01882,2.33060,0.88967,0.09598,0.00001,0.00000,
0.196,5.10000,0.01882,0.81545,1.98971,0.09598,0.00001,0.00000,
0.197,5.09750,0.01903,1.79318,1.55915,0.09700,0.00001,0.00000,
0.198,5.09750,0.01903,0.62301,2.06147,0.09700,0.00001,0.00000,
0.199,5.09500,0.01777,2.31263,1.60400,0.09056,0.00001,0.00000,
0.200,5.09750,0.01819,2.18134,1.51267,0.09273,0.00001,0.00000,
0.201,5.09625,0.01840,2.10795,2.95357,0.09377,0.00001,0.00000,
0.202,5.09750,0.01819,1.68717,0.01142,0.09273,0.00001,0.00000,
0.203,5.09875,0.01777,3.06040,0.01468,0.09062,0.00001,0.00000,
0.204,5.09625,0.01819,2.61679,2.48143,0.09271,0.00001,0.00000,
0.205,5.09625,0.01673,2.16095,0.00734,0.08525,0.00001,0.00000,
0.206,5.09750,0.01673,2.16095,0.00734,0.08527,0.00001,0.00000,
0.207,5.09625,0.01777,1.92762,0.00326,0.09058,0.00001,0.00000,
0.208,5.09500,0.01777,2.91997,2.62153,0.09056,0.00001,0.00000,
0.209,5.09625,0.01840,1.17745,1.70094,0.09377,0.00001,0.00000,
0.210,5.09750,0.01777,1.70501,0.00245,0.09060,0.00001,0.00000,
0.211,5.09875,0.01840,1.14809,1.23452,0.09382,0.00001,0.00000,
0.212,5.09875,0.01819,2.38099,0.95810,0.09275,0.00001,0.00000,
0.213,5.09750,0.01882,3.05614,0.01468,0.09593,0.00001,0.00000,
0.214,5.09750,0.01798,2.42665,1.85668,0.09167,0.00001,0.00000,
0.215,5.09750,0.01798,3.07816,0.04648,0.09167,0.00001,0.00000,
0.216,5.09500,0.01924,2.72835,2.42909,0.09801,0.00001,0.00000,
0.217,5.09625,0.01882,2.72835,2.42909,0.09591,0.00001,0.00000,
0.218,5.09625,0.01777,1.34527,0.00652,0.09058,0.00001,0.00000,
0.219,5.09750,0.01903,1.78391,1.01996,0.09700,0.00001,0.00000,
0.220,5.09625,0.01945,1.85892,1.49936,0.09910,0.00001,0.00000,
0.221,5.09625,0.01861,1.90294,0.00489,0.09484,0.00001,0.00000,
0.222,5.09875,0.01924,2.18178,1.24988,0.09809,0.00001,0.00000,
0.223,5.09875,0.01736,2.60248,1.49855,0.08849,0.00001,0.00000,
0.224,5.09875,0.01736,1.40153,0.00489,0.08849,0.00001,0.00000,
0.225,5.09875,0.01798,3.07700,0.10762,0.09169,0.00001,0.00000,
0.226,5.09750,0.01777,1.38359,1.69504,0.09060,0.00001,0.00000,
0.227,5.09875,0.01777,2.37012,0.01631,0.09062,0.00001,0.00000,
0.228,5.09625,0.01861,2.37012,0.01631,0.09484,0.00001,0.00000,
0.229,5.09875,0.01861,1.08349,1.18051,0.09489,0.00001,0.00000,
0.230,5.09625,0.01840,1.53352,0.00978,0.09377,0.00001,0.00000,
0.231,5.09625,0.01945,1.64685,1.78789,0.09910,0.00001,0.00000,
0.232,5.09625,0.01924,2.04877,0.68564,0.09804,0.00001,0.00000,
0.233,5.09875,0.01924,3.05645,0.01386,0.09809,0.00001,0.00000,
0.234,5.09625,0.01924,2.45233,1.91425,0.09804,0.00001,0.00000,
0.235,5.10125,0.01903,3.08661,1.40226,0.09707,0.00001,0.00000,
0.236,5.09750,0.01861,3.14287,0.00734,0.09486,0.00001,0.00000,
0.237,5.09875,0.01840,0.44188,0.90495,0.09382,0.00001,0.00000,
0.238,5.09750,0.01882,1.91588,0.00734,0.09593,0.00001,0.00000,
0.239,5.09875,0.01903,1.91588,0.00734,0.09702,0.00001,0.00000,
0.240,5.10125,0.01861,2.23454,0.00652,0.09493,0.00001,0.00000,
0.241,5.10125,0.01736,1.14784,1.53019,0.08853,0.00001,0.00000,
0.242,5.09625,0.01736,0.58289,0.98480,0.08845,0.00001,0.00000,
0.243,5.10000,0.01840,3.05059,0.02120,0.09384,0.00001,0.00000,
0.244,5.09750,0.01882,0.47120,0.90980,0.09593,0.00001,0.00000,
0.245,5.09625,0.01715,3.08646,0.52582,0.08738,0.00001,0.00000,
0.246,5.09875,0.01798,1.63209,0.14837,0.09169,0.00001,0.00000,
0.247,5.09625,0.01903,1.73155,0.00815,0.09697,0.00001,0.00000,
0.248,5.09750,0.01777,1.88644,0.00815,0.09060,0.00001,0.00000,
0.249,5.09500,0.01819,2.47830,1.93454,0.09269,0.00001,0.00000,
0.250,5.09500,0.01924,2.47830,1.93454,0.09801,0.00001,0.00000,
0.251,5.09875,0.01924,3.07342,0.02527,0.09809,0.00001,0.00000,
0.252,5.09875,0.01861,2.31118,1.72421,0.09489,0.00001,0.00000,
0.253,5.09625,0.01777,3.05222,0.01957,0.09058,0.00001,0.00000,
0.254,5.09500,0.01861,1.79351,1.33290,0.09482,0.00001,0.00000,
0.255,5.10000,0.01882,1.94351,0.00326,0.09598,0.00001,0.00000,
0.256,5.10000,0.01840,0.63751,1.45029,0.09384,0.00001,0.00000,
0.257,5.09875,0.01861,1.59296,1.35573,0.09489,0.00001,0.00000,
0.258,5.09750,0.01861,1.59622,1.82856,0.09486,0.00001,0.00000,
0.259,5.09750,0.01777,1.04839,0.45897,0.09060,0.00001,0.00000,
0.260,5.09750,0.01777,2.07639,1.93617,0.09060,0.00001,0.00000,
0.261,5.09625,0.01840,2.07639,1.93617,0.09377,0.00001,0.00000,
0.262,5.09625,0.01840,2.19870,2.48566,0.09377,0.00001,0.00000,
0.263,5.09875,0.01777,2.80035,0.01304,0.09062,0.00001,0.00000,
0.264,5.09625,0.01819,0.78997,1.27259,0.09271,0.00001,0.00000,
0.265,5.09875,0.01861,3.06611,0.02364,0.09489,0.00001,0.00000,
0.266,5.09625,0.01736,1.11117,0.32039,0.08845,0.00001,0.00000,
0.267,5.09750,0.01798,1.96310,0.00652,0.09167,0.00001,0.00000,
0.268,5.09750,0.01715,2.77589,2.40903,0.08740,0.00001,0.00000,
0.269,5.09625,0.01715,1.15438,1.24976,0.08738,0.00001,0.00000,
0.270,5.10000,0.01924,0.62773,2.02179,0.09811,0.00001,0.00000,
0.271,5.09750,0.01819,2.33077,1.52939,0.09273,0.00001,0.00000,
0.272,5.09500,0.01798,2.33077,1.52939,0.09162,0.00001,0.00000,
0.273,5.09625,0.01861,3.05470,0.01304,0.09484,0.00001,0.00000,
0.274,5.09875,0.01882,2.71230,2.02506,0.09595,0.00001,0.00000,
0.275,5.09875,0.01777,3.08976,0.68399,0.09062,0.00001,0.00000,
0.276,5.09750,0.02028,2.45550,0.80138,0.10339,0.00001,0.00000,
0.277,5.09750,0.01903,0.52909,1.17558,0.09700,0.00001,0.00000,
0.278,5.09750,0.01903,0.38316,1.20166,0.09700,0.00001,0.00000,
0.279,5.09750,0.01756,0.77122,1.30031,0.08953,0.00001,0.00000,
0.280,5.10000,0.01840,1.67043,1.89217,0.09384,0.00001,0.00000,
0.281,5.09625,0.01861,1.73075,2.53050,0.09484,0.00001,0.00000,
0.282,5.09750,0.01736,0.85437,1.41200,0.08847,0.00001,0.00000,
0.283,5.09625,0.01777,0.85437,1.41200,0.09058,0.00001,0.00000,
0.284,5.09625,0.01819,1.39166,0.00326,0.09271,0.00001,0.00000,
0.285,5.09500,0.01798,3.06459,0.01060,0.09162,0.00001,0.00000,
0.286,5.09500,0.01736,1.71043,0.00652,0.08843,0.00001,0.00000,
0.287,5.09625,0.01736,1.63950,0.01141,0.08845,0.00001,0.00000,
0.288,5.09750,0.01756,2.08871,0.01060,0.08953,0.00001,0.00000,
0.289,5.09750,0.01819,1.17235,0.15816,0.09273,0.00001,0.00000,
0.290,5.09875,0.01861,0.80956,1.55635,0.09489,0.00001,0.00000,
0.291,5.09750,0.01840,1.80826,0.55683,0.09380,0.00001,0.00000,
0.292,5.09750,0.01777,1.43976,1.69739,0.09060,0.00001,0.00000,
0.293,5.09875,0.01903,3.05073,0.02120,0.09702,0.00001,0.00000,
0.294,5.09875,0.01924,3.05073,0.02120,0.09809,0.00001,0.00000,
0.295,5.09875,0.01819,2.95371,1.97865,0.09275,0.00001,0.00000,
0.296,5.09875,0.01819,1.75445,1.50498,0.09275,0.00001,0.00000,
0.297,5.09625,0.01861,1.36476,0.01060,0.09484,0.00001,0.00000,
0.298,5.09500,0.01882,0.81038,1.54330,0.09588,0.00001,0.00000,
0.299,5.09625,0.01736,2.79392,2.79963,0.08845,0.00001,0.00000,
0.300,5.09750,0.01903,2.54445,2.49472,0.09700,0.00001,0.00000,
0.301,5.09750,0.01966,2.05773,1.23676,0.10019,0.00001,0.00000,
0.302,5.09875,0.01861,1.31829,1.42916,0.09489,0.00001,0.00000,
0.303,5.09875,0.01840,2.70261,0.00978,0.09382,0.00001,0.00000,
0.304,5.09875,0.01882,1.69331,0.00245,0.09595,0.00001,0.00000,
0.305,5.09750,0.01882,1.69331,0.00245,0.09593,0.00001,0.00000,
0.306,5.10000,0.01715,1.93708,0.00408,0.08745,0.00001,0.00000,
0.307,5.09750,0.01798,1.08431,0.35709,0.09167,0.00001,0.00000,
0.308,5.09750,0.01840,1.28894,0.01223,0.09380,0.00001,0.00000,
0.309,5.09500,0.01756,1.90854,2.40096,0.08949,0.00001,0.00000,
0.310,5.09500,0.01840,1.74304,0.00734,0.09375,0.00001,0.00000,
0.311,5.09625,0.01840,2.58603,1.78544,0.09377,0.00001,0.00000,
0.312,5.09750,0.01777,1.84577,0.00326,0.09060,0.00001,0.00000,
0.313,5.09750,0.01777,3.05236,0.01712,0.09060,0.00001,0.00000,
0.314,5.09750,0.01777,1.41694,0.00571,0.09060,0.00001,0.00000,
0.315,5.10000,0.01777,0.50954,1.62564,0.09064,0.00001,0.00000,
0.316,5.09625,0.01924,0.50954,1.62564,0.09804,0.00001,0.00000,
0.317,5.09875,0.01840,1.69739,2.09768,0.09382,0.00001,0.00000,
0.318,5.09750,0.01819,2.53874,2.93007,0.09273,0.00001,0.00000,
0.319,5.09875,0.01945,1.49194,1.45036,0.09915,0.00001,0.00000,
0.320,5.09625,0.01924,1.50172,0.00326,0.09804,0.00001,0.00000,
0.321,5.09875,0.01777,2.11154,0.45084,0.09062,0.00001,0.00000,
0.322,5.09875,0.01777,1.35987,1.50743,0.09062,0.00001,0.00000,
0.323,5.09625,0.01777,3.05236,0.01304,0.09058,0.00001,0.00000,
0.324,5.10000,0.01715,3.08089,0.15164,0.08745,0.00001,0.00000,
0.325,5.09875,0.01777,1.31013,0.02120,0.09062,0.00001,0.00000,
0.326,5.09625,0.01777,2.13926,0.00408,0.09058,0.00001,0.00000,
0.327,5.09625,0.01798,2.13926,0.00408,0.09164,0.00001,0.00000,
0.328,5.09875,0.01945,1.38596,1.13974,0.09915,0.00001,0.00000,
0.329,5.09750,0.01924,1.92974,0.00245,0.09806,0.00001,0.00000,
0.330,5.09750,0.01736,1.38025,1.51395,0.08847,0.00001,0.00000,
0.331,5.09750,0.01945,1.93789,1.32563,0.09913,0.00001,0.00000,
0.332,5.09625,0.01945,0.50628,1.08268,0.09910,0.00001,0.00000,
0.333,5.09750,0.01945,3.05155,0.01794,0.09913,0.00001,0.00000,
0.334,5.09500,0.01882,0.43780,0.89761,0.09588,0.00001,0.00000,
0.335,5.09875,0.01882,1.98273,0.00408,0.09595,0.00001,0.00000,
0.336,5.09875,0.01903,3.12248,0.00815,0.09702,0.00001,0.00000,
0.337,5.09625,0.01777,2.09035,0.00245,0.09058,0.00001,0.00000,
0.338,5.09750,0.01882,2.09035,0.00245,0.09593,0.00001,0.00000,
0.339,5.09500,0.01798,3.08253,0.08642,0.09162,0.00001,0.00000,
0.340,5.09500,0.01798,2.09605,0.00734,0.09162,0.00001,0.00000,
0.341,5.09500,0.01798,1.87267,0.89190,0.09162,0.00001,0.00000,
0.342,5.09625,0.01819,1.79033,0.00000,0.09271,0.00001,0.00000,
0.343,5.10125,0.01861,2.27949,0.00000,0.09493,0.00001,0.00000,
0.344,5.09625,0.01840,1.39981,0.00245,0.09377,0.00001,0.00000,
0.345,5.09875,0.01861,1.97539,0.08723,0.09489,0.00001,0.00000,
0.346,5.09500,0.01756,1.96887,2.31373,0.08949,0.00001,0.00000,
0.347,5.10000,0.01840,3.08334,0.09457,0.09384,0.00001,0.00000,
0.348,5.09750,0.01756,3.08334,0.09457,0.08953,0.00001,0.00000,
0.349,5.09625,0.01840,2.01779,1.30524,0.09377,0.00001,0.00000,
0.350,5.09625,0.01924,2.01779,1.30524,0.09804,0.00001,0.00000,
0.351,5.09875,0.01924,0.61634,1.39656,0.09809,0.00001,0.00000,
0.352,5.09500,0.01861,2.43113,2.88197,0.09482,0.00001,0.00000,
0.353,5.09625,0.01777,3.05644,0.02120,0.09058,0.00001,0.00000,
0.354,5.09750,0.01861,2.46374,1.92159,0.09486,0.00001,0.00000,
0.355,5.09875,0.01819,3.18118,0.00326,0.09275,0.00001,0.00000,
0.356,5.10000,0.01798,3.06786,0.01304,0.09171,0.00001,0.00000,
0.357,5.09750,0.01840,1.70391,1.28812,0.09380,0.00001,0.00000,
0.358,5.10000,0.01882,1.52781,0.00082,0.09598,0.00001,0.00000,
0.359,5.10000,0.01840,1.07452,0.39051,0.09384,0.00001,0.00000,
0.360,5.10000,0.01840,1.73000,0.00245,0.09384,0.00001,0.00000,
0.361,5.09875,0.01736,1.73000,0.00245,0.08849,0.00001,0.00000,
0.362,5.09875,0.01798,3.09229,0.39296,0.09169,0.00001,0.00000,
0.363,5.09625,0.01861,3.05561,0.02446,0.09484,0.00001,0.00000,
0.364,5.09500,0.01777,2.47758,2.54199,0.09056,0.00001,0.00000,
0.365,5.09625,0.01903,3.08985,0.32692,0.09697,0.00001,0.00000,
0.366,5.09750,0.01840,1.63216,2.84934,0.09380,0.00001,0.00000,
0.367,5.09875,0.01882,3.14365,0.00815,0.09595,0.00001,0.00000,
0.368,5.09875,0.01777,1.76260,0.00489,0.09062,0.00001,0.00000,
0.369,5.09625,0.01777,2.22648,0.00245,0.09058,0.00001,0.00000,
0.370,5.10000,0.01966,2.33002,1.50498,0.10024,0.00001,0.00000,
0.371,5.09875,0.01840,3.08332,0.17039,0.09382,0.00001,0.00000,
0.372,5.09750,0.01819,3.08332,0.17039,0.09273,0.00001,0.00000,
0.373,5.09750,0.01882,3.05962,0.02283,0.09593,0.00001,0.00000,
0.374,5.09375,0.01945,1.52614,1.77397,0.09905,0.00001,0.00000,
0.375,5.09875,0.01798,3.08407,1.83186,0.09169,0.00001,0.00000,
0.376,5.09750,0.01924,2.57536,2.09192,0.09806,0.00001,0.00000,
0.377,5.09750,0.01861,2.66585,2.46449,0.09486,0.00001,0.00000,
0.378,5.09625,0.01861,0.64241,1.97860,0.09484,0.00001,0.00000,
0.379,5.09875,0.01840,1.22124,1.50494,0.09382,0.00001,0.00000,
0.380,5.09750,0.01798,2.21910,0.43453,0.09167,0.00001,0.00000,
0.381,5.09750,0.01777,2.05116,1.33211,0.09060,0.00001,0.00000,
0.382,5.09750,0.01715,1.33782,1.62723,0.08740,0.00001,0.00000,
0.383,5.09750,0.01694,1.33782,1.62723,0.08634,0.00001,0.00000,
0.384,5.09875,0.01777,1.83424,0.13533,0.09062,0.00001,0.00000,
0.385,5.09875,0.01798,3.08887,1.27908,0.09169,0.00001,0.00000,
0.386,5.09875,0.01819,1.55381,0.00326,0.09275,0.00001,0.00000,
0.387,5.09375,0.01819,3.08071,0.12554,0.09266,0.00001,0.00000,
0.388,5.09625,0.01736,1.63533,0.00000,0.08845,0.00001,0.00000,
0.389,5.10125,0.01924,1.62555,0.00652,0.09813,0.00001,0.00000,
0.390,5.10125,0.01861,1.98913,0.00000,0.09493,0.00001,0.00000,
0.391,5.09500,0.01777,2.41060,0.00571,0.09056,0.00001,0.00000,
0.392,5.09875,0.01945,1.57663,0.00245,0.09915,0.00001,0.00000,
0.393,5.09750,0.01903,3.05300,0.01467,0.09700,0.00001,0.00000,
0.394,5.09875,0.01777,3.05300,0.01467,0.09062,0.00001,0.00000,
0.395,5.09875,0.01945,1.47555,0.03016,0.09915,0.00001,0.00000,
0.396,5.09625,0.01945,2.31197,1.03452,0.09910,0.00001,0.00000,
0.397,5.09625,0.01819,3.08317,0.16060,0.09271,0.00001,0.00000,
0.398,5.09875,0.01924,2.19947,1.75762,0.09809,0.00001,0.00000,
0.399,5.09750,0.01756,2.10246,0.00245,0.08953,0.00001,0.00000,
0.400,5.09875,0.01903,0.60245,1.36224,0.09702,0.00001,0.00000,
0.401,5.09625,0.01882,1.83996,0.00326,0.09591,0.00001,0.00000,
0.402,5.09625,0.01840,0.45979,0.97990,0.09377,0.00001,0.00000,
0.403,5.09500,0.01840,3.05382,0.01386,0.09375,0.00001,0.00000,
0.404,5.09500,0.01945,2.33317,0.00652,0.09908,0.00001,0.00000,
0.405,5.09875,0.01945,2.33317,0.00652,0.09915,0.00001,0.00000,
0.406,5.09875,0.01777,1.50409,1.64594,0.09062,0.00001,0.00000,
0.407,5.09750,0.01736,2.94704,2.67639,0.08847,0.00001,0.00000,
0.408,5.09875,0.01819,0.70680,1.80899,0.09275,0.00001,0.00000,
0.409,5.09875,0.01756,2.10573,1.13969,0.08956,0.00001,0.00000,
0.410,5.09750,0.01798,2.11306,0.00326,0.09167,0.00001,0.00000,
0.411,5.09875,0.01882,3.09134,0.39294,0.09595,0.00001,0.00000,
0.412,5.09875,0.01819,2.65519,2.21904,0.09275,0.00001,0.00000,
0.413,5.09875,0.01756,3.05465,0.02283,0.08956,0.00001,0.00000,
0.414,5.09875,0.01756,1.78127,0.00082,0.08956,0.00001,0.00000,
0.415,5.10000,0.01715,3.03427,0.88126,0.08745,0.00001,0.00000,
0.416,5.09625,0.01840,3.03427,0.88126,0.09377,0.00001,0.00000,
0.417,5.10000,0.01798,3.07509,0.02853,0.09171,0.00001,0.00000,
0.418,5.09750,0.01861,2.50279,1.99082,0.09486,0.00001,0.00000,
0.419,5.09500,0.01903,3.13867,0.00734,0.09695,0.00001,0.00000,
0.420,5.09875,0.01903,1.92315,0.00489,0.09702,0.00001,0.00000,
0.421,5.09875,0.01798,1.32395,0.00245,0.09169,0.00001,0.00000,
0.422,5.09875,0.01798,2.00141,0.00489,0.09169,0.00001,0.00000,
0.423,5.09625,0.01798,1.42341,0.01304,0.09164,0.00001,0.00000,
0.424,5.09500,0.01861,3.19737,0.00734,0.09482,0.00001,0.00000,
0.425,5.09875,0.01861,3.05960,1.11280,0.09489,0.00001,0.00000,
0.426,5.09625,0.01756,1.43401,0.00326,0.08951,0.00001,0.00000,
0.427,5.10250,0.01715,1.43401,0.00326,0.08749,0.00001,0.00000,
0.428,5.09625,0.01777,3.07594,0.03016,0.09058,0.00001,0.00000,
0.429,5.10000,0.01777,3.17132,0.00897,0.09064,0.00001,0.00000,
0.430,5.09625,0.01840,2.16204,0.00734,0.09377,0.00001,0.00000,
0.431,5.09625,0.01903,3.03273,0.88047,0.09697,0.00001,0.00000,
0.432,5.09750,0.01903,3.06371,0.01304,0.09700,0.00001,0.00000,
0.433,5.09875,0.01798,3.05800,0.01223,0.09169,0.00001,0.00000,
0.434,5.09625,0.01756,3.07594,0.08152,0.08951,0.00001,0.00000,
0.435,5.09750,0.01861,2.50119,2.97648,0.09486,0.00001,0.00000,
0.436,5.09625,0.01903,1.22614,2.39113,0.09697,0.00001,0.00000,
0.437,5.09750,0.01819,2.40173,1.82697,0.09273,0.00001,0.00000,
0.438,5.09875,0.01903,2.40173,1.82697,0.09702,0.00001,0.00000,
0.439,5.09625,0.01882,1.45447,1.90206,0.09591,0.00001,0.00000,
0.440,5.09625,0.01798,0.63348,1.31098,0.09164,0.00001,0.00000,
0.441,5.09250,0.01798,2.18904,0.00408,0.09158,0.00001,0.00000,
0.442,5.09875,0.01756,0.66201,1.03786,0.08956,0.00001,0.00000,
0.443,5.09625,0.01903,3.05732,0.02201,0.09697,0.00001,0.00000,
0.444,5.09500,0.01819,3.08096,0.13045,0.09269,0.00001,0.00000,
0.445,5.09625,0.01736,2.87225,1.58002,0.08845,0.00001,0.00000,
0.446,5.10000,0.01840,1.28978,1.39658,0.09384,0.00001,0.00000,
0.447,5.10000,0.01777,1.30772,0.00897,0.09064,0.00001,0.00000,
0.448,5.09875,0.01756,2.23388,0.00815,0.08956,0.00001,0.00000,
0.449,5.09875,0.01798,2.23388,0.00815,0.09169,0.00001,0.00000,
0.450,5.09750,0.01798,2.04066,0.03017,0.09167,0.00001,0.00000,
0.451,5.09750,0.01840,1.00932,0.58048,0.09380,0.00001,0.00000,
0.452,5.09875,0.01903,1.39006,1.67867,0.09702,0.00001,0.00000,
0.453,5.09750,0.01756,3.05569,0.02120,0.08953,0.00001,0.00000,
0.454,5.10000,0.01840,2.23633,0.00489,0.09384,0.00001,0.00000,
0.455,5.09875,0.01945,3.09482,0.65141,0.09915,0.00001,0.00000,
0.456,5.09500,0.01798,2.16621,0.00734,0.09162,0.00001,0.00000,
0.457,5.10000,0.01777,3.11765,0.01060,0.09064,0.00001,0.00000,
0.458,5.10000,0.01861,2.15154,2.94481,0.09491,0.00001,0.00000,
0.459,5.09875,0.01861,3.15271,0.00734,0.09489,0.00001,0.00000,
0.460,5.09500,0.01756,3.15271,0.00734,0.08949,0.00001,0.00000,
0.461,5.09750,0.01756,3.09238,1.30283,0.08953,0.00001,0.00000,
0.462,5.10000,0.01798,2.31297,0.96204,0.09171,0.00001,0.00000,
0.463,5.09875,0.01819,3.06955,0.00326,0.09275,0.00001,0.00000,
0.464,5.09750,0.01798,3.08178,0.14431,0.09167,0.00001,0.00000,
0.465,5.09750,0.01777,0.55847,0.99057,0.09060,0.00001,0.00000,
0.466,5.09875,0.01819,2.09121,0.00897,0.09275,0.00001,0.00000,
0.467,5.09875,0.01903,2.03414,0.00163,0.09702,0.00001,0.00000,
0.468,5.09625,0.01903,2.06594,2.78991,0.09697,0.00001,0.00000,
0.469,5.09625,0.01819,1.84907,0.00571,0.09271,0.00001,0.00000,
0.470,5.09625,0.01966,3.07037,0.05055,0.10017,0.00001,0.00000,
0.471,5.09500,0.01882,3.07037,0.05055,0.09588,0.00001,0.00000,
0.472,5.09875,0.01861,3.08830,0.17284,0.09489,0.00001,0.00000,
0.473,5.09625,0.01945,3.05651,0.02283,0.09910,0.00001,0.00000,
0.474,5.09750,0.01882,3.07770,0.11740,0.09593,0.00001,0.00000,
0.475,5.09625,0.01777,3.05080,1.22945,0.09058,0.00001,0.00000,
0.476,5.09875,0.01861,1.74227,0.00326,0.09489,0.00001,0.00000,
0.477,5.09875,0.01861,1.82869,0.00326,0.09489,0.00001,0.00000,
0.478,5.09875,0.01840,3.07526,0.03913,0.09382,0.00001,0.00000,
0.479,5.10000,0.01798,3.07118,0.02527,0.09171,0.00001,0.00000,
0.480,5.09750,0.01736,0.62125,1.42104,0.08847,0.00001,0.00000,
0.481,5.09625,0.01840,3.06874,0.03995,0.09377,0.00001,0.00000,
0.482,5.09750,0.01694,3.06874,0.03995,0.08634,0.00001,0.00000,
0.483,5.09875,0.01840,3.05570,0.01875,0.09382,0.00001,0.00000,
0.484,5.09500,0.01756,3.15842,0.01060,0.08949,0.00001,0.00000,
0.485,5.09750,0.01924,0.63348,2.10996,0.09806,0.00001,0.00000,
0.486,5.09750,0.01924,2.86737,1.61101,0.09806,0.00001,0.00000,
0.487,5.09750,0.01924,2.72469,0.00652,0.09806,0.00001,0.00000,
0.488,5.09500,0.01882,3.06630,0.01223,0.09588,0.00001,0.00000,
0.489,5.09625,0.01840,3.06956,0.03587,0.09377,0.00001,0.00000,
0.490,5.09875,0.01882,3.06548,0.01223,0.09595,0.00001,0.00000,
0.491,5.10125,0.01798,3.17555,0.00652,0.09173,0.00001,0.00000,
0.492,5.09625,0.01945,2.29014,0.00326,0.09910,0.00001,0.00000,
0.493,5.10250,0.01819,2.29014,0.00326,0.09282,0.00001,0.00000,
0.494,5.09750,0.01756,0.51771,1.64281,0.08953,0.00001,0.00000,
0.495,5.09750,0.01777,3.06631,0.01386,0.09060,0.00001,0.00000,
0.496,5.09625,0.01777,1.78712,0.00408,0.09058,0.00001,0.00000,
0.497,5.09750,0.01819,2.69861,0.00897,0.09273,0.00001,0.00000,
0.498,5.09625,0.01986,3.08995,0.36199,0.10123,0.00001,0.00000,
0.499,5.09875,0.01840,1.14059,1.24413,0.09382,0.00001,0.00000,
0.500,5.09750,0.01882,1.56862,0.00326,0.09593,0.00001,0.00000,
0.501,5.09875,0.01924,2.10997,2.81357,0.09809,0.00001,0.00000,
0.502,5.09875,0.01777,0.57804,1.26615,0.09062,0.00001,0.00000,
0.503,5.09625,0.01924,0.95634,0.01631,0.09804,0.00001,0.00000,
0.504,5.09625,0.01903,0.95634,0.01631,0.09697,0.00001,0.00000,
0.505,5.09750,0.01903,2.90733,2.04557,0.09700,0.00001,0.00000,
0.506,5.09750,0.01777,1.51318,0.00326,0.09060,0.00001,0.00000,
0.507,5.09500,0.01819,1.72760,0.00652,0.09269,0.00001,0.00000,
0.508,5.09750,0.01819,3.07365,0.02854,0.09273,0.00001,0.00000,
0.509,5.09750,0.01736,3.07365,0.02854,0.08847,0.00001,0.00000,
0.510,5.10000,0.01756,2.41163,2.94402,0.08958,0.00001,0.00000,
0.511,5.09750,0.01819,2.42549,2.67334,0.09273,0.00001,0.00000,
0.512,5.09625,0.01861,2.20047,0.00734,0.09484,0.00001,0.00000,
0.513,5.09625,0.01798,3.05408,0.01386,0.09164,0.00001,0.00000,
0.514,5.09625,0.01798,1.68195,0.00326,0.09164,0.00001,0.00000,
0.515,5.09625,0.01861,1.93795,0.80958,0.09484,0.00001,0.00000,
0.516,5.09625,0.01924,1.93795,0.80958,0.09804,0.00001,0.00000,
0.517,5.09750,0.01924,3.09562,1.06068,0.09806,0.00001,0.00000,
0.518,5.09875,0.01798,1.42185,0.00000,0.09169,0.00001,0.00000,
0.519,5.10000,0.01882,3.06545,0.00734,0.09598,0.00001,0.00000,
0.520,5.09875,0.01861,3.07116,0.01794,0.09489,0.00001,0.00000,
0.521,5.09625,0.01798,2.00070,0.00245,0.09164,0.00001,0.00000,
0.522,5.09625,0.01777,2.03983,0.00489,0.09058,0.00001,0.00000,
0.523,5.09500,0.01777,3.05322,0.02201,0.09056,0.00001,0.00000,
0.524,5.09875,0.01861,2.17353,0.00326,0.09489,0.00001,0.00000,
0.525,5.09625,0.01798,1.52946,1.65420,0.09164,0.00001,0.00000,
0.526,5.09750,0.01819,1.79769,2.66352,0.09273,0.00001,0.00000,
0.527,5.09500,0.01798,1.79769,2.66352,0.09162,0.00001,0.00000,
0.528,5.10125,0.01861,3.02212,0.84297,0.09493,0.00001,0.00000,
0.529,5.09625,0.01798,1.60930,0.00163,0.09164,0.00001,0.00000,
0.530,5.10125,0.01777,1.41364,0.00163,0.09067,0.00001,0.00000,
0.531,5.10125,0.01882,1.74055,1.96719,0.09600,0.00001,0.00000,
0.532,5.09500,0.01882,1.70468,0.00408,0.09588,0.00001,0.00000,
0.533,5.09875,0.01903,3.05229,0.01957,0.09702,0.00001,0.00000,
0.534,5.09875,0.01798,3.22186,0.00000,0.09169,0.00001,0.00000,
0.535,5.09750,0.01903,1.51799,0.01060,0.09700,0.00001,0.00000,
0.536,5.09875,0.01924,1.13727,1.29461,0.09809,0.00001,0.00000,
0.537,5.09500,0.01798,1.57424,0.00408,0.09162,0.00001,0.00000,
0.538,5.09750,0.01903,1.57424,0.00408,0.09700,0.00001,0.00000,
0.539,5.09750,0.01819,3.06103,1.50810,0.09273,0.00001,0.00000,
0.540,5.09750,0.01777,0.58286,1.32060,0.09060,0.00001,0.00000,
0.541,5.09750,0.01777,1.04425,0.49156,0.09060,0.00001,0.00000,
0.542,5.09625,0.01840,1.48201,0.00326,0.09377,0.00001,0.00000,
0.543,5.09875,0.01756,1.88471,0.00326,0.08956,0.00001,0.00000,
0.544,5.09875,0.01840,3.07081,1.70863,0.09382,0.00001,0.00000,
0.545,5.09625,0.01798,2.91918,1.32142,0.09164,0.00001,0.00000,
0.546,5.09375,0.01798,2.27274,1.07197,0.09160,0.00001,0.00000,
0.547,5.09875,0.01736,3.07162,0.03994,0.08849,0.00001,0.00000,
0.548,5.09625,0.01777,3.13765,0.00978,0.09058,0.00001,0.00000,
0.549,5.09625,0.01798,3.13765,0.00978,0.09164,0.00001,0.00000,
0.550,5.09875,0.01798,0.66682,2.05590,0.09169,0.00001,0.00000,
0.551,5.09875,0.01882,3.08793,0.39781,0.09595,0.00001,0.00000,
0.552,5.09625,0.01924,3.08304,0.12472,0.09804,0.00001,0.00000,
0.553,5.09625,0.01736,3.05369,0.02527,0.08845,0.00001,0.00000,
0.554,5.09875,0.01756,1.24642,1.36299,0.08956,0.00001,0.00000,
0.555,5.09750,0.01840,1.63527,1.76977,0.09380,0.00001,0.00000,
0.556,5.09625,0.01861,3.08467,0.33586,0.09484,0.00001,0.00000,
0.557,5.09500,0.01777,3.06347,0.01793,0.09056,0.00001,0.00000,
0.558,5.09500,0.01736,3.07815,0.09619,0.08843,0.00001,0.00000,
0.559,5.09875,0.01736,1.22278,1.68255,0.08849,0.00001,0.00000,
0.560,5.10125,0.01798,1.22278,1.68255,0.09173,0.00001,0.00000,
0.561,5.09625,0.01798,1.04589,1.62712,0.09164,0.00001,0.00000,
0.562,5.09750,0.01736,1.91243,0.00326,0.08847,0.00001,0.00000,
0.563,5.09625,0.01819,3.04962,0.01549,0.09271,0.00001,0.00000,
0.564,5.09875,0.01819,0.82416,1.15023,0.09275,0.00001,0.00000,
0.565,5.09875,0.01819,2.94202,1.22115,0.09275,0.00001,0.00000,
0.566,5.09875,0.01924,3.09364,0.48830,0.09809,0.00001,0.00000,
0.567,5.09875,0.01882,2.37138,0.00326,0.09595,0.00001,0.00000,
0.568,5.10125,0.01882,1.68826,0.00897,0.09600,0.00001,0.00000,
0.569,5.09625,0.01756,3.07000,0.01467,0.08951,0.00001,0.00000,
0.570,5.09750,0.01882,3.07081,0.05788,0.09593,0.00001,0.00000,
0.571,5.09750,0.01861,3.07081,0.05788,0.09486,0.00001,0.00000,
0.572,5.09625,0.01819,2.41788,2.64695,0.09271,0.00001,0.00000,
0.573,5.09750,0.01966,3.05211,0.02120,0.10019,0.00001,0.00000,
0.574,5.09750,0.01861,1.73638,1.96219,0.09486,0.00001,0.00000,
0.575,5.09500,0.01840,3.08798,0.40597,0.09375,0.00001,0.00000,
0.576,5.09500,0.01882,2.99341,0.96112,0.09588,0.00001,0.00000,
0.577,5.09625,0.01882,1.86599,0.00408,0.09591,0.00001,0.00000,
0.578,5.09875,0.01861,3.07901,0.12391,0.09489,0.00001,0.00000,
0.579,5.09875,0.01715,1.64426,0.00408,0.08742,0.00002,0.00000,
0.580,5.09750,0.01777,3.05048,1.21139,0.09060,0.00002,0.00000,
0.581,5.09750,0.01840,1.42334,0.00652,0.09380,0.00002,0.00000,
0.582,5.09625,0.01903,1.42334,0.00652,0.09697,0.00002,0.00000,
0.583,5.09750,0.01777,1.74291,1.17063,0.09060,0.00002,0.00000,
0.584,5.09625,0.01840,0.46222,0.90814,0.09377,0.00002,0.00000,
0.585,5.09625,0.01903,2.69996,1.96546,0.09697,0.00002,0.00000,
0.586,5.09625,0.01903,0.92852,1.67361,0.09697,0.00002,0.00000,
0.587,5.09875,0.01861,3.09125,0.58124,0.09489,0.00002,0.00000,
0.588,5.09875,0.01840,3.07087,0.04728,0.09382,0.00002,0.00000,
0.589,5.09750,0.01903,3.07984,0.08804,0.09700,0.00002,0.00000,
0.590,5.09875,0.01840,3.07740,0.00978,0.09382,0.00002,0.00000,
0.591,5.09625,0.01882,3.08636,0.23478,0.09591,0.00002,0.00000,
0.592,5.09500,0.01840,3.00892,0.84863,0.09375,0.00002,0.00000,
0.593,5.09875,0.01903,3.00892,0.84863,0.09702,0.00002,0.00000,
0.594,5.09625,0.01777,3.06859,0.01467,0.09058,0.00002,0.00000,
0.595,5.09625,0.01777,1.19271,1.22287,0.09058,0.00002,0.00000,
0.596,5.10125,0.01819,2.45389,2.67727,0.09280,0.00002,0.00000,
0.597,5.10000,0.01840,1.65088,0.04973,0.09384,0.00002,0.00000,
0.598,5.09875,0.01777,1.06308,1.17396,0.09062,0.00002,0.00000,
0.599,5.09625,0.01819,1.34027,0.00408,0.09271,0.00002,0.00000,
0.600,5.09625,0.01840,2.67320,2.45552,0.09377,0.00002,0.00000,
0.601,5.10125,0.01986,0.55926,0.97830,0.10133,0.00002,0.00000,
0.602,5.10000,0.01819,3.07267,0.06114,0.09278,0.00002,0.00000,
0.603,5.09750,0.01903,3.05473,0.01549,0.09700,0.00002,0.00000,
0.604,5.09750,0.01903,3.05473,0.01549,0.09700,0.00002,0.00000,
0.605,5.09875,0.01903,0.56499,1.81645,0.09702,0.00002,0.00000,
0.606,5.09750,0.01840,3.07770,0.07827,0.09380,0.00002,0.00000,
0.607,5.09875,0.01756,3.08830,0.43536,0.08956,0.00002,0.00000,
0.608,5.09875,0.01819,3.07607,0.05055,0.09275,0.00002,0.00000,
0.609,5.09625,0.01756,3.09482,0.47205,0.08951,0.00002,0.00000,
0.610,5.09625,0.01756,3.09401,0.87317,0.08951,0.00002,0.00000,
0.611,5.09875,0.01798,2.80621,0.00489,0.09169,0.00002,0.00000,
0.612,5.09875,0.01840,3.08993,0.45330,0.09382,0.00002,0.00000,
0.613,5.09875,0.01798,3.05243,0.02283,0.09169,0.00002,0.00000,
0.614,5.09750,0.01798,2.61217,0.00408,0.09167,0.00002,0.00000,
0.615,5.09750,0.01840,2.61217,0.00408,0.09380,0.00002,0.00000,
0.616,5.09875,0.01882,1.54682,1.66587,0.09595,0.00002,0.00000,
0.617,5.09875,0.01882,1.92925,0.00408,0.09595,0.00002,0.00000,
0.618,5.09750,0.01882,3.09446,0.53817,0.09593,0.00002,0.00000,
0.619,5.09875,0.01966,1.31362,0.00652,0.10022,0.00002,0.00000,
0.620,5.09625,0.01840,3.07734,0.07665,0.09377,0.00002,0.00000,
0.621,5.09625,0.01819,3.07816,0.10763,0.09271,0.00002,0.00000,
0.622,5.09625,0.01819,3.08794,0.39955,0.09271,0.00002,0.00000,
0.623,5.09625,0.01903,3.08713,0.02120,0.09697,0.00002,0.00000,
0.624,5.09875,0.01819,0.66456,1.48893,0.09275,0.00002,0.00000,
0.625,5.10000,0.01798,3.09039,0.68657,0.09171,0.00002,0.00000,
0.626,5.09625,0.01756,3.09039,0.68657,0.08951,0.00002,0.00000,
0.627,5.09750,0.01861,0.85454,2.19426,0.09486,0.00002,0.00000,
0.628,5.09875,0.01861,3.11729,0.00652,0.09489,0.00002,0.00000,
0.629,5.09750,0.01694,3.07571,0.05219,0.08634,0.00002,0.00000,
0.630,5.10000,0.01736,1.88359,1.49790,0.08851,0.00002,0.00000,
0.631,5.10000,0.01736,2.28150,0.00571,0.08851,0.00002,0.00000,
0.632,5.09875,0.01798,3.08060,0.14433,0.09169,0.00002,0.00000,
0.633,5.09750,0.01798,3.05125,0.01875,0.09167,0.00002,0.00000,
0.634,5.09875,0.01756,1.79471,0.00489,0.08956,0.00002,0.00000,
0.635,5.09750,0.01882,3.11893,0.01142,0.09593,0.00002,0.00000,
0.636,5.09750,0.01903,1.63326,0.45500,0.09700,0.00002,0.00000,
0.637,5.09625,0.01798,1.63326,0.45500,0.09164,0.00002,0.00000,
0.638,5.09500,0.01882,2.67290,2.46008,0.09588,0.00002,0.00000,
0.639,5.09625,0.01945,1.24349,0.06116,0.09910,0.00002,0.00000,
0.640,5.09625,0.01777,3.06674,1.72785,0.09058,0.00002,0.00000,
0.641,5.09500,0.01777,3.08305,0.14922,0.09056,0.00002,0.00000,
0.642,5.09625,0.01903,3.08387,0.14270,0.09697,0.00002,0.00000,
0.643,5.09500,0.01882,3.05533,0.01631,0.09588,0.00002,0.00000,
0.644,5.09875,0.01777,2.87675,1.57700,0.09062,0.00002,0.00000,
0.645,5.09750,0.01736,3.03657,0.88227,0.08847,0.00002,0.00000,
0.646,5.09875,0.01861,2.28966,1.44408,0.09489,0.00002,0.00000,
0.647,5.10000,0.01861,2.32146,2.59136,0.09491,0.00002,0.00000,
0.648,5.09875,0.01882,2.32146,2.59136,0.09595,0.00002,0.00000,
0.649,5.09875,0.01694,2.40219,2.93384,0.08636,0.00002,0.00000,
0.650,5.10000,0.01694,2.54081,0.00489,0.08638,0.00002,0.00000,
0.651,5.09750,0.01945,3.07409,0.03914,0.09913,0.00002,0.00000,
0.652,5.09875,0.01903,3.06104,1.45550,0.09702,0.00002,0.00000,
0.653,5.09875,0.01798,3.05533,0.02365,0.09169,0.00002,0.00000,
0.654,5.09625,0.01903,2.17632,1.10651,0.09697,0.00002,0.00000,
0.655,5.09625,0.01945,3.09202,0.46152,0.09910,0.00002,0.00000,
0.656,5.09875,0.01798,3.09447,0.54469,0.09169,0.00002,0.00000,
0.657,5.09875,0.01819,3.09529,0.97604,0.09275,0.00002,0.00000,
0.658,5.09875,0.01882,2.97461,0.00571,0.09595,0.00002,0.00000,
0.659,5.09875,0.01882,2.97461,0.00571,0.09595,0.00002,0.00000,
0.660,5.09625,0.01777,2.27010,2.54408,0.09058,0.00002,0.00000,
0.661,5.09500,0.01777,2.15431,0.00408,0.09056,0.00002,0.00000,
0.662,5.09500,0.01798,3.09203,0.39710,0.09162,0.00002,0.00000,
0.663,5.09750,0.01715,2.45112,0.00000,0.08740,0.00002,0.00000,
0.664,5.09375,0.01736,1.55173,2.55468,0.08840,0.00002,0.00000,
0.665,5.10125,0.01756,3.08551,1.49057,0.08960,0.00002,0.00000,
0.666,5.09750,0.01924,0.47131,2.01080,0.09806,0.00002,0.00000,
0.667,5.09750,0.01736,3.09367,1.11385,0.08847,0.00002,0.00000,
0.668,5.09500,0.01736,3.09203,0.47946,0.08843,0.00002,0.00000,
0.669,5.09625,0.01840,3.08307,1.58679,0.09377,0.00002,0.00000,
0.670,5.09750,0.01903,3.08307,1.58679,0.09700,0.00002,0.00000,
0.671,5.09750,0.01840,3.08307,1.58679,0.09380,0.00002,0.00000,
0.672,5.09500,0.01798,0.44358,1.18071,0.09162,0.00002,0.00000,
0.673,5.09875,0.01966,3.05615,0.01794,0.10022,0.00002,0.00000,
0.674,5.09750,0.01882,1.48323,0.00326,0.09593,0.00002,0.00000,
0.675,5.09625,0.01882,3.07735,0.06849,0.09591,0.00002,0.00000,
0.676,5.09625,0.01882,3.05941,0.08562,0.09591,0.00002,0.00000,
0.677,5.09625,0.01882,3.08387,0.08888,0.09591,0.00002,0.00000,
0.678,5.10000,0.01945,3.08306,1.68137,0.09918,0.00002,0.00000,
0.679,5.09875,0.01777,3.07817,0.03425,0.09062,0.00002,0.00000,
0.680,5.09750,0.01777,3.08387,0.13291,0.09060,0.00002,0.00000,
0.681,5.09875,0.01777,3.07898,0.04648,0.09062,0.00002,0.00000,
0.682,5.09500,0.01882,3.07898,0.04648,0.09588,0.00002,0.00000,
0.683,5.09875,0.01736,3.05854,0.01794,0.08849,0.00002,0.00000,
0.684,5.09625,0.01819,3.08627,1.80121,0.09271,0.00002,0.00000,
0.685,5.09625,0.01882,3.01859,0.84149,0.09591,0.00002,0.00000,
0.686,5.09750,0.01882,3.07974,0.06605,0.09593,0.00002,0.00000,
0.687,5.09500,0.01966,3.08871,1.59247,0.10014,0.00002,0.00000,
0.688,5.09750,0.01756,1.57453,1.82485,0.08953,0.00002,0.00000,
0.689,5.09625,0.01882,1.66259,1.33072,0.09591,0.00002,0.00000,
0.690,5.09750,0.01903,3.03164,0.83823,0.09700,0.00002,0.00000,
0.691,5.09625,0.01819,3.08301,0.11579,0.09271,0.00002,0.00000,
0.692,5.09625,0.01819,2.13389,0.00326,0.09271,0.00002,0.00000,
0.693,5.09375,0.01903,2.13389,0.00326,0.09692,0.00002,0.00000,
0.694,5.10000,0.01798,2.73714,2.20390,0.09171,0.00002,0.00000,
0.695,5.10000,0.01798,1.30864,0.00815,0.09171,0.00002,0.00000,
0.696,5.09625,0.01756,0.73056,1.45785,0.08951,0.00002,0.00000,
0.697,5.09875,0.01945,3.08693,0.23482,0.09915,0.00002,0.00000,
0.698,5.09625,0.01715,3.13911,0.00815,0.08738,0.00002,0.00000,
0.699,5.09500,0.01798,3.08367,1.70246,0.09162,0.00002,0.00000,
0.700,5.09750,0.01840,1.45704,0.00326,0.09380,0.00002,0.00000,
0.701,5.09875,0.01777,3.09345,0.51041,0.09062,0.00002,0.00000,
0.702,5.09375,0.01798,2.22755,0.00326,0.09160,0.00002,0.00000,
0.703,5.09375,0.01736,0.52590,0.01875,0.08840,0.00002,0.00000,
0.704,5.09625,0.01736,0.52590,0.01875,0.08845,0.00002,0.00000,
0.705,5.09625,0.01819,3.09068,0.27801,0.09271,0.00002,0.00000,
0.706,5.09875,0.01840,1.99007,0.00489,0.09382,0.00002,0.00000,
0.707,5.09875,0.01819,2.33655,1.84413,0.09275,0.00002,0.00000,
0.708,5.09500,0.01777,3.09231,0.40111,0.09056,0.00002,0.00000,
0.709,5.09875,0.01840,0.70684,0.78429,0.09382,0.00002,0.00000,
0.710,5.09750,0.01715,1.82294,2.19959,0.08740,0.00002,0.00000,
0.711,5.09875,0.01903,1.06311,1.31502,0.09702,0.00002,0.00000,
0.712,5.09875,0.01903,1.77076,2.66103,0.09702,0.00002,0.00000,
0.713,5.10000,0.01903,3.05317,0.01957,0.09704,0.00002,0.00000,
0.714,5.09875,0.01861,3.07111,1.86615,0.09489,0.00002,0.00000,
0.715,5.09750,0.01798,3.07111,1.86615,0.09167,0.00002,0.00000,
0.716,5.09750,0.01903,1.57424,2.56151,0.09700,0.00002,0.00000,
0.717,5.09750,0.01861,2.85907,0.00489,0.09486,0.00002,0.00000,
0.718,5.09625,0.01882,3.05962,1.41934,0.09591,0.00002,0.00000,
0.719,5.09875,0.01861,0.52176,1.11689,0.09489,0.00002,0.00000,
0.720,5.09875,0.01903,3.08326,0.13125,0.09702,0.00002,0.00000,
0.721,5.09875,0.01819,3.06614,0.00897,0.09275,0.00002,0.00000,
0.722,5.10000,0.01819,3.07185,0.05951,0.09278,0.00002,0.00000,
0.723,5.09625,0.01777,3.05392,0.01957,0.09058,0.00002,0.00000,
0.724,5.09625,0.01840,2.87701,2.56966,0.09377,0.00002,0.00000,
0.725,5.09500,0.01798,3.08489,0.13207,0.09162,0.00002,0.00000,
0.726,5.09750,0.01756,3.08489,0.13207,0.08953,0.00002,0.00000,
0.727,5.09625,0.01777,2.04791,0.02853,0.09058,0.00002,0.00000,
0.728,5.09875,0.01798,3.08572,0.21849,0.09169,0.00002,0.00000,
0.729,5.09500,0.01736,0.39132,1.68431,0.08843,0.00002,0.00000,
0.730,5.09500,0.01819,1.58159,0.13696,0.09269,0.00002,0.00000,
0.731,5.09625,0.01819,3.09551,0.54133,0.09271,0.00002,0.00000,
0.732,5.09625,0.01840,3.09224,0.99379,0.09377,0.00002,0.00000,
0.733,5.10000,0.01777,3.05393,0.02038,0.09064,0.00002,0.00000,
0.734,5.09875,0.01819,3.08654,0.23153,0.09275,0.00002,0.00000,
0.735,5.09875,0.01882,3.09714,0.74840,0.09595,0.00002,0.00000,
0.736,5.09750,0.01986,1.68920,1.75849,0.10126,0.00002,0.00000,
0.737,5.09500,0.01882,1.68920,1.75849,0.09588,0.00002,0.00000,
0.738,5.10125,0.01966,0.43942,1.39978,0.10027,0.00002,0.00000,
0.739,5.10125,0.01903,1.48375,1.60930,0.09707,0.00002,0.00000,
0.740,5.09875,0.01903,3.08734,1.72425,0.09702,0.00002,0.00000,
0.741,5.09875,0.01756,3.06452,1.42505,0.08956,0.00002,0.00000,
0.742,5.09875,0.01882,2.62021,2.69195,0.09595,0.00002,0.00000,
0.743,5.09875,0.01777,0.64405,0.00000,0.09062,0.00002,0.00000,
0.744,5.09750,0.01736,3.07349,1.86855,0.08847,0.00002,0.00000,
0.745,5.09750,0.01903,3.07675,0.06033,0.09700,0.00002,0.00000,
0.746,5.09500,0.01798,1.71447,1.01743,0.09162,0.00002,0.00000,
0.747,5.09750,0.01861,1.03618,1.14542,0.09486,0.00002,0.00000,
0.748,5.09750,0.01903,1.03618,1.14542,0.09700,0.00002,0.00000,
0.749,5.09875,0.01903,2.02916,0.02853,0.09702,0.00002,0.00000,
0.750,5.09625,0.01798,3.08980,1.05167,0.09164,0.00002,0.00000,
0.751,5.10000,0.01945,3.08572,0.16713,0.09918,0.00002,0.00000,
0.752,5.09750,0.01882,2.27455,2.89658,0.09593,0.00002,0.00000,
0.753,5.09750,0.01798,3.05474,0.01957,0.09167,0.00002,0.00000,
0.754,5.09875,0.01861,3.09306,0.51524,0.09489,0.00002,0.00000,
0.755,5.09625,0.01840,3.07186,0.02038,0.09377,0.00002,0.00000,
0.756,5.09875,0.01736,3.04414,0.00571,0.08849,0.00002,0.00000,
0.757,5.09875,0.01777,3.08572,1.76420,0.09062,0.00002,0.00000,
0.758,5.09625,0.01777,0.78183,1.94763,0.09058,0.00002,0.00000,
0.759,5.09500,0.01903,0.78183,1.94763,0.09695,0.00002,0.00000,
0.760,5.10000,0.01777,1.56120,1.75034,0.09064,0.00002,0.00000,
0.761,5.09750,0.01736,3.04577,1.04759,0.08847,0.00002,0.00000,
0.762,5.10000,0.01777,0.76878,0.85683,0.09064,0.00002,0.00000,
0.763,5.09875,0.01861,3.05474,0.02038,0.09489,0.00002,0.00000,
0.764,5.09750,0.01736,1.62887,2.57537,0.08847,0.00002,0.00000,
0.765,5.10000,0.01798,1.60115,0.03913,0.09171,0.00002,0.00000,
0.766,5.09875,0.01861,1.38185,0.00326,0.09489,0.00002,0.00000,
0.767,5.09875,0.01861,0.60002,0.84949,0.09489,0.00002,0.00000,
0.768,5.09875,0.01840,1.25874,2.39275,0.09382,0.00002,0.00000,
0.769,5.10000,0.01777,3.06044,1.47560,0.09064,0.00002,0.00000,
0.770,5.09875,0.01840,3.06044,1.47560,0.09382,0.00002,0.00000,
0.771,5.09625,0.01903,0.44594,1.44381,0.09697,0.00002,0.00000,
0.772,5.09625,0.01798,0.52910,1.68349,0.09164,0.00002,0.00000,
0.773,5.10125,0.01861,3.05393,0.02120,0.09493,0.00002,0.00000,
0.774,5.09875,0.01882,0.82340,0.79324,0.09595,0.00002,0.00000,
0.775,5.09500,0.01777,3.07921,0.09783,0.09056,0.00002,0.00000,
0.776,5.09500,0.01924,1.98514,0.00652,0.09801,0.00002,0.00000,
0.777,5.09750,0.01924,2.93328,1.30766,0.09806,0.00002,0.00000,
0.778,5.09875,0.01798,2.13433,0.12473,0.09169,0.00002,0.00000,
0.779,5.09625,0.01840,1.84247,2.20689,0.09377,0.00002,0.00000,
0.780,5.09625,0.01736,1.52207,0.08153,0.08845,0.00002,0.00000,
0.781,5.09750,0.01777,1.52207,0.08153,0.09060,0.00002,0.00000,
0.782,5.09625,0.01819,2.10580,0.30001,0.09271,0.00002,0.00000,
0.783,5.09875,0.01798,3.08084,0.11006,0.09169,0.00002,0.00000,
0.784,5.09625,0.01861,2.16450,0.10517,0.09484,0.00002,0.00000,
0.785,5.09625,0.01861,3.07677,0.06277,0.09484,0.00002,0.00000,
0.786,5.10125,0.01903,3.14606,0.00897,0.09707,0.00002,0.00000,
0.787,5.09625,0.01903,3.03601,0.99950,0.09697,0.00002,0.00000,
0.788,5.10125,0.01798,3.08818,0.30735,0.09173,0.00002,0.00000,
0.789,5.09750,0.01903,0.70356,2.05607,0.09700,0.00002,0.00000,
0.790,5.09750,0.01903,1.36555,0.16631,0.09700,0.00002,0.00000,
0.791,5.09875,0.01777,2.09846,2.81507,0.09062,0.00002,0.00000,
0.792,5.09625,0.01903,2.09846,2.81507,0.09697,0.00002,0.00000,
0.793,5.09500,0.01903,3.05645,0.01712,0.09695,0.00002,0.00000,
0.794,5.09875,0.01777,2.11481,2.30640,0.09062,0.00002,0.00000,
0.795,5.09875,0.01777,3.08417,1.52293,0.09062,0.00002,0.00000,
0.796,5.09500,0.01777,3.08173,0.06848,0.09056,0.00002,0.00000,
0.797,5.09875,0.01882,1.78300,0.13370,0.09595,0.00002,0.00000,
0.798,5.09625,0.01819,1.07290,0.16387,0.09271,0.00002,0.00000,
0.799,5.09625,0.01736,2.35613,0.68320,0.08845,0.00002,0.00000,
0.800,5.09625,0.01840,2.92927,1.33297,0.09377,0.00002,0.00000,
0.801,5.09875,0.01694,3.06950,0.01631,0.08636,0.00002,0.00000,
0.802,5.09875,0.01819,0.52830,2.05041,0.09275,0.00002,0.00000,
0.803,5.09875,0.01798,0.52830,2.05041,0.09169,0.00002,0.00000,
0.804,5.10000,0.01798,1.41531,0.06033,0.09171,0.00002,0.00000,
0.805,5.10000,0.01861,3.19994,0.01223,0.09491,0.00002,0.00000,
0.806,5.09500,0.01840,3.08417,0.11740,0.09375,0.00002,0.00000,
0.807,5.09750,0.01756,2.28439,2.46864,0.08953,0.00002,0.00000,
0.808,5.09625,0.01903,3.04341,1.41613,0.09697,0.00002,0.00000,
0.809,5.09625,0.01903,0.75168,1.99660,0.09697,0.00002,0.00000,
0.810,5.09875,0.01777,2.39934,1.88002,0.09062,0.00002,0.00000,
0.811,5.09750,0.01756,3.08906,0.29024,0.08953,0.00002,0.00000,
0.812,5.09750,0.01819,1.68272,1.82376,0.09273,0.00002,0.00000,
0.813,5.09625,0.01819,3.05564,0.02201,0.09271,0.00002,0.00000,
0.814,5.09875,0.01777,3.05564,0.02201,0.09062,0.00002,0.00000,
0.815,5.09500,0.01736,2.28276,2.55832,0.08843,0.00002,0.00000,
0.816,5.10000,0.01924,3.07031,0.01712,0.09811,0.00002,0.00000,
0.817,5.09750,0.01882,1.77403,0.38155,0.09593,0.00002,0.00000,
0.818,5.09625,0.01840,1.51804,1.65663,0.09377,0.00002,0.00000,
0.819,5.09500,0.01777,1.74876,2.15313,0.09056,0.00002,0.00000,
0.820,5.09750,0.01840,2.97656,1.07616,0.09380,0.00002,0.00000,
0.821,5.09750,0.01861,2.27053,0.00652,0.09486,0.00002,0.00000,
0.822,5.09750,0.01861,2.17841,0.25192,0.09486,0.00002,0.00000,
0.823,5.09625,0.01798,1.71778,0.01223,0.09164,0.00002,0.00000,
0.824,5.09750,0.01736,3.05401,1.34601,0.08847,0.00002,0.00000,
0.825,5.09625,0.01798,3.05401,1.34601,0.09164,0.00002,0.00000,
0.826,5.09750,0.01736,1.97866,0.00652,0.08847,0.00002,0.00000,
0.827,5.09875,0.01798,1.42835,1.70066,0.09169,0.00002,0.00000,
0.828,5.10000,0.01861,0.75249,0.78184,0.09491,0.00002,0.00000,
0.829,5.09750,0.01924,0.46470,1.47238,0.09806,0.00002,0.00000,
0.830,5.09750,0.01798,0.50465,1.61179,0.09167,0.00002,0.00000,
0.831,5.09625,0.01798,3.07276,1.83925,0.09164,0.00002,0.00000,
0.832,5.09750,0.01924,2.33494,2.92112,0.09806,0.00002,0.00000,
0.833,5.09500,0.01924,2.33494,2.92112,0.09801,0.00002,0.00000,
0.834,5.09750,0.01756,3.05237,0.01631,0.08953,0.00002,0.00000,
0.835,5.09750,0.01882,1.69739,0.96365,0.09593,0.00002,0.00000,
0.836,5.09875,0.01840,2.11970,0.03669,0.09382,0.00002,0.00000,
0.837,5.09625,0.01798,2.11970,0.03669,0.09164,0.00002,0.00000,
0.838,5.09625,0.01903,2.08302,0.30736,0.09697,0.00002,0.00000,
0.839,5.09625,0.01840,3.09478,0.68646,0.09377,0.00002,0.00000,
0.840,5.09750,0.01840,0.63265,2.30804,0.09380,0.00002,0.00000,
0.841,5.09625,0.01736,0.59678,0.85848,0.08845,0.00002,0.00000,
0.842,5.09750,0.01756,2.20776,2.38467,0.08953,0.00002,0.00000,
0.843,5.09875,0.01819,3.05483,0.01631,0.09275,0.00002,0.00000,
0.844,5.09625,0.01840,1.11937,1.22046,0.09377,0.00002,0.00000,
0.845,5.09625,0.01924,3.08092,0.10762,0.09804,0.00002,0.00000,
0.846,5.09500,0.01819,2.19145,0.47367,0.09269,0.00002,0.00000,
0.847,5.09625,0.01945,1.05089,2.29662,0.09910,0.00002,0.00000,
0.848,5.09625,0.01903,1.05089,2.29662,0.09697,0.00002,0.00000,
0.849,5.09875,0.01903,2.13926,1.70880,0.09702,0.00002,0.00000,
0.850,5.09875,0.01819,3.08008,0.06114,0.09275,0.00002,0.00000,
0.851,5.09500,0.01861,0.63672,0.78999,0.09482,0.00002,0.00000,
0.852,5.09750,0.01840,1.70635,2.61619,0.09380,0.00002,0.00000,
0.853,5.09750,0.01756,3.05562,0.01304,0.08953,0.00002,0.00000,
0.854,5.10000,0.01819,1.99822,0.00000,0.09278,0.00002,0.00000,
0.855,5.09375,0.01861,0.73537,1.75201,0.09479,0.00002,0.00000,
0.856,5.09750,0.01736,0.87152,2.22160,0.08847,0.00002,0.00000,
0.857,5.09750,0.01798,3.06703,1.54167,0.09167,0.00002,0.00000,
0.858,5.09625,0.01798,3.07355,0.03913,0.09164,0.00002,0.00000,
0.859,5.09500,0.01819,3.07355,0.03913,0.09269,0.00002,0.00000,
0.860,5.09750,0.01819,1.38348,1.12749,0.09273,0.00002,0.00000,
0.861,5.09750,0.01756,3.06942,0.01875,0.08953,0.00002,0.00000,
0.862,5.09500,0.01694,3.09877,1.04352,0.08629,0.00002,0.00000,
0.863,5.09750,0.01861,0.36686,0.02283,0.09486,0.00002,0.00000,
0.864,5.09750,0.01861,3.04985,1.13238,0.09486,0.00002,0.00000,
0.865,5.09875,0.01882,2.17427,0.00163,0.09595,0.00002,0.00000,
0.866,5.09875,0.01945,3.08572,1.45033,0.09915,0.00002,0.00000,
0.867,5.09625,0.01945,3.09551,0.60247,0.09910,0.00002,0.00000,
0.868,5.09750,0.01861,3.09306,0.35056,0.09486,0.00002,0.00000,
0.869,5.09875,0.01861,1.62887,2.59576,0.09489,0.00002,0.00000,
0.870,5.09875,0.01945,1.62887,2.59576,0.09915,0.00002,0.00000,
0.871,5.10000,0.01882,1.02230,1.13643,0.09598,0.00002,0.00000,
0.872,5.10000,0.01798,3.07097,0.02364,0.09171,0.00002,0.00000,
0.873,5.10000,0.01840,3.05466,0.01467,0.09384,0.00002,0.00000,
0.874,5.09625,0.01861,1.97367,1.00273,0.09484,0.00002,0.00000,
0.875,5.09625,0.01798,1.12991,1.23670,0.09164,0.00002,0.00000,
0.876,5.09500,0.01798,0.93996,1.13480,0.09162,0.00002,0.00000,
0.877,5.09750,0.01777,3.06526,0.01304,0.09060,0.00002,0.00000,
0.878,5.09750,0.01756,3.09705,0.60245,0.08953,0.00002,0.00000,
0.879,5.09750,0.01903,2.20193,2.36987,0.09700,0.00002,0.00000,
0.880,5.09750,0.01840,1.93780,2.01769,0.09380,0.00002,0.00000,
0.881,5.09625,0.01798,1.93780,2.01769,0.09164,0.00002,0.00000,
0.882,5.09875,0.01840,3.07098,1.02230,0.09382,0.00002,0.00000,
0.883,5.09750,0.01882,3.05875,0.02120,0.09593,0.00002,0.00000,
0.884,5.09750,0.01861,2.27205,2.54597,0.09486,0.00002,0.00000,
0.885,5.09750,0.01861,2.39678,2.94217,0.09486,0.00002,0.00000,
0.886,5.09500,0.01903,1.79514,0.13451,0.09695,0.00002,0.00000,
0.887,5.09625,0.01945,3.08157,1.88318,0.09910,0.00002,0.00000,
0.888,5.09625,0.01819,3.08483,0.15082,0.09271,0.00002,0.00000,
0.889,5.09750,0.01882,1.23181,1.18127,0.09593,0.00002,0.00000,
0.890,5.09875,0.01882,1.21469,1.33209,0.09595,0.00002,0.00000,
0.891,5.09750,0.01736,0.73941,1.11279,0.08847,0.00002,0.00000,
0.892,5.09625,0.01777,0.73941,1.11279,0.09058,0.00002,0.00000,
0.893,5.10125,0.01882,3.06039,0.01957,0.09600,0.00002,0.00000,
0.894,5.10000,0.01736,2.34869,2.55168,0.08851,0.00002,0.00000,
0.895,5.10000,0.01736,0.82991,0.81279,0.08851,0.00002,0.00000,
0.896,5.09750,0.01840,1.12584,1.93292,0.09380,0.00002,0.00000,
0.897,5.09750,0.01861,1.96390,1.26769,0.09486,0.00002,0.00000,
0.898,5.09875,0.01736,2.48972,2.98457,0.08849,0.00002,0.00000,
0.899,5.09625,0.01756,1.08752,1.40057,0.08951,0.00002,0.00000,
0.900,5.09875,0.01736,1.34269,1.81634,0.08849,0.00002,0.00000,
0.901,5.09625,0.01819,1.58563,1.26361,0.09271,0.00002,0.00000,
0.902,5.09625,0.01840,1.93863,2.29570,0.09377,0.00002,0.00000,
0.903,5.09750,0.01777,1.93863,2.29570,0.09060,0.00002,0.00000,
0.904,5.09750,0.01777,2.11882,0.03750,0.09060,0.00002,0.00000,
0.905,5.09875,0.01924,3.06532,0.01141,0.09809,0.00002,0.00000,
0.906,5.09625,0.01882,0.96606,1.26118,0.09591,0.00002,0.00000,
0.907,5.10000,0.01756,2.16203,0.10272,0.08958,0.00002,0.00000,
0.908,5.10000,0.01840,0.46306,1.41689,0.09384,0.00002,0.00000,
0.909,5.09750,0.01882,1.81636,1.96555,0.09593,0.00002,0.00000,
0.910,5.10125,0.01777,2.51992,1.84571,0.09067,0.00002,0.00000,
0.911,5.10125,0.01798,2.94955,1.98186,0.09173,0.00002,0.00000,
0.912,5.09750,0.01798,0.52094,1.12259,0.09167,0.00002,0.00000,
0.913,5.09250,0.01756,3.05716,0.01957,0.08945,0.00002,0.00000,
0.914,5.09375,0.01756,3.05716,0.01957,0.08947,0.00002,0.00000,
0.915,5.09625,0.01736,1.81147,0.90166,0.08845,0.00002,0.00000,
0.916,5.09875,0.01777,1.53999,1.99245,0.09062,0.00002,0.00000,
0.917,5.09375,0.01819,0.36278,1.82614,0.09266,0.00002,0.00000,
0.918,5.09875,0.01903,1.25792,1.76907,0.09702,0.00002,0.00000,
0.919,5.09875,0.01756,1.62804,0.44023,0.08956,0.00002,0.00000,
0.920,5.09875,0.01882,0.69785,1.34026,0.09595,0.00002,0.00000,
0.921,5.09875,0.01882,1.72994,0.94079,0.09595,0.00002,0.00000,
0.922,5.09625,0.01882,1.37287,1.48048,0.09591,0.00002,0.00000,
0.923,5.09875,0.01819,3.05715,0.01304,0.09275,0.00002,0.00000,
0.924,5.09750,0.01798,0.64486,2.03321,0.09167,0.00002,0.00000,
0.925,5.09625,0.01840,0.64486,2.03321,0.09377,0.00002,0.00000,
0.926,5.09750,0.01798,1.56690,0.06930,0.09167,0.00002,0.00000,
0.927,5.10125,0.01840,3.02375,0.82584,0.09387,0.00002,0.00000,
0.928,5.09500,0.01819,0.70356,2.15062,0.09269,0.00002,0.00000,
0.929,5.09750,0.01819,0.41822,1.33456,0.09273,0.00002,0.00000,
0.930,5.09750,0.01736,2.11801,0.03179,0.08847,0.00002,0.00000,
0.931,5.09875,0.01736,2.30878,0.23235,0.08849,0.00002,0.00000,
0.932,5.09750,0.01798,1.37043,1.84164,0.09167,0.00002,0.00000,
0.933,5.09750,0.01819,3.05717,0.01957,0.09273,0.00002,0.00000,
0.934,5.09500,0.01798,1.72424,0.03832,0.09162,0.00002,0.00000,
0.935,5.10000,0.01840,3.09386,0.46958,0.09384,0.00002,0.00000,
0.936,5.09750,0.01924,3.09386,0.46958,0.09806,0.00002,0.00000,
0.937,5.09750,0.01736,1.82943,1.89383,0.08847,0.00002,0.00000,
0.938,5.09875,0.01861,3.09633,0.93102,0.09489,0.00002,0.00000,
0.939,5.09875,0.01819,2.02509,1.62154,0.09275,0.00002,0.00000,
0.940,5.09750,0.01819,0.89515,0.64976,0.09273,0.00002,0.00000,
0.941,5.09750,0.01882,2.34630,2.59576,0.09593,0.00002,0.00000,
0.942,5.09625,0.01798,2.96996,1.11445,0.09164,0.00002,0.00000,
0.943,5.10000,0.01882,1.53594,0.02527,0.09598,0.00002,0.00000,
0.944,5.09625,0.01861,1.03211,1.50740,0.09484,0.00002,0.00000,
0.945,5.10000,0.01819,3.07269,0.03913,0.09278,0.00002,0.00000,
0.946,5.09875,0.01819,0.46959,0.91227,0.09275,0.00002,0.00000,
0.947,5.09750,0.01924,0.46959,0.91227,0.09806,0.00002,0.00000,
0.948,5.09750,0.01819,0.81037,0.88538,0.09273,0.00002,0.00000,
0.949,5.09625,0.01819,2.02186,0.00408,0.09271,0.00002,0.00000,
0.950,5.09875,0.01777,1.34437,0.15898,0.09062,0.00002,0.00000,
0.951,5.10000,0.01840,2.29986,0.25599,0.09384,0.00002,0.00000,
0.952,5.10000,0.01924,0.67993,0.76961,0.09811,0.00002,0.00000,
0.953,5.09625,0.01798,3.05643,0.02038,0.09164,0.00002,0.00000,
0.954,5.09750,0.01966,2.11806,0.09620,0.10019,0.00002,0.00000,
0.955,5.10125,0.01861,2.68141,2.43520,0.09493,0.00002,0.00000,
0.956,5.10125,0.01840,1.18540,0.03261,0.09387,0.00002,0.00000,
0.957,5.10125,0.01798,1.27181,0.02690,0.09173,0.00002,0.00000,
0.958,5.10000,0.01798,1.27181,0.02690,0.09171,0.00002,0.00000,
0.959,5.10000,0.01945,1.89796,1.49929,0.09918,0.00002,0.00000,
0.960,5.09375,0.01756,2.09036,2.26809,0.08947,0.00002,0.00000,
0.961,5.09500,0.01736,0.62939,1.44548,0.08843,0.00002,0.00000,
0.962,5.09875,0.01882,0.80631,0.90169,0.09595,0.00002,0.00000,
0.963,5.09750,0.01819,3.05646,0.02120,0.09273,0.00002,0.00000,
0.964,5.10000,0.01840,1.84578,0.08153,0.09384,0.00002,0.00000,
0.965,5.09500,0.01840,3.07847,0.12474,0.09375,0.00003,0.00000,
0.966,5.09500,0.01756,0.52585,1.17644,0.08949,0.00003,0.00000,
0.967,5.09875,0.01756,0.69869,2.05857,0.08956,0.00003,0.00000,
0.968,5.09875,0.01819,1.30525,0.15246,0.09275,0.00003,0.00000,
0.969,5.09875,0.01819,1.30525,0.15246,0.09275,0.00003,0.00000,
0.970,5.09875,0.01882,3.02234,1.67219,0.09595,0.00003,0.00000,
0.971,5.09625,0.01882,2.46548,1.76106,0.09591,0.00003,0.00000,
0.972,5.09875,0.01819,0.90744,1.01506,0.09275,0.00003,0.00000,
0.973,5.09625,0.01819,3.05658,0.01468,0.09271,0.00003,0.00000,
0.974,5.09625,0.01882,0.82509,1.86297,0.09591,0.00003,0.00000,
0.975,5.09625,0.01736,3.07207,0.03669,0.08845,0.00003,0.00000,
0.976,5.09875,0.01736,0.67100,1.31427,0.08849,0.00003,0.00000,
0.977,5.09875,0.01840,0.52832,1.11126,0.09382,0.00003,0.00000,
0.978,5.09875,0.01840,0.53158,1.11045,0.09382,0.00003,0.00000,
0.979,5.09875,0.01777,1.07050,1.41945,0.09062,0.00003,0.00000,
0.980,5.09750,0.01756,1.07050,1.41945,0.08953,0.00003,0.00000,
0.981,5.09625,0.01924,1.49364,1.91760,0.09804,0.00003,0.00000,
0.982,5.09500,0.01798,1.99994,0.09376,0.09162,0.00003,0.00000,
0.983,5.09750,0.01756,3.09082,0.41254,0.08953,0.00003,0.00001,
0.984,5.09750,0.01736,1.50994,1.06316,0.08847,0.00003,0.00001,
0.985,5.09750,0.01736,3.08674,1.32569,0.08847,0.00003,0.00001,
0.986,5.09875,0.01840,1.45777,0.02283,0.09382,0.00003,0.00001,
0.987,5.09500,0.01840,0.42477,1.34851,0.09375,0.00003,0.00001,
0.988,5.09875,0.01798,0.81938,0.90662,0.09169,0.00003,0.00001,
0.989,5.09750,0.01861,1.83444,0.89602,0.09486,0.00003,0.00001,
0.990,5.09625,0.01903,2.33340,0.24215,0.09697,0.00003,0.00001,
0.991,5.09625,0.01840,2.33340,0.24215,0.09377,0.00003,0.00001,
0.992,5.09750,0.01945,1.29960,0.05707,0.09913,0.00003,0.00001,
0.993,5.09750,0.01945,3.05822,0.01712,0.09913,0.00003,0.00001,
0.994,5.09625,0.01798,1.69747,0.08398,0.09164,0.00003,0.00001,
0.995,5.09625,0.01798,1.69747,0.08398,0.09164,0.00003,0.00001,
0.996,5.10000,0.01986,2.30813,0.01468,0.10131,0.00003,0.00001,
0.997,5.09875,0.01861,2.54457,0.83080,0.09489,0.00003,0.00001,
0.998,5.09500,0.01840,1.24579,1.21807,0.09375,0.00003,0.00001,
0.999,5.09875,0.01945,2.99218,0.87075,0.09915,0.00003,0.00001,
1.000,5.09750,0.01798,2.42309,2.94896,0.09167,0.00003,0.00001,
1.001,5.09750,0.01840,0.66855,1.51158,0.09380,0.00003,0.00001,
1.002,5.09750,0.01840,0.50141,1.19850,0.09380,0.00003,0.00001,
1.003,5.09875,0.01840,0.50141,1.19850,0.09382,0.00003,0.00001,
1.004,5.09875,0.01798,2.72230,1.33873,0.09169,0.00003,0.00001,
1.005,5.09750,0.01777,3.07614,0.04484,0.09060,0.00003,0.00001,
1.006,5.09875,0.01882,0.72807,2.04234,0.09595,0.00003,0.00001,
1.007,5.09500,0.01819,1.75861,1.40395,0.09269,0.00003,0.00001,
1.008,5.09875,0.01882,2.87558,1.94695,0.09595,0.00003,0.00001,
1.009,5.09750,0.01861,0.59680,1.90618,0.09486,0.00003,0.00001,
1.010,5.09750,0.01840,0.66692,1.32161,0.09380,0.00003,0.00001,
1.011,5.09750,0.01903,0.52832,1.12023,0.09700,0.00003,0.00001,
1.012,5.09875,0.01903,2.15485,1.22459,0.09702,0.00003,0.00001,
1.013,5.09625,0.01861,3.05576,0.01712,0.09484,0.00003,0.00001,
1.014,5.09625,0.01819,3.05576,0.01712,0.09271,0.00003,0.00001,
1.015,5.09875,0.01924,1.09004,1.38925,0.09809,0.00003,0.00001,
1.016,5.09750,0.01924,3.07609,0.04647,0.09806,0.00003,0.00001,
1.017,5.09875,0.01861,1.35257,2.44913,0.09489,0.00003,0.00001,
1.018,5.09750,0.01861,2.45076,2.67578,0.09486,0.00003,0.00001,
1.019,5.09625,0.01840,0.55603,1.77733,0.09377,0.00003,0.00001,
1.020,5.09625,0.01840,0.66446,2.10752,0.09377,0.00003,0.00001,
1.021,5.09625,0.01840,0.47205,1.35990,0.09377,0.00003,0.00001,
1.022,5.09500,0.01756,2.26569,1.49524,0.08949,0.00003,0.00001,
1.023,5.10000,0.01924,1.61264,0.01060,0.09811,0.00003,0.00001,
1.024,5.09750,0.01840,1.23190,1.34849,0.09380,0.00003,0.00001,
1.025,5.09875,0.01777,1.23190,1.34849,0.09062,0.00003,0.00001,
1.026,5.10000,0.01756,2.90149,2.06504,0.08958,0.00003,0.00001,
1.027,5.09750,0.01756,1.13565,1.33702,0.08953,0.00003,0.00001,
1.028,5.09875,0.01715,1.84410,0.57801,0.08742,0.00003,0.00001,
1.029,5.09875,0.01903,2.20363,2.48326,0.09702,0.00003,0.00001,
1.030,5.09875,0.01903,1.46827,0.14185,0.09702,0.00003,0.00001,
1.031,5.09750,0.01882,1.68187,1.76665,0.09593,0.00003,0.00001,
1.032,5.10000,0.01840,3.06046,0.98483,0.09384,0.00003,0.00001,
1.033,5.09750,0.01798,3.05149,0.01957,0.09167,0.00003,0.00001,
1.034,5.09875,0.01798,1.52126,1.97943,0.09169,0.00003,0.00001,
1.035,5.09750,0.01861,3.05394,1.27506,0.09486,0.00003,0.00001,
1.036,5.09625,0.01840,3.05394,1.27506,0.09377,0.00003,0.00001,
1.037,5.09750,0.01736,0.85194,1.05657,0.08847,0.00003,0.00001,
1.038,5.09750,0.01924,0.77938,0.87640,0.09806,0.00003,0.00001,
1.039,5.09625,0.01924,1.20413,0.03343,0.09804,0.00003,0.00001,
1.040,5.10125,0.01861,2.32347,2.53136,0.09493,0.00003,0.00001,
1.041,5.09750,0.01798,2.85094,0.87069,0.09167,0.00003,0.00001,
1.042,5.09750,0.01861,1.92318,0.18751,0.09486,0.00003,0.00001,
1.043,5.09750,0.01882,3.05068,0.01794,0.09593,0.00003,0.00001,
1.044,5.09875,0.01840,0.53073,1.68432,0.09382,0.00003,0.00001,
1.045,5.09750,0.01903,1.49110,0.00326,0.09700,0.00003,0.00001,
1.046,5.09875,0.01840,2.21342,0.00815,0.09382,0.00003,0.00001,
1.047,5.09875,0.01840,2.21342,0.00815,0.09382,0.00003,0.00001,
1.048,5.09875,0.01840,2.14576,1.21473,0.09382,0.00003,0.00001,
1.049,5.09750,0.01924,0.67666,2.06097,0.09806,0.00003,0.00001,
1.050,5.10000,0.01840,0.59269,0.87803,0.09384,0.00003,0.00001,
1.051,5.09500,0.01777,1.47398,0.13941,0.09056,0.00003,0.00001,
1.052,5.09875,0.01756,2.76127,0.63998,0.08956,0.00003,0.00001,
1.053,5.09750,0.01840,3.05232,0.01794,0.09380,0.00003,0.00001,
1.054,5.09625,0.01777,1.57508,1.25549,0.09058,0.00003,0.00001,
1.055,5.09875,0.01756,3.12814,0.00652,0.08956,0.00003,0.00001,
1.056,5.09625,0.01819,2.14983,0.27637,0.09271,0.00003,0.00001,
1.057,5.09625,0.01819,2.69198,2.27375,0.09271,0.00003,0.00001,
1.058,5.09750,0.01819,2.69198,2.27375,0.09273,0.00003,0.00001,
1.059,5.09750,0.01903,2.68713,0.59841,0.09700,0.00003,0.00001,
1.060,5.09875,0.01777,3.06704,0.01794,0.09062,0.00003,0.00001,
1.061,5.09875,0.01861,2.00882,0.12718,0.09489,0.00003,0.00001,
1.062,5.09625,0.02007,1.95502,2.00801,0.10230,0.00003,0.00001,
1.063,5.09750,0.01819,2.09850,1.75201,0.09273,0.00003,0.00001,
1.064,5.09750,0.01861,0.49731,2.03980,0.09486,0.00003,0.00001,
1.065,5.09500,0.01966,3.13227,0.00815,0.10014,0.00003,0.00001,
1.066,5.09500,0.01819,0.66934,1.30443,0.09269,0.00003,0.00001,
1.067,5.09750,0.01819,1.10877,0.09294,0.09273,0.00003,0.00001,
1.068,5.09625,0.01924,2.93579,2.03410,0.09804,0.00003,0.00001,
1.069,5.09875,0.01840,2.93579,2.03410,0.09382,0.00003,0.00001,
1.070,5.09875,0.01819,2.04796,0.03424,0.09275,0.00003,0.00001,
1.071,5.09750,0.01756,0.90984,1.41123,0.08953,0.00003,0.00001,
1.072,5.10000,0.01777,1.71451,1.68679,0.09064,0.00003,0.00001,
1.073,5.09875,0.01819,3.05400,0.01712,0.09275,0.00003,0.00001,
1.074,5.09500,0.01924,2.50206,1.93790,0.09801,0.00003,0.00001,
1.075,5.09500,0.01924,0.45900,1.38107,0.09801,0.00003,0.00001,
1.076,5.09750,0.01736,1.62402,1.00197,0.08847,0.00003,0.00001,
1.077,5.09875,0.01945,1.34927,1.12018,0.09915,0.00003,0.00001,
1.078,5.09625,0.01882,3.05726,1.46585,0.09591,0.00003,0.00001,
1.079,5.09750,0.01882,2.07568,0.03995,0.09593,0.00003,0.00001,
1.080,5.09750,0.01924,2.07568,0.03995,0.09806,0.00003,0.00001,
1.081,5.09875,0.01903,0.86093,1.08105,0.09702,0.00003,0.00001,
1.082,5.09625,0.01777,1.77566,2.15639,0.09058,0.00003,0.00001,
1.083,5.09500,0.01945,3.05482,0.02609,0.09908,0.00003,0.00001,
1.084,5.09500,0.01903,2.53386,1.95665,0.09695,0.00003,0.00001,
1.085,5.09875,0.01903,1.47890,1.60527,0.09702,0.00003,0.00001,
1.086,5.09625,0.01756,0.78918,1.47564,0.08951,0.00003,0.00001,
1.087,5.09625,0.01819,2.91786,2.11237,0.09271,0.00003,0.00001,
1.088,5.09750,0.01882,2.16373,0.11251,0.09593,0.00003,0.00001,
1.089,5.09875,0.01819,1.47809,0.06115,0.09275,0.00003,0.00001,
1.090,5.09875,0.01798,0.36198,1.86453,0.09169,0.00003,0.00001,
1.091,5.09750,0.01777,0.36198,1.86453,0.09060,0.00003,0.00001,
1.092,5.09750,0.01798,1.81316,0.55602,0.09167,0.00003,0.00001,
1.093,5.09750,0.01777,3.04993,0.01794,0.09060,0.00003,0.00001,
1.094,5.09500,0.01798,2.30477,1.04518,0.09162,0.00003,0.00001,
1.095,5.09500,0.01798,3.07765,0.04239,0.09162,0.00003,0.00001,
1.096,5.10000,0.01819,1.43406,1.93708,0.09278,0.00003,0.00001,
1.097,5.09750,0.01798,1.95665,0.31062,0.09167,0.00003,0.00001,
1.098,5.09625,0.01777,1.89061,0.08723,0.09058,0.00003,0.00001,
1.099,5.09750,0.01945,0.68972,1.25878,0.09913,0.00003,0.00001,
1.100,5.09625,0.01903,2.38385,2.71485,0.09697,0.00003,0.00001,
1.101,5.09625,0.01861,1.68924,1.59793,0.09484,0.00003,0.00001,
1.102,5.09625,0.01945,1.68924,1.59793,0.09910,0.00003,0.00001,
1.103,5.09625,0.01945,2.21429,0.98730,0.09910,0.00003,0.00001,
1.104,5.09625,0.01945,2.94803,1.23514,0.09910,0.00003,0.00001,
1.105,5.09625,0.01840,1.47483,0.00000,0.09377,0.00003,0.00001,
1.106,5.09625,0.01840,1.74061,0.92371,0.09377,0.00003,0.00001,
1.107,5.09750,0.01798,2.08629,0.03098,0.09167,0.00003,0.00001,
1.108,5.09750,0.01882,3.10293,1.20498,0.09593,0.00003,0.00001,
1.109,5.09625,0.01819,1.56288,0.15246,0.09271,0.00003,0.00001,
1.110,5.09750,0.01840,1.28895,1.13486,0.09380,0.00003,0.00001,
1.111,5.09750,0.01777,1.91916,0.18099,0.09060,0.00003,0.00001,
1.112,5.09625,0.01777,2.25016,1.81969,0.09058,0.00003,0.00001,
1.113,5.09625,0.01840,2.25016,1.81969,0.09377,0.00003,0.00001,
1.114,5.09500,0.01798,2.24038,1.69741,0.09162,0.00003,0.00001,
1.115,5.09625,0.01798,3.09723,0.76310,0.09164,0.00003,0.00001,
1.116,5.09750,0.01903,1.65909,0.55113,0.09700,0.00003,0.00001,
1.117,5.09500,0.01819,3.12658,1.13405,0.09269,0.00003,0.00001,
1.118,5.09750,0.01882,1.47891,0.06115,0.09593,0.00003,0.00001,
1.119,5.09875,0.01903,2.16048,0.30247,0.09702,0.00003,0.00001,
1.120,5.09875,0.01819,1.47483,1.59550,0.09275,0.00003,0.00001,
1.121,5.09625,0.01819,2.27217,0.24703,0.09271,0.00003,0.00001,
1.122,5.09625,0.01777,3.05729,1.03377,0.09058,0.00003,0.00001,
1.123,5.09750,0.01924,3.05402,0.01957,0.09806,0.00003,0.00001,
1.124,5.10000,0.01756,3.05402,0.01957,0.08958,0.00003,0.00001,
1.125,5.09625,0.01924,0.93024,1.38518,0.09804,0.00003,0.00001,
1.126,5.09875,0.01903,2.04556,0.29921,0.09702,0.00003,0.00001,
1.127,5.09500,0.01777,2.76383,1.45692,0.09056,0.00003,0.00001,
1.128,5.10125,0.01966,1.30446,0.15654,0.10027,0.00003,0.00001,
1.129,5.10125,0.01673,1.30120,0.14838,0.08533,0.00003,0.00001,
1.130,5.09750,0.01673,2.94645,2.00072,0.08527,0.00003,0.00001,
1.131,5.09625,0.01819,1.57351,1.71455,0.09271,0.00003,0.00001,
1.132,5.09750,0.01861,1.36398,0.79083,0.09486,0.00003,0.00001,
1.133,5.09625,0.01903,3.04918,0.02201,0.09697,0.00003,0.00001,
1.134,5.10000,0.01882,1.72026,1.37213,0.09598,0.00003,0.00001,
1.135,5.09875,0.01840,1.72026,1.37213,0.09382,0.00003,0.00001,
1.136,5.09625,0.01798,1.35256,0.00815,0.09164,0.00003,0.00001,
1.137,5.09625,0.01924,0.81529,0.86176,0.09804,0.00003,0.00001,
1.138,5.09625,0.01756,2.97335,1.86375,0.08951,0.00003,0.00001,
1.139,5.09875,0.01756,2.06675,0.03180,0.08956,0.00003,0.00001,
1.140,5.09375,0.01756,2.46706,2.69045,0.08947,0.00003,0.00001,
1.141,5.09625,0.01861,1.62731,0.52668,0.09484,0.00003,0.00001,
1.142,5.09500,0.01673,2.83557,2.01620,0.08523,0.00003,0.00001,
1.143,5.09750,0.01777,1.88005,1.45366,0.09060,0.00003,0.00001,
1.144,5.09875,0.01736,1.42186,1.88413,0.08849,0.00003,0.00001,
1.145,5.09625,0.01756,1.14385,1.24576,0.08951,0.00003,0.00001,
1.146,5.09750,0.01861,1.14385,1.24576,0.09486,0.00003,0.00001,
1.147,5.09750,0.01840,2.21269,1.17238,0.09380,0.00003,0.00001,
1.148,5.09750,0.01840,1.34522,0.02609,0.09380,0.00003,0.00001,
1.149,5.09750,0.01903,1.87109,0.03832,0.09700,0.00003,0.00001,
1.150,5.09750,0.01882,2.72795,1.35256,0.09593,0.00003,0.00001,
1.151,5.09750,0.01840,1.31914,1.72270,0.09380,0.00003,0.00001,
1.152,5.10000,0.01840,0.63756,2.01784,0.09384,0.00003,0.00001,
1.153,5.09875,0.01861,3.05733,0.02038,0.09489,0.00003,0.00001,
1.154,5.09625,0.01840,1.97544,0.12392,0.09377,0.00003,0.00001,
1.155,5.10000,0.01903,3.09483,0.55847,0.09704,0.00003,0.00001,
1.156,5.10000,0.01882,1.10471,0.51200,0.09598,0.00003,0.00001,
1.157,5.09625,0.01882,1.10471,0.51200,0.09591,0.00003,0.00001,
1.158,5.09500,0.01736,1.10471,0.51200,0.08843,0.00003,0.00001,
1.159,5.10000,0.01798,1.78304,1.22375,0.09171,0.00003,0.00001,
1.160,5.09625,0.01924,2.95788,1.17810,0.09804,0.00003,0.00001,
1.161,5.09750,0.01798,1.68521,0.16143,0.09167,0.00003,0.00001,
1.162,5.09500,0.01819,2.28526,0.23643,0.09269,0.00003,0.00001,
1.163,5.09875,0.01840,2.90733,1.66646,0.09382,0.00003,0.00001,
1.164,5.09875,0.01777,2.22085,1.33708,0.09062,0.00003,0.00001,
1.165,5.09875,0.01777,3.07528,0.12392,0.09062,0.00003,0.00001,
1.166,5.09750,0.01777,2.99946,1.65912,0.09060,0.00003,0.00001,
1.167,5.09750,0.01756,1.82055,1.48546,0.08953,0.00003,0.00001,
1.168,5.09625,0.01840,1.60042,1.76755,0.09377,0.00003,0.00001,
1.169,5.09750,0.01882,1.60042,1.76755,0.09593,0.00003,0.00001,
1.170,5.09750,0.01861,2.16947,1.21070,0.09486,0.00003,0.00001,
1.171,5.09875,0.01945,2.16377,0.10273,0.09915,0.00003,0.00001,
1.172,5.09750,0.01819,1.65748,0.08071,0.09273,0.00003,0.00001,
1.173,5.09750,0.01798,3.05324,0.02283,0.09167,0.00003,0.00001,
1.174,5.09750,0.01903,2.08876,0.67913,0.09700,0.00003,0.00001,
1.175,5.09875,0.01903,3.12988,0.01060,0.09702,0.00003,0.00001,
1.176,5.09750,0.01945,2.16458,0.10354,0.09913,0.00003,0.00001,
1.177,5.09625,0.01840,2.56978,1.92897,0.09377,0.00003,0.00001,
1.178,5.09625,0.01819,2.17029,0.28861,0.09271,0.00003,0.00001,
1.179,5.09750,0.01756,0.90578,1.73900,0.08953,0.00003,0.00001,
1.180,5.09750,0.01840,0.90578,1.73900,0.09380,0.00003,0.00001,
1.181,5.10125,0.01736,2.69447,0.70847,0.08853,0.00003,0.00001,
1.182,5.09875,0.01736,1.17399,1.28568,0.08849,0.00003,0.00001,
1.183,5.09625,0.01798,1.59060,0.92941,0.09164,0.00003,0.00001,
1.184,5.09625,0.01798,1.36476,1.56206,0.09164,0.00003,0.00001,
1.185,5.09500,0.01903,0.53319,1.16258,0.09695,0.00003,0.00001,
1.186,5.09750,0.01777,1.78789,0.07827,0.09060,0.00003,0.00001,
1.187,5.09625,0.01882,0.85440,1.80175,0.09591,0.00003,0.00001,
1.188,5.09625,0.01903,0.85359,1.09083,0.09697,0.00003,0.00001,
1.189,5.09500,0.01840,2.13438,1.23025,0.09375,0.00003,0.00001,
1.190,5.09625,0.01861,1.04518,0.22175,0.09484,0.00003,0.00001,
1.191,5.09750,0.01840,1.04518,0.22175,0.09380,0.00003,0.00001,
1.192,5.09750,0.01819,1.11689,1.21716,0.09273,0.00003,0.00001,
1.193,5.09750,0.01945,2.24029,1.80088,0.09913,0.00003,0.00001,
1.194,5.10125,0.01924,2.63324,0.63589,0.09813,0.00003,0.00001,
1.195,5.10125,0.01924,3.06940,1.66554,0.09813,0.00003,0.00001,
1.196,5.09875,0.01819,0.93916,1.80903,0.09275,0.00003,0.00001,
1.197,5.09750,0.01819,0.84215,1.06389,0.09273,0.00003,0.00001,
1.198,5.09750,0.01882,1.53348,1.77397,0.09593,0.00003,0.00001,
1.199,5.09875,0.01798,1.64027,0.15164,0.09169,0.00003,0.00001,
1.200,5.09625,0.01715,2.03648,0.11821,0.08738,0.00003,0.00001,
1.201,5.09625,0.01777,1.45114,1.90197,0.09058,0.00003,0.00001,
1.202,5.09875,0.01777,1.45114,1.90197,0.09062,0.00003,0.00001,
1.203,5.09500,0.01882,2.27940,2.90795,0.09588,0.00003,0.00001,
1.204,5.09625,0.01819,2.09842,0.60246,0.09271,0.00003,0.00001,
1.205,5.09875,0.01819,2.97806,1.05899,0.09275,0.00003,0.00001,
1.206,5.09750,0.01840,1.90928,0.43289,0.09380,0.00003,0.00001,
1.207,5.09625,0.01882,1.86119,0.15326,0.09591,0.00003,0.00001,
1.208,5.09875,0.01840,2.10983,0.72638,0.09382,0.00003,0.00001,
1.209,5.09625,0.01945,2.17587,1.12014,0.09910,0.00003,0.00001,
1.210,5.09625,0.01924,1.39650,0.15979,0.09804,0.00003,0.00001,
1.211,5.09625,0.01924,2.37641,1.59297,0.09804,0.00003,0.00001,
1.212,5.09875,0.01777,2.32261,0.21767,0.09062,0.00003,0.00001,
1.213,5.10000,0.01903,2.32261,0.21767,0.09704,0.00003,0.00001,
1.214,5.09750,0.01903,1.79516,3.00008,0.09700,0.00003,0.00001,
1.215,5.09750,0.01777,2.92100,1.34270,0.09060,0.00003,0.00001,
1.216,5.09625,0.01840,1.85304,0.03587,0.09377,0.00003,0.00001,
1.217,5.09500,0.01777,1.81146,1.87260,0.09056,0.00003,0.00001,
1.218,5.09750,0.01777,1.81961,2.76121,0.09060,0.00003,0.00001,
1.219,5.09875,0.01777,1.03128,1.21145,0.09062,0.00003,0.00001,
1.220,5.09875,0.01861,1.98185,0.77611,0.09489,0.00003,0.00001,
1.221,5.09875,0.01861,2.68295,0.70600,0.09489,0.00003,0.00001,
1.222,5.09875,0.01924,1.89462,2.22723,0.09809,0.00003,0.00001,
1.223,5.09750,0.01673,0.84459,1.06633,0.08527,0.00003,0.00001,
1.224,5.09750,0.01882,0.84459,1.06633,0.09593,0.00003,0.00001,
1.225,5.09625,0.01840,2.11391,2.31283,0.09377,0.00003,0.00001,
1.226,5.10000,0.01903,3.12644,1.09486,0.09704,0.00003,0.00001,
1.227,5.09875,0.01798,2.97154,1.84896,0.09169,0.00003,0.00001,
1.228,5.09875,0.01924,1.45683,1.92967,0.09809,0.00003,0.00001,
1.229,5.09875,0.01756,1.10628,1.47232,0.08956,0.00003,0.00001,
1.230,5.09500,0.01756,2.61284,0.81687,0.08949,0.00003,0.00001,
1.231,5.09500,0.01840,2.32506,1.83265,0.09375,0.00003,0.00001,
1.232,5.09875,0.01840,2.93812,1.97369,0.09382,0.00003,0.00001,
1.233,5.09750,0.01756,3.07671,1.35982,0.08953,0.00003,0.00001,
1.234,5.09750,0.01861,1.48047,1.59868,0.09486,0.00003,0.00001,
1.235,5.09875,0.01840,1.48047,1.59868,0.09382,0.00003,0.00001,
1.236,5.09875,0.01840,1.49108,1.66309,0.09382,0.00003,0.00001,
1.237,5.09625,0.01903,0.86823,0.69948,0.09697,0.00003,0.00001,
1.238,5.09625,0.01777,1.44787,1.49026,0.09058,0.00003,0.00001,
1.239,5.09500,0.01777,1.74462,1.82044,0.09056,0.00003,0.00001,
1.240,5.09500,0.01966,2.05930,2.04137,0.10014,0.00003,0.00001,
1.241,5.09625,0.01861,1.35330,1.78049,0.09484,0.00003,0.00001,
1.242,5.09750,0.01819,2.82889,2.23458,0.09273,0.00003,0.00001,
1.243,5.09875,0.01924,1.82696,1.32232,0.09809,0.00003,0.00001,
1.244,5.09625,0.01861,1.47396,1.88729,0.09484,0.00003,0.00001,
1.245,5.09500,0.01756,0.52176,1.16335,0.08949,0.00003,0.00001,
1.246,5.09750,0.01840,0.52176,1.16335,0.09380,0.00003,0.00001,
1.247,5.09750,0.01819,2.11882,1.25384,0.09273,0.00003,0.00001,
1.248,5.09875,0.01819,1.21471,1.34434,0.09275,0.00003,0.00001,
1.249,5.09875,0.01840,1.77560,1.64027,0.09382,0.00003,0.00001,
1.250,5.09875,0.01840,3.03515,0.93671,0.09382,0.00003,0.00001,
1.251,5.09750,0.01756,0.38643,1.20493,0.08953,0.00003,0.00001,
1.252,5.09625,0.01819,1.66065,1.74299,0.09271,0.00003,0.00001,
1.253,5.09750,0.01798,2.23703,2.74492,0.09167,0.00003,0.00001,
1.254,5.09750,0.01777,2.30388,0.22256,0.09060,0.00003,0.00001,
1.255,5.09625,0.01882,3.06776,0.02609,0.09591,0.00003,0.00001,
1.256,5.09625,0.01861,1.56201,0.04565,0.09484,0.00003,0.00001,
1.257,5.09625,0.01861,1.56201,0.04565,0.09484,0.00003,0.00001,
1.258,5.09875,0.01819,2.53303,0.72314,0.09275,0.00003,0.00001,
1.259,5.09500,0.01903,1.81560,0.90087,0.09695,0.00003,0.00001,
1.260,5.09750,0.01882,1.66885,0.14756,0.09593,0.00003,0.00001,
1.261,5.09750,0.01777,1.92810,1.53759,0.09060,0.00003,0.00001,
1.262,5.09625,0.01903,2.40748,0.91962,0.09697,0.00003,0.00001,
1.263,5.09625,0.01861,2.06996,1.09816,0.09484,0.00003,0.00001,
1.264,5.09750,0.01861,0.67096,1.93707,0.09486,0.00003,0.00001,
1.265,5.09750,0.01903,3.07029,0.03506,0.09700,0.00003,0.00001,
1.266,5.09750,0.01903,2.42215,1.63950,0.09700,0.00003,0.00001,
1.267,5.09625,0.01924,2.71239,0.89761,0.09804,0.00003,0.00001,
1.268,5.09625,0.01861,2.71239,0.89761,0.09484,0.00003,0.00001,
1.269,5.09625,0.01777,2.82006,2.23143,0.09058,0.00003,0.00001,
1.270,5.09625,0.01777,2.57792,1.23271,0.09058,0.00003,0.00001,
1.271,5.09625,0.01882,0.52178,1.65991,0.09591,0.00003,0.00001,
1.272,5.09625,0.01861,1.67133,2.65537,0.09484,0.00003,0.00001,
1.273,5.09750,0.01840,1.73410,0.02201,0.09380,0.00003,0.00001,
1.274,5.09750,0.01882,1.70475,1.63953,0.09593,0.00003,0.00001,
1.275,5.09875,0.01882,3.07035,0.03832,0.09595,0.00003,0.00001,
1.276,5.09625,0.01903,1.93303,0.61391,0.09697,0.00003,0.00001,
1.277,5.09500,0.01798,2.48172,1.42919,0.09162,0.00003,0.00001,
1.278,5.09625,0.01882,2.29746,1.72106,0.09591,0.00003,0.00001,
1.279,5.09875,0.01882,2.29746,1.72106,0.09595,0.00003,0.00001,
1.280,5.09750,0.01861,2.42474,0.81857,0.09486,0.00003,0.00001,
1.281,5.09500,0.01777,0.99142,1.09007,0.09056,0.00003,0.00001,
1.282,5.09375,0.01882,2.20461,0.68568,0.09586,0.00003,0.00001,
1.283,5.09375,0.01777,1.31591,1.11942,0.09053,0.00003,0.00001,
1.284,5.09625,0.01777,1.53279,1.69748,0.09058,0.00003,0.00001,
1.285,5.10125,0.01715,3.08107,0.09865,0.08747,0.00003,0.00001,
1.286,5.09875,0.01882,2.21276,0.42804,0.09595,0.00003,0.00001,
1.287,5.09750,0.01777,2.19890,2.63346,0.09060,0.00003,0.00001,
1.288,5.09875,0.01736,2.07579,1.26863,0.08849,0.00003,0.00001,
1.289,5.09625,0.01819,2.57231,1.22541,0.09271,0.00003,0.00001,
1.290,5.09625,0.01819,2.57231,1.22541,0.09271,0.00003,0.00001,
1.291,5.09875,0.01798,2.21280,1.16592,0.09169,0.00003,0.00001,
1.292,5.09875,0.01715,1.96739,0.18508,0.08742,0.00003,0.00001,
1.293,5.09500,0.01715,1.31431,1.33959,0.08736,0.00003,0.00001,
1.294,5.09750,0.01819,1.93151,1.33551,0.09273,0.00003,0.00001,
1.295,5.09750,0.01819,2.24297,2.86914,0.09273,0.00003,0.00001,
1.296,5.09750,0.01840,1.72116,0.47615,0.09380,0.00003,0.00001,
1.297,5.09500,0.01861,1.10232,1.47411,0.09482,0.00003,0.00001,
1.298,5.09625,0.01903,2.15084,1.22625,0.09697,0.00003,0.00001,
1.299,5.09625,0.01736,1.85977,1.51651,0.08845,0.00003,0.00001,
1.300,5.09750,0.01924,2.21036,0.73950,0.09806,0.00003,0.00001,
1.301,5.09750,0.01882,2.21036,0.73950,0.09593,0.00003,0.00001,
1.302,5.09625,0.01882,2.54953,1.72850,0.09591,0.00003,0.00001,
1.303,5.09625,0.01777,2.17122,1.19283,0.09058,0.00003,0.00001,
1.304,5.10125,0.01736,2.63351,0.54382,0.08853,0.00003,0.00001,
1.305,5.09750,0.01819,1.82634,0.00082,0.09273,0.00003,0.00001,
1.306,5.09750,0.01756,1.36241,2.02609,0.08953,0.00003,0.00001,
1.307,5.09875,0.01736,1.49124,1.92662,0.08849,0.00003,0.00001,
1.308,5.09875,0.01777,2.13208,1.18141,0.09062,0.00003,0.00001,
1.309,5.09875,0.01882,2.61394,0.76070,0.09595,0.00003,0.00001,
1.310,5.09875,0.01819,2.19323,1.89564,0.09275,0.00003,0.00001,
1.311,5.09750,0.01819,1.23278,1.61924,0.09273,0.00003,0.00001,
1.312,5.09625,0.01715,1.23278,1.61924,0.08738,0.00003,0.00001,
1.313,5.09625,0.01882,0.44354,0.91724,0.09591,0.00003,0.00001,
1.314,5.09625,0.01861,1.91520,1.99184,0.09484,0.00003,0.00001,
1.315,5.09875,0.01798,3.08845,0.34081,0.09169,0.00003,0.00001,
1.316,5.09875,0.01903,1.52955,0.04240,0.09702,0.00003,0.00001,
1.317,5.09500,0.01861,2.52832,1.34529,0.09482,0.00003,0.00001,
1.318,5.09750,0.01798,2.52832,1.34529,0.09167,0.00003,0.00001,
1.319,5.09750,0.01924,2.26416,1.07623,0.09806,0.00003,0.00001,
1.320,5.09875,0.01924,2.20871,1.88340,0.09809,0.00003,0.00001,
1.321,5.09625,0.01861,1.73175,0.02528,0.09484,0.00003,0.00001,
1.322,5.09625,0.01777,0.85772,1.06808,0.09058,0.00003,0.00001,
1.323,5.09750,0.01882,3.05258,0.01631,0.09593,0.00003,0.00001,
1.324,5.09625,0.01924,3.05258,0.01631,0.09804,0.00003,0.00001,
1.325,5.09500,0.01715,1.01099,0.30656,0.08736,0.00003,0.00001,
1.326,5.09750,0.01819,2.08395,0.03261,0.09273,0.00003,0.00001,
1.327,5.09750,0.01861,2.70359,0.68487,0.09486,0.00003,0.00001,
1.328,5.09750,0.01798,2.77697,0.63106,0.09167,0.00003,0.00001,
1.329,5.09500,0.01798,2.11330,1.15286,0.09162,0.00003,0.00001,
1.330,5.09875,0.01756,2.27718,0.77374,0.08956,0.00003,0.00001,
1.331,5.09500,0.01861,1.62982,1.68118,0.09482,0.00003,0.00001,
1.332,5.09750,0.01882,2.77371,0.89359,0.09593,0.00003,0.00001,
1.333,5.09625,0.01756,3.06722,1.45290,0.08951,0.00003,0.00001,
1.334,5.09750,0.01840,1.91110,1.45453,0.09380,0.00003,0.00001,
1.335,5.09250,0.01903,1.91110,1.45453,0.09690,0.00003,0.00001,
1.336,5.09625,0.01777,1.18864,1.09325,0.09058,0.00003,0.00001,
1.337,5.09625,0.01798,2.05851,2.04873,0.09164,0.00003,0.00001,
1.338,5.09875,0.01798,1.94519,1.39163,0.09169,0.00003,0.00001,
1.339,5.09625,0.01819,2.49793,0.76797,0.09271,0.00003,0.00001,
1.340,5.09625,0.01861,0.98564,1.29869,0.09484,0.00003,0.00001,
1.341,5.09750,0.01756,2.35689,0.77938,0.08953,0.00003,0.00001,
1.342,5.09875,0.01736,1.80660,0.17609,0.08849,0.00003,0.00001,
1.343,5.09750,0.01819,1.90198,1.55061,0.09273,0.00003,0.00001,
1.344,5.09625,0.01840,3.04089,1.01417,0.09377,0.00003,0.00001,
1.345,5.09875,0.01798,3.00991,0.89107,0.09169,0.00003,0.00001,
1.346,5.09750,0.01924,3.00991,0.89107,0.09806,0.00003,0.00001,
1.347,5.09750,0.01924,1.57890,1.73867,0.09806,0.00003,0.00001,
1.348,5.09750,0.01840,0.73280,1.08412,0.09380,0.00003,0.00001,
1.349,5.09875,0.01840,3.00212,1.65063,0.09382,0.00004,0.00001,
1.350,5.09875,0.01903,1.96853,1.41343,0.09702,0.00004,0.00001,
1.351,5.09875,0.01882,1.35230,2.02722,0.09595,0.00004,0.00001,
1.352,5.09750,0.01819,3.09586,1.31562,0.09273,0.00004,0.00001,
1.353,5.09875,0.01945,3.05266,0.02119,0.09915,0.00004,0.00001,
1.354,5.09625,0.01924,2.95810,2.74780,0.09804,0.00004,0.00001,
1.355,5.09750,0.01715,2.40055,2.60515,0.08740,0.00004,0.00001,
1.356,5.09750,0.01777,2.12422,1.98158,0.09060,0.00004,0.00001,
1.357,5.09625,0.01777,2.12422,1.98158,0.09058,0.00004,0.00001,
1.358,5.09625,0.01861,2.01050,1.24607,0.09484,0.00004,0.00001,
1.359,5.09750,0.01777,1.54027,0.89808,0.09060,0.00004,0.00001,
1.360,5.09500,0.01798,2.51985,1.70489,0.09162,0.00004,0.00001,
1.361,5.10000,0.01777,0.85245,1.08063,0.09064,0.00004,0.00001,
1.362,5.09625,0.01882,1.79454,0.55662,0.09591,0.00004,0.00001,
1.363,5.09750,0.01777,3.05283,0.01793,0.09060,0.00004,0.00001,
1.364,5.09750,0.01798,1.59080,1.78150,0.09167,0.00004,0.00001,
1.365,5.09750,0.01798,3.08543,1.40254,0.09167,0.00004,0.00001,
1.366,5.10000,0.01924,2.08711,0.00570,0.09811,0.00004,0.00001,
1.367,5.09625,0.01903,2.39353,0.99180,0.09697,0.00004,0.00001,
1.368,5.09875,0.01798,2.39353,0.99180,0.09169,0.00004,0.00001,
1.369,5.10000,0.01882,2.80266,2.44081,0.09598,0.00004,0.00001,
1.370,5.09875,0.01882,2.35687,1.61037,0.09595,0.00004,0.00001,
1.371,5.09750,0.01777,1.53050,1.82470,0.09060,0.00004,0.00001,
1.372,5.09750,0.01840,1.12546,1.29498,0.09380,0.00004,0.00001,
1.373,5.09875,0.01882,3.05693,0.01711,0.09595,0.00004,0.00001,
1.374,5.09875,0.01631,1.97628,0.00733,0.08316,0.00004,0.00001,
1.375,5.09500,0.01631,0.38303,1.22570,0.08310,0.00004,0.00001,
1.376,5.09625,0.01798,2.65596,0.73102,0.09164,0.00004,0.00001,
1.377,5.10000,0.01756,1.77906,1.62504,0.08958,0.00004,0.00001,
1.378,5.09875,0.01798,3.08545,1.29416,0.09169,0.00004,0.00001,
1.379,5.09500,0.01777,3.08545,1.29416,0.09056,0.00004,0.00001,
1.380,5.09750,0.01777,1.26401,1.62830,0.09060,0.00004,0.00001,
1.381,5.09500,0.01798,1.77825,1.52154,0.09162,0.00004,0.00001,
1.382,5.09500,0.01840,1.76603,2.47423,0.09375,0.00004,0.00001,
1.383,5.09500,0.01840,1.69757,1.42130,0.09375,0.00004,0.00001,
1.384,5.09375,0.01840,1.95021,1.20615,0.09373,0.00004,0.00001,
1.385,5.10000,0.01882,1.27786,1.62667,0.09598,0.00004,0.00001,
1.386,5.09625,0.01861,1.76847,1.03989,0.09484,0.00004,0.00001,
1.387,5.09750,0.01840,2.07327,1.30802,0.09380,0.00004,0.00001,
1.388,5.09625,0.01819,1.94124,0.34962,0.09271,0.00004,0.00001,
1.389,5.09625,0.01945,1.84100,1.55169,0.09910,0.00004,0.00001,
1.390,5.09875,0.01840,1.84100,1.55169,0.09382,0.00004,0.00001,
1.391,5.09750,0.01903,2.00814,2.70089,0.09700,0.00004,0.00001,
1.392,5.09750,0.01945,1.25835,0.05949,0.09913,0.00004,0.00001,
1.393,5.09750,0.01945,3.05215,0.01793,0.09913,0.00004,0.00001,
1.394,5.09625,0.01903,1.77343,3.01059,0.09697,0.00004,0.00001,
1.395,5.09625,0.01903,3.06682,1.74898,0.09697,0.00004,0.00001,
1.396,5.09375,0.01861,1.10595,1.45965,0.09479,0.00004,0.00001,
1.397,5.09625,0.01882,2.18011,1.19152,0.09591,0.00004,0.00001,
1.398,5.09750,0.01736,2.18337,1.09046,0.08847,0.00004,0.00001,
1.399,5.09750,0.01798,2.66829,0.70578,0.09167,0.00004,0.00001,
1.400,5.09500,0.01966,1.66748,1.70171,0.10014,0.00004,0.00001,
1.401,5.09500,0.01840,1.66748,1.70171,0.09375,0.00004,0.00001,
1.402,5.09875,0.01840,1.81178,2.40674,0.09382,0.00004,0.00001,
1.403,5.09500,0.01882,3.05386,0.01712,0.09588,0.00004,0.00001,
1.404,5.09625,0.01924,1.45236,0.84924,0.09804,0.00004,0.00001,
1.405,5.09625,0.01903,0.36594,1.81259,0.09697,0.00004,0.00001,
1.406,5.09875,0.01798,2.20869,1.16140,0.09169,0.00004,0.00001,
1.407,5.09750,0.01882,2.15653,1.19644,0.09593,0.00004,0.00001,
1.408,5.10000,0.01903,2.70748,1.27631,0.09704,0.00004,0.00001,
1.409,5.09625,0.01840,2.61783,0.64468,0.09377,0.00004,0.00001,
1.410,5.09625,0.01840,2.28448,1.05300,0.09377,0.00004,0.00001,
1.411,5.09500,0.01840,2.33502,1.48740,0.09375,0.00004,0.00001,
1.412,5.09875,0.01924,2.33502,1.48740,0.09809,0.00004,0.00001,
1.413,5.09375,0.01694,3.05651,0.02527,0.08627,0.00004,0.00001,
1.414,5.09750,0.01777,1.08975,1.77685,0.09060,0.00004,0.00001,
1.415,5.09750,0.01819,2.82748,1.80457,0.09273,0.00004,0.00001,
1.416,5.09875,0.01882,2.41179,0.82648,0.09595,0.00004,0.00001,
1.417,5.09500,0.01736,2.36289,1.77359,0.08843,0.00004,0.00001,
1.418,5.10000,0.01819,1.72713,0.16383,0.09278,0.00004,0.00001,
1.419,5.10000,0.01777,2.15342,1.23157,0.09064,0.00004,0.00001,
1.420,5.09625,0.01777,1.62607,1.20712,0.09058,0.00004,0.00001,
1.421,5.09750,0.01694,1.75566,1.59102,0.08634,0.00004,0.00001,
1.422,5.09625,0.01736,2.01241,0.71400,0.08845,0.00004,0.00001,
1.423,5.09625,0.01882,2.01241,0.71400,0.09591,0.00004,0.00001,
1.424,5.09875,0.01798,0.97408,1.30828,0.09169,0.00004,0.00001,
1.425,5.09875,0.01882,3.08608,0.30730,0.09595,0.00004,0.00001,
1.426,5.09500,0.01861,1.80714,1.59276,0.09482,0.00004,0.00001,
1.427,5.09875,0.01966,2.29459,1.08086,0.10022,0.00004,0.00001,
1.428,5.09875,0.01840,2.59456,2.49837,0.09382,0.00004,0.00001,
1.429,5.09875,0.01840,1.61477,1.68487,0.09382,0.00004,0.00001,
1.430,5.09625,0.01798,2.34757,0.00652,0.09164,0.00004,0.00001,
1.431,5.09875,0.01882,2.19677,1.15748,0.09595,0.00004,0.00001,
1.432,5.09750,0.01819,1.72644,1.57972,0.09273,0.00004,0.00001,
1.433,5.09500,0.01777,3.05266,0.01875,0.09056,0.00004,0.00001,
1.434,5.09750,0.01903,3.05266,0.01875,0.09700,0.00004,0.00001,
1.435,5.09750,0.01903,1.71320,1.28021,0.09700,0.00004,0.00001,
1.436,5.09875,0.01798,3.07413,0.04729,0.09169,0.00004,0.00001,
1.437,5.09875,0.01924,1.89014,1.38540,0.09809,0.00004,0.00001,
1.438,5.09750,0.01924,2.50497,1.37643,0.09806,0.00004,0.00001,
1.439,5.09875,0.01945,2.76672,0.53002,0.09915,0.00004,0.00001,
1.440,5.09750,0.01819,1.94722,1.39192,0.09273,0.00004,0.00001,
1.441,5.09875,0.01882,2.28970,1.20438,0.09595,0.00004,0.00001,
1.442,5.09750,0.01903,2.78058,1.54685,0.09700,0.00004,0.00001,
1.443,5.09750,0.01736,3.05375,0.01794,0.08847,0.00004,0.00001,
1.444,5.09875,0.01777,1.47591,1.88444,0.09062,0.00004,0.00001,
1.445,5.09500,0.01945,1.47591,1.88444,0.09908,0.00004,0.00001,
1.446,5.09500,0.01694,2.04915,0.10193,0.08629,0.00004,0.00001,
1.447,5.09625,0.01694,2.34351,0.88228,0.08632,0.00004,0.00001,
1.448,5.10000,0.01756,1.61861,0.14596,0.08958,0.00004,0.00001,
1.449,5.09750,0.01756,1.61453,2.84499,0.08953,0.00004,0.00001,
1.450,5.09625,0.01819,1.64633,1.46531,0.09271,0.00004,0.00001,
1.451,5.09750,0.01715,1.39681,1.56153,0.08740,0.00004,0.00001,
1.452,5.09875,0.01819,1.32016,2.06545,0.09275,0.00004,0.00001,
1.453,5.09750,0.01882,3.05456,0.01957,0.09593,0.00004,0.00001,
1.454,5.09500,0.01903,2.53269,0.83580,0.09695,0.00004,0.00001,
1.455,5.09500,0.01798,3.09370,0.74203,0.09162,0.00004,0.00001,
1.456,5.10125,0.01798,3.09370,0.74203,0.09173,0.00004,0.00001,
1.457,5.09875,0.01882,1.16116,1.25411,0.09595,0.00004,0.00001,
1.458,5.09875,0.01903,1.67324,0.14596,0.09702,0.00004,0.00001,
1.459,5.09500,0.01840,1.78169,0.57242,0.09375,0.00004,0.00001,
1.460,5.09750,0.01861,2.55878,0.69474,0.09486,0.00004,0.00001,
1.461,5.10125,0.01924,0.93447,1.13262,0.09813,0.00004,0.00001,
1.462,5.09875,0.01861,2.33862,0.92713,0.09489,0.00004,0.00001,
1.463,5.09500,0.01777,2.11601,2.91675,0.09056,0.00004,0.00001,
1.464,5.09500,0.01798,2.78139,2.16004,0.09162,0.00004,0.00001,
1.465,5.09625,0.01798,3.07739,0.09133,0.09164,0.00004,0.00001,
1.466,5.09625,0.01924,0.59852,1.00133,0.09804,0.00004,0.00001,
1.467,5.09750,0.01840,0.59852,1.00133,0.09380,0.00004,0.00001,
1.468,5.09500,0.01840,2.42994,0.81623,0.09375,0.00004,0.00001,
1.469,5.10000,0.01861,1.78821,1.54766,0.09491,0.00004,0.00001,
1.470,5.09625,0.01903,1.37479,0.80645,0.09697,0.00004,0.00001,
1.471,5.09875,0.01798,2.74714,2.08258,0.09169,0.00004,0.00001,
1.472,5.09625,0.01924,1.49548,1.80452,0.09804,0.00004,0.00001,
1.473,5.09875,0.01986,3.05537,0.01875,0.10128,0.00004,0.00001,
1.474,5.09875,0.01986,1.63654,3.02438,0.10128,0.00004,0.00001,
1.475,5.09625,0.01777,1.79229,2.65418,0.09058,0.00004,0.00001,
1.476,5.09875,0.01945,1.91949,2.38917,0.09915,0.00004,0.00001,
1.477,5.09500,0.01819,1.77435,2.69495,0.09269,0.00004,0.00001,
1.478,5.09500,0.01736,1.77435,2.69495,0.08843,0.00004,0.00001,
1.479,5.09875,0.01903,1.71483,3.02847,0.09702,0.00004,0.00001,
1.480,5.09625,0.01819,1.71483,3.02847,0.09271,0.00004,0.00001,
1.481,5.09500,0.01777,2.27094,1.79229,0.09056,0.00004,0.00001,
1.482,5.09500,0.01777,1.30956,1.60393,0.09056,0.00004,0.00001,
1.483,5.09625,0.01777,3.05782,0.01712,0.09058,0.00004,0.00001,
1.484,5.09750,0.01777,0.94263,1.89014,0.09060,0.00004,0.00001,
1.485,5.09875,0.01861,0.60749,1.94641,0.09489,0.00004,0.00001,
1.486,5.09875,0.01777,0.70126,1.81920,0.09062,0.00004,0.00001,
1.487,5.09750,0.01840,2.95834,2.69578,0.09380,0.00004,0.00001,
1.488,5.09625,0.01861,1.85182,1.53951,0.09484,0.00004,0.00001,
1.489,5.09625,0.01798,2.03203,2.20000,0.09164,0.00004,0.00001,
1.490,5.09625,0.01715,2.03203,2.20000,0.08738,0.00004,0.00001,
1.491,5.09625,0.01861,1.75558,0.57160,0.09484,0.00004,0.00001,
1.492,5.09625,0.01861,2.75527,0.64744,0.09484,0.00004,0.00001,
1.493,5.09625,0.01861,3.05289,0.01794,0.09484,0.00004,0.00001,
1.494,5.09750,0.01882,1.74498,1.59331,0.09593,0.00004,0.00001,
1.495,5.09625,0.01882,2.15839,0.00326,0.09591,0.00004,0.00001,
1.496,5.09750,0.01861,2.47151,1.73030,0.09486,0.00004,0.00001,
1.497,5.09500,0.01715,2.50005,0.88880,0.08736,0.00004,0.00001,
1.498,5.09750,0.01861,2.65660,0.69962,0.09486,0.00004,0.00001,
1.499,5.09625,0.01798,1.95943,1.32178,0.09164,0.00004,0.00001,
1.500,5.09750,0.01798,1.52318,1.82815,0.09167,0.00004,0.00001,
1.501,5.09750,0.01798,1.52318,1.82815,0.09167,0.00004,0.00001,
1.502,5.09625,0.01756,1.63894,1.71640,0.08951,0.00004,0.00001,
1.503,5.09625,0.01840,1.36334,1.06735,0.09377,0.00004,0.00001,
1.504,5.09750,0.01840,2.07191,1.34051,0.09380,0.00004,0.00001,
1.505,5.09750,0.01840,2.14122,0.01142,0.09380,0.00004,0.00001,
1.506,5.09625,0.01798,2.66878,0.61562,0.09164,0.00004,0.00001,
1.507,5.09875,0.01882,1.55251,1.83056,0.09595,0.00004,0.00001,
1.508,5.09625,0.01840,2.27739,1.62508,0.09377,0.00004,0.00001,
1.509,5.09250,0.01840,1.94064,1.62916,0.09371,0.00004,0.00001,
1.510,5.09250,0.01903,1.52234,1.77511,0.09690,0.00004,0.00001,
1.511,5.10125,0.01903,1.76940,1.58676,0.09707,0.00004,0.00001,
1.512,5.09500,0.01840,1.76940,1.58676,0.09375,0.00004,0.00001,
1.513,5.09875,0.01840,3.05757,0.01712,0.09382,0.00004,0.00001,
1.514,5.09875,0.01924,1.92097,1.37305,0.09809,0.00004,0.00001,
1.515,5.09625,0.01903,0.54873,2.06529,0.09697,0.00004,0.00001,
1.516,5.09875,0.01798,1.61603,1.79622,0.09169,0.00004,0.00001,
1.517,5.09625,0.01861,2.16639,1.02490,0.09484,0.00004,0.00001,
1.518,5.09750,0.01903,2.62707,1.87694,0.09700,0.00004,0.00001,
1.519,5.09750,0.01736,1.49373,1.88183,0.08847,0.00004,0.00001,
1.520,5.09500,0.01736,3.07143,1.34859,0.08843,0.00004,0.00001,
1.521,5.09625,0.01840,2.33517,1.49536,0.09377,0.00004,0.00001,
1.522,5.09875,0.01819,2.85863,2.34006,0.09275,0.00004,0.00001,
1.523,5.09875,0.01715,2.85863,2.34006,0.08742,0.00004,0.00001,
1.524,5.09500,0.01819,1.07462,1.76767,0.09269,0.00004,0.00001,
1.525,5.09500,0.01777,3.06977,0.01305,0.09056,0.00004,0.00001,
1.526,5.09875,0.01798,1.18877,1.29151,0.09169,0.00004,0.00001,
1.527,5.09875,0.01882,2.36450,0.84225,0.09595,0.00004,0.00001,
1.528,5.09875,0.01777,1.41462,0.00000,0.09062,0.00004,0.00001,
1.529,5.09375,0.01777,1.99026,1.37141,0.09053,0.00004,0.00001,
1.530,5.09750,0.01924,2.07913,2.03836,0.09806,0.00004,0.00001,
1.531,5.09750,0.01861,1.73179,1.96743,0.09486,0.00004,0.00001,
1.532,5.09625,0.01819,1.12762,1.21812,0.09271,0.00004,0.00001,
1.533,5.09500,0.01861,3.05428,0.01468,0.09482,0.00004,0.00001,
1.534,5.09875,0.01924,3.05428,0.01468,0.09809,0.00004,0.00001,
1.535,5.10000,0.01819,3.08690,1.73587,0.09278,0.00004,0.00001,
1.536,5.09875,0.01819,3.07059,0.02038,0.09275,0.00004,0.00001,
1.537,5.09875,0.01861,2.14599,2.45826,0.09489,0.00004,0.00001,
1.538,5.09500,0.01861,1.86632,1.10072,0.09482,0.00004,0.00001,
1.539,5.09875,0.01882,1.54100,0.01141,0.09595,0.00004,0.00001,
1.540,5.09375,0.01798,2.07587,0.29842,0.09160,0.00004,0.00001,
1.541,5.09625,0.01798,2.58953,0.68326,0.09164,0.00004,0.00001,
1.542,5.09875,0.01903,1.64537,2.70694,0.09702,0.00004,0.00001,
1.543,5.09750,0.01777,2.34004,1.43908,0.09060,0.00004,0.00001,
1.544,5.09625,0.01882,2.03347,1.23362,0.09591,0.00004,0.00001,
1.545,5.09625,0.01861,2.03347,1.23362,0.09484,0.00004,0.00001,
1.546,5.09625,0.01798,2.85862,2.31315,0.09164,0.00004,0.00001,
1.547,5.09875,0.01798,2.39713,0.97924,0.09169,0.00004,0.00001,
1.548,5.09750,0.01966,1.36408,0.77948,0.10019,0.00004,0.00001,
1.549,5.09750,0.01882,2.04001,1.24015,0.09593,0.00004,0.00001,
1.550,5.09875,0.01673,2.22917,1.06648,0.08529,0.00004,0.00001,
1.551,5.09500,0.01840,2.86433,2.76649,0.09375,0.00004,0.00001,
1.552,5.09750,0.01840,2.19574,1.77747,0.09380,0.00004,0.00001,
1.553,5.09500,0.01777,3.05431,0.01875,0.09056,0.00004,0.00001,
1.554,5.09625,0.01840,2.81704,2.23569,0.09377,0.00004,0.00001,
1.555,5.09625,0.01756,0.73300,0.81780,0.08951,0.00004,0.00001,
1.556,5.09875,0.01756,0.73300,0.81780,0.08956,0.00004,0.00001,
1.557,5.09750,0.01798,1.46274,0.00000,0.09167,0.00004,0.00001,
1.558,5.09625,0.01777,1.94461,2.13295,0.09058,0.00004,0.00001,
1.559,5.09750,0.01777,2.36044,0.90178,0.09060,0.00004,0.00001,
1.560,5.09625,0.01966,1.43094,1.96744,0.10017,0.00004,0.00001,
1.561,5.09625,0.01924,0.45904,0.97923,0.09804,0.00004,0.00001,
1.562,5.09625,0.01715,2.38897,0.00815,0.08738,0.00004,0.00001,
1.563,5.09625,0.01945,3.05022,0.02120,0.09910,0.00004,0.00001,
1.564,5.09625,0.01819,2.18269,0.85286,0.09271,0.00004,0.00001,
1.565,5.09875,0.01819,3.17497,0.00326,0.09275,0.00004,0.00001,
1.566,5.09875,0.01715,2.52432,2.01310,0.08742,0.00004,0.00001,
1.567,5.09375,0.01756,2.52432,2.01310,0.08947,0.00004,0.00001,
1.568,5.09375,0.01798,1.27684,1.19694,0.09160,0.00004,0.00001,
1.569,5.09750,0.01861,2.10768,1.27602,0.09486,0.00004,0.00001,
1.570,5.10125,0.01819,2.10197,1.27195,0.09280,0.00004,0.00001,
1.571,5.09875,0.01652,2.13703,0.43214,0.08423,0.00004,0.00001,
1.572,5.09750,0.01861,1.39017,0.74442,0.09486,0.00004,0.00001,
1.573,5.09750,0.01777,3.05593,0.01305,0.09060,0.00004,0.00001,
1.574,5.09875,0.01777,2.26831,1.41219,0.09062,0.00004,0.00001,
1.575,5.10125,0.01736,3.08040,0.07501,0.08853,0.00004,0.00001,
1.576,5.09625,0.01924,1.09909,1.74567,0.09804,0.00004,0.00001,
1.577,5.09750,0.01861,0.67511,1.50758,0.09486,0.00004,0.00001,
1.578,5.09625,0.01777,0.67511,1.50758,0.09058,0.00004,0.00001,
1.579,5.09750,0.01945,0.73218,1.72528,0.09913,0.00004,0.00001,
1.580,5.09875,0.01903,2.23569,0.27966,0.09702,0.00004,0.00001,
1.581,5.09875,0.01798,1.34614,0.01141,0.09169,0.00004,0.00001,
1.582,5.09875,0.01861,1.89976,1.49943,0.09489,0.00004,0.00001,
1.583,5.09625,0.01861,2.49823,0.75338,0.09484,0.00004,0.00001,
1.584,5.09750,0.01924,1.37468,1.68696,0.09806,0.00004,0.00001,
1.585,5.09500,0.01840,1.64619,0.00326,0.09375,0.00004,0.00001,
1.586,5.09625,0.01777,2.39060,1.83209,0.09058,0.00004,0.00001,
1.587,5.09625,0.01861,2.73223,2.05957,0.09484,0.00004,0.00001,
1.588,5.09500,0.01840,0.65799,1.92748,0.09375,0.00004,0.00001,
1.589,5.09750,0.01819,0.65799,1.92748,0.09273,0.00004,0.00001,
1.590,5.09875,0.01861,2.94586,2.68250,0.09489,0.00004,0.00001,
1.591,5.09875,0.01861,2.95564,2.71512,0.09489,0.00004,0.00001,
1.592,5.09875,0.01861,2.10686,2.07914,0.09489,0.00004,0.00001,
1.593,5.09750,0.01819,3.05512,0.02283,0.09273,0.00004,0.00001,
1.594,5.09750,0.01840,2.07588,1.27765,0.09380,0.00004,0.00001,
1.595,5.09500,0.01840,3.07632,0.04077,0.09375,0.00004,0.00001,
1.596,5.09625,0.01924,0.81943,1.50758,0.09804,0.00004,0.00001,
1.597,5.10000,0.01882,1.73343,3.02576,0.09598,0.00004,0.00001,
1.598,5.09875,0.01903,0.85367,1.44072,0.09702,0.00004,0.00001,
1.599,5.09500,0.01903,2.10523,0.59602,0.09695,0.00004,0.00001,
1.600,5.09500,0.01840,2.10523,0.59602,0.09375,0.00004,0.00001,
1.601,5.09625,0.01840,1.95522,0.00978,0.09377,0.00004,0.00001,
1.602,5.09500,0.01882,2.07915,1.91934,0.09588,0.00004,0.00001,
1.603,5.09625,0.01882,3.05431,0.02609,0.09591,0.00004,0.00001,
1.604,5.09625,0.01756,1.66413,2.64827,0.08951,0.00004,0.00001,
1.605,5.09500,0.01756,3.08366,0.01141,0.08949,0.00004,0.00001,
1.606,5.09500,0.01924,1.29315,1.13008,0.09801,0.00004,0.00001,
1.607,5.09625,0.01715,2.21939,1.35267,0.08738,0.00004,0.00001,
1.608,5.09625,0.01736,0.84552,1.44317,0.08845,0.00004,0.00001,
1.609,5.09625,0.01861,1.48476,0.69387,0.09484,0.00004,0.00001,
1.610,5.09500,0.01861,1.75790,1.54102,0.09482,0.00004,0.00001,
1.611,5.09750,0.01756,1.75790,1.54102,0.08953,0.00004,0.00001,
1.612,5.09875,0.01756,1.34859,1.50188,0.08956,0.00004,0.00001,
1.613,5.09625,0.01756,3.05512,0.01957,0.08951,0.00004,0.00001,
1.614,5.09750,0.01756,2.16965,1.31435,0.08953,0.00004,0.00001,
1.615,5.09625,0.01861,3.07958,1.84106,0.09484,0.00004,0.00001,
1.616,5.09625,0.01777,0.63190,1.42360,0.09058,0.00004,0.00001,
1.617,5.09750,0.01882,1.91363,2.73306,0.09593,0.00004,0.00001,
1.618,5.09750,0.01924,0.50389,1.10969,0.09806,0.00004,0.00001,
1.619,5.09750,0.01924,2.43138,1.87123,0.09806,0.00004,0.00001,
1.620,5.09750,0.01777,2.20063,1.16758,0.09060,0.00004,0.00001,
1.621,5.09625,0.01945,2.23162,2.92630,0.09910,0.00004,0.00001,
1.622,5.09875,0.01903,2.23162,2.92630,0.09702,0.00004,0.00001,
1.623,5.09875,0.01798,3.05021,0.01549,0.09169,0.00004,0.00001,
1.624,5.09750,0.01924,1.71549,1.67472,0.09806,0.00004,0.00001,
1.625,5.09875,0.01798,3.07956,0.06360,0.09169,0.00004,0.00001,
1.626,5.09500,0.01777,0.47942,1.02570,0.09056,0.00004,0.00001,
1.627,5.09500,0.01840,1.73016,2.75913,0.09375,0.00004,0.00001,
1.628,5.09625,0.01840,2.48110,1.66330,0.09377,0.00004,0.00001,
1.629,5.09750,0.01736,1.31026,0.00000,0.08847,0.00004,0.00001,
1.630,5.09625,0.01882,1.86225,0.54384,0.09591,0.00004,0.00001,
1.631,5.09500,0.01840,2.57812,2.85126,0.09375,0.00004,0.00001,
1.632,5.10000,0.01840,2.77380,2.41342,0.09384,0.00004,0.00001,
1.633,5.09875,0.01903,2.77380,2.41342,0.09702,0.00004,0.00001,
1.634,5.09875,0.01903,1.37794,0.00000,0.09702,0.00004,0.00001,
1.635,5.09500,0.01777,3.07305,0.02283,0.09056,0.00004,0.00001,
1.636,5.09500,0.01924,0.71669,0.84633,0.09801,0.00004,0.00001,
1.637,5.09500,0.01924,2.25525,2.92954,0.09801,0.00004,0.00001,
1.638,5.09750,0.01903,3.08935,1.07300,0.09700,0.00004,0.00001,
1.639,5.09625,0.01840,2.78686,2.16312,0.09377,0.00004,0.00001,
1.640,5.09500,0.01861,2.18432,0.85367,0.09482,0.00004,0.00001,
1.641,5.10000,0.01924,2.30010,1.67962,0.09811,0.00004,0.00001,
1.642,5.09750,0.01840,2.30010,1.67962,0.09380,0.00004,0.00001,
1.643,5.09625,0.01819,2.05794,2.96379,0.09271,0.00004,0.00001,
1.644,5.09625,0.01736,2.40691,0.00326,0.08845,0.00004,0.00001,
1.645,5.09750,0.01861,2.40691,0.00326,0.09486,0.00004,0.00001,
1.646,5.09750,0.01819,2.58627,0.64657,0.09273,0.00004,0.00001,
1.647,5.09500,0.01819,1.74728,1.37875,0.09269,0.00004,0.00001,
1.648,5.09625,0.01924,2.19654,1.19937,0.09804,0.00004,0.00001,
1.649,5.09500,0.01924,1.65433,2.67515,0.09801,0.00004,0.00001,
1.650,5.09750,0.01798,1.64944,0.62129,0.09167,0.00004,0.00001,
1.651,5.09500,0.01840,2.57975,1.78887,0.09375,0.00004,0.00001,
1.652,5.09750,0.01966,2.15985,2.66536,0.10019,0.00004,0.00001,
1.653,5.09750,0.01840,3.05591,0.02038,0.09380,0.00004,0.00001,
1.654,5.09750,0.01861,2.76402,0.64086,0.09486,0.00004,0.00001,
1.655,5.09750,0.01861,2.31313,2.91078,0.09486,0.00004,0.00001,
1.656,5.09750,0.01861,2.31313,2.91078,0.09486,0.00004,0.00001,
1.657,5.09875,0.01736,1.15206,0.19976,0.08849,0.00004,0.00001,
1.658,5.09750,0.01756,2.35793,1.64778,0.08953,0.00004,0.00001,
1.659,5.09625,0.01777,1.61843,1.73584,0.09058,0.00004,0.00001,
1.660,5.09625,0.01903,2.04322,2.94823,0.09697,0.00004,0.00001,
1.661,5.09500,0.01882,1.56706,1.51977,0.09588,0.00004,0.00001,
1.662,5.09500,0.01840,2.80555,2.44599,0.09375,0.00004,0.00001,
1.663,5.09875,0.01903,2.58704,1.12271,0.09702,0.00004,0.00001,
1.664,5.09875,0.01903,2.28945,1.05504,0.09702,0.00004,0.00001,
1.665,5.09750,0.01903,3.08928,1.48961,0.09700,0.00004,0.00001,
1.666,5.09375,0.01861,1.78231,1.03139,0.09479,0.00004,0.00001,
1.667,5.09625,0.01861,1.78231,1.03139,0.09484,0.00004,0.00001,
1.668,5.09875,0.01945,1.86949,0.00082,0.09915,0.00004,0.00001,
1.669,5.09500,0.01756,1.58658,1.74801,0.08949,0.00004,0.00001,
1.670,5.09625,0.01777,1.60452,1.72763,0.09058,0.00004,0.00001,
1.671,5.09875,0.01882,1.84422,1.29389,0.09595,0.00004,0.00001,
1.672,5.09625,0.01903,1.76921,2.79486,0.09697,0.00004,0.00001,
1.673,5.09625,0.01736,3.05331,0.01875,0.08845,0.00004,0.00001,
1.674,5.09500,0.01736,1.95999,1.44880,0.08843,0.00004,0.00001,
1.675,5.09875,0.01798,3.07125,0.01386,0.09169,0.00004,0.00001,
1.676,5.09875,0.01861,0.78677,1.59310,0.09489,0.00004,0.00001,
1.677,5.09750,0.01798,2.63588,2.17034,0.09167,0.00004,0.00001,
1.678,5.09750,0.01756,2.63588,2.17034,0.08953,0.00004,0.00001,
1.679,5.09875,0.01903,0.67257,1.50085,0.09702,0.00004,0.00001,
1.680,5.09500,0.01819,2.09435,0.60572,0.09269,0.00004,0.00001,
1.681,5.09625,0.01840,1.87831,2.99763,0.09377,0.00004,0.00001,
1.682,5.09625,0.01903,2.17180,1.19840,0.09697,0.00004,0.00001,
1.683,5.09875,0.01903,3.05225,0.01712,0.09702,0.00004,0.00001,
1.684,5.09750,0.01861,2.44082,1.88483,0.09486,0.00004,0.00001,
1.685,5.09750,0.01798,1.56526,1.68428,0.09167,0.00004,0.00001,
1.686,5.10000,0.01882,0.58942,0.99296,0.09598,0.00004,0.00001,
1.687,5.09625,0.01924,1.73483,2.81013,0.09804,0.00004,0.00001,
1.688,5.09750,0.01861,2.47996,1.94353,0.09486,0.00004,0.00001,
1.689,5.09500,0.01903,2.47996,1.94353,0.09695,0.00004,0.00001,
1.690,5.09500,0.01819,1.77315,0.00000,0.09269,0.00004,0.00001,
1.691,5.09500,0.01861,1.94924,1.39325,0.09482,0.00004,0.00001,
1.692,5.09625,0.01861,1.90196,0.86171,0.09484,0.00004,0.00001,
1.693,5.09375,0.01798,3.05470,0.01549,0.09160,0.00004,0.00001,
1.694,5.10000,0.01798,1.73646,2.52398,0.09171,0.00004,0.00001,
1.695,5.09625,0.01777,2.90633,1.40303,0.09058,0.00004,0.00001,
1.696,5.09500,0.01819,1.49107,1.73809,0.09269,0.00004,0.00001,
1.697,5.09875,0.01777,2.87698,2.55659,0.09062,0.00004,0.00001,
1.698,5.09750,0.01819,2.10250,0.00734,0.09273,0.00004,0.00001,
1.699,5.09750,0.01903,0.67991,1.89543,0.09700,0.00004,0.00001,
1.700,5.09750,0.01777,0.67991,1.89543,0.09060,0.00004,0.00001,
1.701,5.09500,0.01777,1.54652,0.00326,0.09056,0.00004,0.00001,
1.702,5.09250,0.01966,2.13675,1.20737,0.10010,0.00004,0.00001,
1.703,5.09875,0.01882,3.05064,0.01794,0.09595,0.00004,0.00001,
1.704,5.09875,0.01736,3.06694,0.02201,0.08849,0.00004,0.00001,
1.705,5.09750,0.01861,1.16498,0.04565,0.09486,0.00004,0.00001,
1.706,5.09750,0.01903,2.24762,2.62345,0.09700,0.00004,0.00001,
1.707,5.09875,0.01756,1.31499,0.05870,0.08956,0.00004,0.00001,
1.708,5.09625,0.01777,2.59247,1.80332,0.09058,0.00004,0.00001,
1.709,5.09625,0.01861,1.06552,0.44675,0.09484,0.00004,0.00001,
1.710,5.09875,0.01861,2.90226,2.62508,0.09489,0.00004,0.00001,
1.711,5.09875,0.01673,2.90226,2.62508,0.08529,0.00004,0.00001,
1.712,5.09625,0.01819,2.31775,1.72669,0.09271,0.00004,0.00001,
1.713,5.09625,0.01736,3.04903,0.02120,0.08845,0.00004,0.00001,
1.714,5.09875,0.01715,0.78997,1.24407,0.08742,0.00004,0.00001,
1.715,5.09750,0.01631,0.77367,0.86416,0.08314,0.00004,0.00001,
1.716,5.09500,0.01756,1.40793,0.00734,0.08949,0.00004,0.00001,
1.717,5.09625,0.01882,2.74494,0.63915,0.09591,0.00004,0.00001,
1.718,5.09625,0.01819,1.41119,0.00652,0.09271,0.00004,0.00001,
1.719,5.09500,0.01819,0.49322,0.92286,0.09269,0.00004,0.00001,
1.720,5.09500,0.01777,2.83788,2.48080,0.09056,0.00004,0.00001,
1.721,5.09625,0.01924,2.27128,1.80007,0.09804,0.00004,0.00001,
1.722,5.10000,0.01903,2.27128,1.80007,0.09704,0.00004,0.00001,
1.723,5.09625,0.01840,3.05483,0.02201,0.09377,0.00004,0.00001,
1.724,5.09875,0.01777,1.75366,2.79965,0.09062,0.00004,0.00001,
1.725,5.09625,0.01840,1.93546,1.54168,0.09377,0.00004,0.00001,
1.726,5.09750,0.01924,1.14301,1.23351,0.09806,0.00004,0.00001,
1.727,5.09750,0.01777,1.03214,1.36232,0.09060,0.00004,0.00001,
1.728,5.09875,0.01777,0.45003,0.96121,0.09062,0.00004,0.00001,
1.729,5.09875,0.01756,0.52748,1.16258,0.08956,0.00004,0.00001,
1.730,5.09750,0.01840,3.08255,0.00897,0.09380,0.00004,0.00001,
1.731,5.09625,0.01673,1.43162,0.00000,0.08525,0.00004,0.00001,
1.732,5.09625,0.01798,1.93872,1.40553,0.09164,0.00004,0.00001,
1.733,5.09750,0.01861,1.93872,1.40553,0.09486,0.00004,0.00001,
1.734,5.09750,0.01756,2.46375,2.68224,0.08953,0.00005,0.00001,
1.735,5.09750,0.01756,3.08010,0.14756,0.08953,0.00005,0.00001,
1.736,5.09750,0.01840,1.20660,2.37652,0.09380,0.00005,0.00001,
1.737,5.09625,0.01840,0.93756,1.26367,0.09377,0.00005,0.00001,
1.738,5.09500,0.01882,0.63510,2.01372,0.09588,0.00005,0.00001,
1.739,5.09750,0.01861,1.90855,0.00652,0.09486,0.00005,0.00001,
1.740,5.09625,0.01924,1.56614,1.76343,0.09804,0.00005,0.00001,
1.741,5.09625,0.01945,1.09409,1.77077,0.09910,0.00005,0.00001,
1.742,5.09750,0.01840,1.94279,1.34275,0.09380,0.00005,0.00001,
1.743,5.09625,0.01903,3.17385,0.01549,0.09697,0.00005,0.00001,
1.744,5.09750,0.01777,3.17385,0.01549,0.09060,0.00005,0.00001,
1.745,5.09750,0.01861,0.86011,1.08023,0.09486,0.00005,0.00001,
1.746,5.09875,0.01861,2.56077,1.90855,0.09489,0.00005,0.00001,
1.747,5.09875,0.01777,1.49684,0.00408,0.09062,0.00005,0.00001,
1.748,5.09500,0.01924,1.92241,2.39364,0.09801,0.00005,0.00001,
1.749,5.10000,0.01840,1.75039,3.02221,0.09384,0.00005,0.00001,
1.750,5.09625,0.01736,3.08091,0.15816,0.08845,0.00005,0.00001,
1.751,5.09625,0.01861,1.28650,1.41123,0.09484,0.00005,0.00001,
1.752,5.09875,0.01924,2.18167,1.62321,0.09809,0.00005,0.00001,
1.753,5.09875,0.01840,3.05401,0.01957,0.09382,0.00005,0.00001,
1.754,5.09875,0.01924,2.82736,2.26890,0.09809,0.00005,0.00001,
1.755,5.09750,0.01924,2.82736,2.26890,0.09806,0.00005,0.00001,
1.756,5.09250,0.01777,3.01406,0.86826,0.09051,0.00005,0.00001,
1.757,5.09625,0.01819,1.55717,1.75854,0.09271,0.00005,0.00001,
1.758,5.09750,0.01715,0.67178,1.06556,0.08740,0.00005,0.00001,
1.759,5.09500,0.01756,3.08988,0.42150,0.08949,0.00005,0.00001,
1.760,5.09875,0.01882,2.86405,2.54446,0.09595,0.00005,0.00001,
1.761,5.09875,0.01798,0.85277,1.06800,0.09169,0.00005,0.00001,
1.762,5.09875,0.01819,1.59304,2.83796,0.09275,0.00005,0.00001,
1.763,5.09750,0.01882,3.05482,0.02120,0.09593,0.00005,0.00001,
1.764,5.09750,0.01882,0.95387,1.22454,0.09593,0.00005,0.00001,
1.765,5.09750,0.01903,1.23432,1.75691,0.09700,0.00005,0.00001,
1.766,5.09750,0.01819,1.23432,1.75691,0.09273,0.00005,0.00001,
1.767,5.09500,0.01882,1.46341,0.00000,0.09588,0.00005,0.00001,
1.768,5.09500,0.01861,2.24689,1.60690,0.09482,0.00005,0.00001,
1.769,5.09875,0.01798,0.56825,1.27835,0.09169,0.00005,0.00001,
1.770,5.09875,0.01924,0.73701,1.72838,0.09809,0.00005,0.00001,
1.771,5.09750,0.01882,1.72675,2.78334,0.09593,0.00005,0.00001,
1.772,5.09750,0.01798,2.40505,0.83484,0.09167,0.00005,0.00001,
1.773,5.09750,0.01840,3.04994,0.01386,0.09380,0.00005,0.00001,
1.774,5.09625,0.01840,2.55670,2.08302,0.09377,0.00005,0.00001,
1.775,5.09875,0.01798,2.27053,2.45316,0.09169,0.00005,0.00001,
1.776,5.09625,0.01736,3.19505,0.00897,0.08845,0.00005,0.00001,
1.777,5.09625,0.01673,3.19505,0.00897,0.08525,0.00005,0.00001,
1.778,5.09625,0.01798,3.07195,0.02120,0.09164,0.00005,0.00001,
1.779,5.09625,0.01840,2.89585,2.59420,0.09377,0.00005,0.00001,
1.780,5.09625,0.01777,3.14206,0.00978,0.09058,0.00005,0.00001,
1.781,5.09625,0.01777,1.23106,1.32971,0.09058,0.00005,0.00001,
1.782,5.09625,0.01777,1.58081,1.77403,0.09058,0.00005,0.00001,
1.783,5.09500,0.01882,2.24282,0.00245,0.09588,0.00005,0.00001,
1.784,5.09750,0.01882,3.06706,0.02201,0.09593,0.00005,0.00001,
1.785,5.09625,0.01798,2.84693,1.78789,0.09164,0.00005,0.00001,
1.786,5.09750,0.01966,0.73701,1.71044,0.10019,0.00005,0.00001,
1.787,5.09750,0.01777,2.48414,1.95910,0.09060,0.00005,0.00001,
1.788,5.09875,0.01736,2.48414,1.95910,0.08849,0.00005,0.00001,
1.789,5.09875,0.01777,2.94069,1.26612,0.09062,0.00005,0.00001,
1.790,5.10000,0.01840,1.98111,0.00571,0.09384,0.00005,0.00001,
1.791,5.10000,0.01840,0.88620,1.94116,0.09384,0.00005,0.00001,
1.792,5.09750,0.01736,0.86093,1.20008,0.08847,0.00005,0.00001,
1.793,5.09625,0.01777,3.05238,0.02120,0.09058,0.00005,0.00001,
1.794,5.10125,0.01673,1.31748,0.00000,0.08533,0.00005,0.00001,
1.795,5.10000,0.01861,1.25878,1.14709,0.09491,0.00005,0.00001,
1.796,5.09500,0.01882,3.09314,1.13812,0.09588,0.00005,0.00001,
1.797,5.09750,0.01777,3.07684,0.05218,0.09060,0.00005,0.00001,
1.798,5.09875,0.01861,1.25144,0.04810,0.09489,0.00005,0.00001,
1.799,5.10000,0.01903,1.25144,0.04810,0.09704,0.00005,0.00001,
1.800,5.10000,0.01756,1.90610,2.25260,0.08958,0.00005,0.00001,
1.801,5.09375,0.01756,2.20857,0.97751,0.08947,0.00005,0.00001,
1.802,5.09625,0.01903,3.08499,0.22665,0.09697,0.00005,0.00001,
1.803,5.09750,0.01903,3.04912,0.01467,0.09700,0.00005,0.00001,
1.804,5.09500,0.01819,3.04912,0.01467,0.09269,0.00005,0.00001,
1.805,5.09500,0.01861,3.16570,0.01467,0.09482,0.00005,0.00001,
1.806,5.09750,0.01861,2.77029,2.06019,0.09486,0.00005,0.00001,
1.807,5.09750,0.01819,2.11318,0.44432,0.09273,0.00005,0.00001,
1.808,5.09750,0.01882,2.13438,1.43732,0.09593,0.00005,0.00001,
1.809,5.09750,0.01861,1.77403,2.68387,0.09486,0.00005,0.00001,
1.810,5.09875,0.01861,1.70147,1.93219,0.09489,0.00005,0.00001,
1.811,5.09625,0.01840,1.70147,1.93219,0.09377,0.00005,0.00001,
1.812,5.09625,0.01756,2.04221,0.00571,0.08951,0.00005,0.00001,
1.813,5.09750,0.01840,3.05964,0.02038,0.09380,0.00005,0.00001,
1.814,5.09500,0.01819,1.39571,0.00489,0.09269,0.00005,0.00001,
1.815,5.09500,0.01736,0.60003,0.83971,0.08843,0.00005,0.00001,
1.816,5.09875,0.01840,1.92318,0.00000,0.09382,0.00005,0.00001,
1.817,5.09500,0.01840,2.57946,0.00815,0.09375,0.00005,0.00001,
1.818,5.09500,0.01819,0.68155,1.50088,0.09269,0.00005,0.00001,
1.819,5.09625,0.01819,0.77123,1.62724,0.09271,0.00005,0.00001,
1.820,5.09875,0.01798,1.06146,1.15358,0.09169,0.00005,0.00001,
1.821,5.09750,0.01840,0.71090,1.81149,0.09380,0.00005,0.00001,
1.822,5.09750,0.01903,0.71090,1.81149,0.09700,0.00005,0.00001,
1.823,5.09750,0.01798,3.04865,0.02201,0.09167,0.00005,0.00001,
1.824,5.09500,0.01945,1.99956,2.07863,0.09908,0.00005,0.00001,
1.825,5.09500,0.01882,3.08126,1.84712,0.09588,0.00005,0.00001,
1.826,5.09625,0.01736,1.25940,1.35559,0.08845,0.00005,0.00001,
1.827,5.09625,0.01840,1.54389,0.90644,0.09377,0.00005,0.00001,
1.828,5.09750,0.01840,1.38004,1.53329,0.09380,0.00005,0.00001,
1.829,5.09750,0.01903,0.65864,2.08515,0.09700,0.00005,0.00001,
1.830,5.09625,0.01673,1.75175,0.00163,0.08525,0.00005,0.00001,
1.831,5.09750,0.01798,1.43792,1.61155,0.09167,0.00005,0.00001,
1.832,5.09875,0.01882,2.22861,1.85528,0.09595,0.00005,0.00001,
1.833,5.09750,0.01840,2.22861,1.85528,0.09380,0.00005,0.00001,
1.834,5.09625,0.01777,1.66254,0.00570,0.09058,0.00005,0.00001,
1.835,5.09875,0.01756,2.36504,0.00815,0.08956,0.00005,0.00001,
1.836,5.09875,0.01798,0.51099,1.16296,0.09169,0.00005,0.00001,
1.837,5.09750,0.01798,3.09363,0.63160,0.09167,0.00005,0.00001,
1.838,5.09625,0.01736,2.52641,2.03254,0.08845,0.00005,0.00001,
1.839,5.09875,0.01798,2.01787,2.03580,0.09169,0.00005,0.00001,
1.840,5.09750,0.01882,1.99831,0.00000,0.09593,0.00005,0.00001,
1.841,5.09625,0.01819,2.40987,0.00244,0.09271,0.00005,0.00001,
1.842,5.09875,0.01819,0.44416,0.93070,0.09275,0.00005,0.00001,
1.843,5.09500,0.01840,3.05125,0.01304,0.09375,0.00005,0.00001,
1.844,5.09875,0.01903,3.05125,0.01304,0.09702,0.00005,0.00001,
1.845,5.09875,0.01798,0.88821,1.74301,0.09169,0.00005,0.00001,
1.846,5.09500,0.01798,2.90664,2.09340,0.09162,0.00005,0.00001,
1.847,5.09375,0.01945,1.63789,0.00652,0.09905,0.00005,0.00001,
1.848,5.09875,0.01945,3.08999,0.43351,0.09915,0.00005,0.00001,
1.849,5.09750,0.01840,1.88154,0.52804,0.09380,0.00005,0.00001,
1.850,5.09750,0.01777,0.53456,1.18645,0.09060,0.00005,0.00001,
1.851,5.09625,0.01861,2.26371,1.63952,0.09484,0.00005,0.00001,
1.852,5.09625,0.01819,1.75931,0.00733,0.09271,0.00005,0.00001,
1.853,5.09625,0.01840,3.05251,0.00733,0.09377,0.00005,0.00001,
1.854,5.09625,0.01861,1.19949,1.60041,0.09484,0.00005,0.00001,
1.855,5.09875,0.01861,1.19949,1.60041,0.09489,0.00005,0.00001,
1.856,5.09625,0.01798,3.07371,1.87666,0.09164,0.00005,0.00001,
1.857,5.09875,0.01715,1.77643,0.00896,0.08742,0.00005,0.00001,
1.858,5.09875,0.01777,2.47233,1.93533,0.09062,0.00005,0.00001,
1.859,5.09625,0.01861,2.25965,1.66723,0.09484,0.00005,0.00001,
1.860,5.09750,0.01819,1.79272,0.00489,0.09273,0.00005,0.00001,
1.861,5.09625,0.01736,3.08593,0.27380,0.08845,0.00005,0.00001,
1.862,5.09875,0.01777,0.85236,1.42277,0.09062,0.00005,0.00001,
1.863,5.09875,0.01903,2.09015,1.76339,0.09702,0.00005,0.00001,
1.864,5.09750,0.01903,1.73976,3.01667,0.09700,0.00005,0.00001,
1.865,5.09500,0.01840,3.07941,1.32417,0.09375,0.00005,0.00001,
1.866,5.09625,0.01819,3.07941,1.32417,0.09271,0.00005,0.00001,
1.867,5.09750,0.01861,2.88060,1.52872,0.09486,0.00005,0.00001,
1.868,5.09500,0.01861,0.50034,0.92000,0.09482,0.00005,0.00001,
1.869,5.09625,0.01777,1.43663,0.84259,0.09058,0.00005,0.00001,
1.870,5.09750,0.01840,1.42685,0.00326,0.09380,0.00005,0.00001,
1.871,5.09500,0.01945,0.69265,1.50916,0.09908,0.00005,0.00001,
1.872,5.09500,0.01819,3.02646,0.82547,0.09269,0.00005,0.00001,
1.873,5.09625,0.01819,3.05091,0.02200,0.09271,0.00005,0.00001,
1.874,5.10000,0.01861,1.87178,2.28737,0.09491,0.00005,0.00001,
1.875,5.09875,0.01840,0.53619,1.22232,0.09382,0.00005,0.00001,
1.876,5.09625,0.01840,1.54175,0.00733,0.09377,0.00005,0.00001,
1.877,5.09625,0.01798,1.54175,0.00733,0.09164,0.00005,0.00001,
1.878,5.09875,0.01840,2.76900,2.06575,0.09382,0.00005,0.00001,
1.879,5.10000,0.01715,2.29881,1.61593,0.08745,0.00005,0.00001,
1.880,5.09750,0.01715,1.68275,0.00489,0.08740,0.00005,0.00001,
1.881,5.09750,0.01777,1.79031,0.00733,0.09060,0.00005,0.00001,
1.882,5.09875,0.01777,2.13827,0.00000,0.09062,0.00005,0.00001,
1.883,5.10000,0.01777,3.05095,0.00652,0.09064,0.00005,0.00001,
1.884,5.09625,0.01798,1.80009,0.00489,0.09164,0.00005,0.00001,
1.885,5.09625,0.01819,2.76492,1.49288,0.09271,0.00005,0.00001,
1.886,5.09625,0.01882,2.40393,2.94013,0.09591,0.00005,0.00001,
1.887,5.09750,0.01861,2.27762,0.00407,0.09486,0.00005,0.00001,
1.888,5.09625,0.01798,2.27762,0.00407,0.09164,0.00005,0.00001,
1.889,5.10125,0.01903,1.33644,0.00570,0.09707,0.00005,0.00001,
1.890,5.10125,0.01882,2.37951,1.78708,0.09600,0.00005,0.00001,
1.891,5.09750,0.01882,1.39348,0.01304,0.09593,0.00005,0.00001,
1.892,5.09625,0.01715,3.19034,0.00652,0.08738,0.00005,0.00001,
1.893,5.09750,0.01777,3.05344,0.01793,0.09060,0.00005,0.00001,
1.894,5.09875,0.01840,0.97299,0.68696,0.09382,0.00005,0.00001,
1.895,5.09625,0.01819,1.90443,1.97532,0.09271,0.00005,0.00001,
1.896,5.09500,0.01861,2.02748,0.96077,0.09482,0.00005,0.00001,
1.897,5.09500,0.01861,1.01292,1.52876,0.09482,0.00005,0.00001,
1.898,5.09750,0.01798,0.74645,2.03074,0.09167,0.00005,0.00001,
1.899,5.09750,0.01736,0.74645,2.03074,0.08847,0.00005,0.00001,
1.900,5.09500,0.01736,3.08951,0.29746,0.08843,0.00005,0.00001,
1.901,5.09750,0.01861,0.64382,1.96405,0.09486,0.00005,0.00001,
1.902,5.09500,0.01861,1.68778,0.00000,0.09482,0.00005,0.00001,
1.903,5.09875,0.01736,1.85322,0.38303,0.08849,0.00005,0.00001,
1.904,5.09500,0.01798,1.85648,2.74885,0.09162,0.00005,0.00001,
1.905,5.09500,0.01945,0.96084,1.61932,0.09908,0.00005,0.00001,
1.906,5.09875,0.01861,2.57445,0.00570,0.09489,0.00005,0.00001,
1.907,5.09875,0.01798,3.06750,0.01711,0.09169,0.00005,0.00001,
1.908,5.09875,0.01924,1.56146,0.00407,0.09809,0.00005,0.00001,
1.909,5.09750,0.01924,1.36506,0.78562,0.09806,0.00005,0.00001,
1.910,5.09750,0.01882,1.36506,0.78562,0.09593,0.00005,0.00001,
1.911,5.09875,0.01819,3.08960,1.58433,0.09275,0.00005,0.00001,
1.912,5.09750,0.01903,1.63160,0.00163,0.09700,0.00005,0.00001,
1.913,5.09875,0.01903,3.04967,0.01385,0.09702,0.00005,0.00001,
1.914,5.09500,0.01736,1.76770,2.68537,0.08843,0.00005,0.00001,
1.915,5.09625,0.01840,2.48570,1.77422,0.09377,0.00005,0.00001,
1.916,5.09750,0.01924,3.09775,0.00896,0.09806,0.00005,0.00001,
1.917,5.09625,0.01777,3.00892,0.88833,0.09058,0.00005,0.00001,
1.918,5.09625,0.01777,3.16865,0.00733,0.09058,0.00005,0.00001,
1.919,5.09750,0.01798,0.62428,2.07984,0.09167,0.00005,0.00001,
1.920,5.09625,0.01756,2.81658,1.84105,0.08951,0.00005,0.00001,
1.921,5.09875,0.01861,2.81658,1.84105,0.09489,0.00005,0.00001,
1.922,5.09625,0.01840,3.09295,1.15058,0.09377,0.00005,0.00001,
1.923,5.09750,0.01798,3.05544,0.01794,0.09167,0.00005,0.00001,
1.924,5.09750,0.01924,1.96684,2.12585,0.09806,0.00005,0.00001,
1.925,5.09625,0.01819,1.73117,0.03914,0.09271,0.00005,0.00001,
1.926,5.09625,0.01819,3.08398,0.20712,0.09271,0.00005,0.00001,
1.927,5.09750,0.01819,3.07583,0.01957,0.09273,0.00005,0.00001,
1.928,5.09750,0.01903,0.56102,1.25251,0.09700,0.00005,0.00001,
1.929,5.09500,0.01882,2.84098,2.38026,0.09588,0.00005,0.00001,
1.930,5.09875,0.01756,1.90242,0.00326,0.08956,0.00005,0.00001,
1.931,5.09500,0.01756,2.10464,0.00000,0.08949,0.00005,0.00001,
1.932,5.09500,0.01861,2.10464,0.00000,0.09482,0.00005,0.00001,
1.933,5.09375,0.01777,3.05639,0.02120,0.09053,0.00005,0.00001,
1.934,5.09625,0.01736,2.39831,1.61219,0.08845,0.00005,0.00001,
1.935,5.09625,0.01861,1.01119,2.29066,0.09484,0.00005,0.00001,
1.936,5.09625,0.01861,1.37570,1.48498,0.09484,0.00005,0.00001,
1.937,5.09625,0.01777,3.06700,1.66357,0.09058,0.00005,0.00001,
1.938,5.09750,0.01715,2.03134,0.00000,0.08740,0.00005,0.00001,
1.939,5.09625,0.01798,2.21238,1.73777,0.09164,0.00005,0.00001,
1.940,5.09500,0.01861,2.38037,2.92918,0.09482,0.00005,0.00001,
1.941,5.09625,0.01736,3.06536,0.02120,0.08845,0.00005,0.00001,
1.942,5.09750,0.01798,3.08167,0.09867,0.09167,0.00005,0.00001,
1.943,5.09500,0.01840,3.08167,0.09867,0.09375,0.00005,0.00001,
1.944,5.09625,0.01798,2.39096,0.00652,0.09164,0.00005,0.00001,
1.945,5.09625,0.01798,2.25233,2.52470,0.09164,0.00005,0.00001,
1.946,5.09875,0.01798,1.85031,1.48008,0.09169,0.00005,0.00001,
1.947,5.09250,0.01903,3.15588,0.01142,0.09690,0.00005,0.00001,
1.948,5.09750,0.01840,1.80546,0.00652,0.09380,0.00005,0.00001,
1.949,5.09875,0.01840,2.13572,1.43686,0.09382,0.00005,0.00001,
1.950,5.09500,0.01840,3.07678,0.05219,0.09375,0.00005,0.00001,
1.951,5.09750,0.01840,3.06944,0.02610,0.09380,0.00005,0.00001,
1.952,5.09750,0.01819,3.07270,0.01631,0.09273,0.00005,0.00001,
1.953,5.09375,0.01861,3.05639,0.02120,0.09479,0.00005,0.00001,
1.954,5.09375,0.01736,3.05639,0.02120,0.08840,0.00005,0.00001,
1.955,5.09875,0.01736,2.92181,2.10472,0.08849,0.00005,0.00001,
1.956,5.09500,0.01840,0.91088,1.30311,0.09375,0.00005,0.00001,
1.957,5.09750,0.01840,3.06289,1.36591,0.09380,0.00005,0.00001,
1.958,5.09500,0.01861,3.06615,0.01305,0.09482,0.00005,0.00001,
1.959,5.09625,0.01924,0.77469,1.30964,0.09804,0.00005,0.00001,
1.960,5.09625,0.01819,3.07512,0.05708,0.09271,0.00005,0.00001,
1.961,5.09750,0.01861,1.50046,0.00245,0.09486,0.00005,0.00001,
1.962,5.09875,0.01882,3.07186,0.03425,0.09595,0.00005,0.00001,
1.963,5.09875,0.01777,3.05392,0.02609,0.09062,0.00005,0.00001,
1.964,5.09500,0.01777,2.86962,2.55322,0.09056,0.00005,0.00001,
1.965,5.09750,0.01840,2.86962,2.55322,0.09380,0.00005,0.00001,
1.966,5.09750,0.01777,2.86962,2.55322,0.09060,0.00005,0.00001,
1.967,5.09875,0.01819,1.08783,1.64643,0.09275,0.00005,0.00001,
1.968,5.09500,0.01819,0.46237,1.38385,0.09269,0.00005,0.00001,
1.969,5.09500,0.01777,3.06860,0.01631,0.09056,0.00005,0.00001,
1.970,5.09625,0.01903,0.85624,1.20444,0.09697,0.00005,0.00001,
1.971,5.09625,0.01903,2.40726,0.00489,0.09697,0.00005,0.00001,
1.972,5.09625,0.01819,3.09062,1.35123,0.09271,0.00005,0.00001,
1.973,5.09625,0.01819,1.33573,0.00815,0.09271,0.00005,0.00001,
1.974,5.09625,0.01924,3.19010,0.00897,0.09804,0.00005,0.00001,
1.975,5.09750,0.01924,0.51864,1.66437,0.09806,0.00005,0.00001,
1.976,5.09750,0.01840,0.61323,1.39363,0.09380,0.00005,0.00001,
1.977,5.09625,0.01861,0.61323,1.39363,0.09484,0.00005,0.00001,
1.978,5.09500,0.01966,0.58142,1.87555,0.10014,0.00005,0.00001,
1.979,5.09625,0.01798,1.88534,0.00082,0.09164,0.00005,0.00001,
1.980,5.09625,0.01840,1.55589,1.73122,0.09377,0.00005,0.00001,
1.981,5.09625,0.01861,3.07754,0.05708,0.09484,0.00005,0.00001,
1.982,5.09625,0.01861,2.04680,0.69559,0.09484,0.00005,0.00001,
1.983,5.09500,0.01715,2.09410,0.01957,0.08736,0.00005,0.00001,
1.984,5.09625,0.01798,2.24822,1.39117,0.09164,0.00005,0.00001,
1.985,5.09875,0.01756,1.21259,1.34469,0.08956,0.00005,0.00001,
1.986,5.10000,0.01966,1.39688,0.00489,0.10024,0.00005,0.00001,
1.987,5.09875,0.01903,0.47541,1.03074,0.09702,0.00005,0.00001,
1.988,5.09625,0.01819,0.47541,1.03074,0.09271,0.00005,0.00001,
1.989,5.09500,0.01966,1.19544,1.23051,0.10014,0.00005,0.00001,
1.990,5.09500,0.01798,1.71080,1.93994,0.09162,0.00005,0.00001,
1.991,5.09750,0.01798,1.22072,0.09133,0.09167,0.00005,0.00001,
1.992,5.09875,0.01819,3.07178,0.01631,0.09275,0.00005,0.00001,
1.993,5.09500,0.01903,3.05710,0.02039,0.09695,0.00005,0.00001,
1.994,5.09750,0.01945,0.62545,1.02828,0.09913,0.00005,0.00001,
1.995,5.09750,0.01756,0.52107,1.21746,0.08953,0.00005,0.00001,
1.996,5.09625,0.01840,1.34304,0.00652,0.09377,0.00005,0.00001,
1.997,5.09625,0.01861,0.99566,0.61729,0.09484,0.00005,0.00001,
1.998,5.09750,0.01777,2.40638,0.00652,0.09060,0.00005,0.00001,
1.999,5.09750,0.01736,2.40638,0.00652,0.08847,0.00005,0.00001,
2.000,5.09500,0.01736,2.26521,0.00815,0.08843,0.00005,0.00001,
2.001,5.09375,0.01819,3.07818,0.06197,0.09266,0.00005,0.00001,
2.002,5.09750,0.01798,3.06269,1.50362,0.09167,0.00005,0.00001,
2.003,5.09875,0.01777,3.05208,0.01794,0.09062,0.00005,0.00001,
2.004,5.09750,0.01798,3.07329,0.04240,0.09167,0.00005,0.00001,
2.005,5.09625,0.01840,1.67485,0.03017,0.09377,0.00005,0.00001,
2.006,5.09625,0.01882,3.08796,0.18999,0.09591,0.00005,0.00001,
2.007,5.09625,0.01840,1.82163,0.95485,0.09377,0.00005,0.00001,
2.008,5.09625,0.01903,3.08633,0.16145,0.09697,0.00005,0.00001,
2.009,5.09875,0.01903,3.09122,0.01060,0.09702,0.00005,0.00001,
2.010,5.09625,0.01861,3.09122,0.01060,0.09484,0.00005,0.00001,
2.011,5.09875,0.01861,3.08054,0.05952,0.09489,0.00005,0.00001,
2.012,5.09875,0.01840,1.35273,0.00000,0.09382,0.00005,0.00001,
2.013,5.09750,0.01861,3.05527,0.02283,0.09486,0.00005,0.00001,
2.014,5.10125,0.01840,3.06750,0.01549,0.09387,0.00005,0.00001,
2.015,5.09625,0.01924,1.39758,0.16879,0.09804,0.00005,0.00001,
2.016,5.10000,0.01924,1.89660,2.99003,0.09811,0.00005,0.00001,
2.017,5.10000,0.01819,3.09196,0.86105,0.09278,0.00005,0.00001,
2.018,5.09750,0.01819,2.72503,2.25700,0.09273,0.00005,0.00001,
2.019,5.09750,0.01715,1.38861,0.72651,0.08740,0.00005,0.00001,
2.020,5.09750,0.01798,1.34947,0.16879,0.09167,0.00005,0.00001,
2.021,5.09875,0.01798,1.34947,0.16879,0.09169,0.00005,0.00001,
2.022,5.10125,0.01861,2.25440,2.54139,0.09493,0.00005,0.00001,
2.023,5.09500,0.01715,3.05098,0.01223,0.08736,0.00005,0.00001,
2.024,5.09625,0.01840,3.08930,0.38076,0.09377,0.00005,0.00001,
2.025,5.09625,0.01903,0.93600,0.48594,0.09697,0.00005,0.00001,
2.026,5.09625,0.01777,1.71301,0.00326,0.09058,0.00005,0.00001,
2.027,5.09500,0.01777,3.09174,0.46800,0.09056,0.00005,0.00001,
2.028,5.09500,0.01903,3.08767,1.57848,0.09695,0.00005,0.00001,
2.029,5.09625,0.01903,2.18020,2.61967,0.09697,0.00005,0.00001,
2.030,5.09750,0.01798,2.21118,2.86345,0.09167,0.00005,0.00001,
2.031,5.09625,0.01924,1.57278,0.00000,0.09804,0.00005,0.00001,
2.032,5.09500,0.01924,1.57278,0.00000,0.09801,0.00005,0.00001,
2.033,5.09750,0.01694,3.05577,0.01631,0.08634,0.00005,0.00001,
2.034,5.09625,0.01882,3.06719,0.01631,0.09591,0.00005,0.00001,
2.035,5.09625,0.01882,1.81977,0.02609,0.09591,0.00005,0.00001,
2.036,5.09500,0.01882,2.06844,2.37907,0.09588,0.00005,0.00001,
2.037,5.09875,0.01694,3.07126,0.03261,0.08636,0.00005,0.00001,
2.038,5.09875,0.01840,2.14344,2.82912,0.09382,0.00005,0.00001,
2.039,5.09875,0.01715,2.63589,2.63344,0.08742,0.00005,0.00001,
2.040,5.09875,0.01903,2.23068,0.00734,0.09702,0.00005,0.00001,
2.041,5.09750,0.01798,1.97794,0.00000,0.09167,0.00005,0.00001,
2.042,5.09750,0.01798,3.06800,0.03180,0.09167,0.00005,0.00001,
2.043,5.09750,0.01840,3.06800,0.03180,0.09380,0.00005,0.00001,
2.044,5.09750,0.01882,0.87890,1.77737,0.09593,0.00005,0.00001,
2.045,5.09875,0.01882,0.78351,1.94125,0.09595,0.00005,0.00001,
2.046,5.09625,0.01777,2.92043,2.10839,0.09058,0.00005,0.00001,
2.047,5.09750,0.01966,3.06474,0.01875,0.10019,0.00005,0.00001,
2.048,5.09750,0.01882,3.07453,0.04566,0.09593,0.00005,0.00001,
2.049,5.09875,0.01798,2.16954,2.47038,0.09169,0.00005,0.00001,
2.050,5.09500,0.01819,3.07127,0.05218,0.09269,0.00005,0.00001,
2.051,5.09500,0.01945,0.52587,1.15611,0.09908,0.00005,0.00001,
2.052,5.09625,0.01777,3.06801,0.01712,0.09058,0.00005,0.00001,
2.053,5.09875,0.01736,3.05578,0.01794,0.08849,0.00005,0.00001,
2.054,5.09875,0.01736,3.05578,0.01794,0.08849,0.00005,0.00001,
2.055,5.09875,0.01882,2.72151,2.43452,0.09595,0.00005,0.00001,
2.056,5.09750,0.01882,2.88946,2.77695,0.09593,0.00005,0.00001,
2.057,5.09500,0.01694,3.07780,0.09213,0.08629,0.00005,0.00001,
2.058,5.09500,0.01798,2.52747,2.97507,0.09162,0.00005,0.00001,
2.059,5.09500,0.01882,3.07454,0.06522,0.09588,0.00005,0.00001,
2.060,5.09625,0.01840,3.15607,0.00652,0.09377,0.00005,0.00001,
2.061,5.09750,0.01694,1.41620,0.00897,0.08634,0.00005,0.00001,
2.062,5.09750,0.01945,1.96816,0.00652,0.09913,0.00005,0.00001,
2.063,5.09750,0.01756,3.04845,0.01631,0.08953,0.00005,0.00001,
2.064,5.09625,0.01756,2.97589,1.07621,0.08951,0.00005,0.00001,
2.065,5.09500,0.01777,2.97589,1.07621,0.09056,0.00005,0.00001,
2.066,5.09875,0.01819,3.09084,0.40602,0.09275,0.00005,0.00001,
2.067,5.09750,0.01777,3.18378,0.00326,0.09060,0.00005,0.00001,
2.068,5.09875,0.01777,2.10350,1.39744,0.09062,0.00005,0.00001,
2.069,5.09750,0.01798,3.06883,0.02201,0.09167,0.00005,0.00001,
2.070,5.09750,0.01882,1.41375,0.07338,0.09593,0.00005,0.00001,
2.071,5.09625,0.01882,3.09573,0.61474,0.09591,0.00005,0.00001,
2.072,5.09625,0.01882,3.06964,0.04729,0.09591,0.00005,0.00001,
2.073,5.09875,0.01756,3.05904,0.01957,0.08956,0.00005,0.00001,
2.074,5.09500,0.01966,3.09084,0.48266,0.10014,0.00005,0.00001,
2.075,5.09875,0.01840,1.38929,0.02120,0.09382,0.00005,0.00001,
2.076,5.09750,0.01861,1.38929,0.02120,0.09486,0.00005,0.00001,
2.077,5.09625,0.01882,0.64898,1.50179,0.09591,0.00005,0.00001,
2.078,5.09750,0.01924,2.99218,0.98081,0.09806,0.00005,0.00001,
2.079,5.09750,0.01861,3.07371,0.03424,0.09486,0.00005,0.00001,
2.080,5.09875,0.01882,3.07778,1.86298,0.09595,0.00005,0.00001,
2.081,5.09875,0.01882,1.64284,0.00000,0.09595,0.00005,0.00001,
2.082,5.09750,0.01798,3.09327,1.04604,0.09167,0.00005,0.00001,
2.083,5.09750,0.01819,3.05822,0.02772,0.09273,0.00005,0.00001,
2.084,5.09500,0.01777,3.08838,0.30003,0.09056,0.00005,0.00001,
2.085,5.09750,0.01756,3.02805,1.58740,0.08953,0.00005,0.00001,
2.086,5.09500,0.01882,1.16263,0.18997,0.09588,0.00005,0.00001,
2.087,5.09500,0.01840,1.16263,0.18997,0.09375,0.00005,0.00001,
2.088,5.09500,0.01798,2.38720,1.89476,0.09162,0.00005,0.00001,
2.089,5.09750,0.01903,3.09325,0.58375,0.09700,0.00005,0.00001,
2.090,5.09750,0.01924,3.07776,0.07012,0.09806,0.00005,0.00001,
2.091,5.09625,0.01924,2.13609,0.00978,0.09804,0.00005,0.00001,
2.092,5.09875,0.01798,3.08591,0.25600,0.09169,0.00005,0.00001,
2.093,5.09750,0.01903,3.05493,0.02201,0.09700,0.00005,0.00001,
2.094,5.09750,0.01924,2.51520,2.96932,0.09806,0.00005,0.00001,
2.095,5.09500,0.01777,1.36155,0.15817,0.09056,0.00005,0.00001,
2.096,5.09625,0.01840,1.91351,0.00245,0.09377,0.00005,0.00001,
2.097,5.09250,0.01861,3.08999,0.69790,0.09477,0.00005,0.00001,
2.098,5.09875,0.01798,3.08999,0.69790,0.09169,0.00005,0.00001,
2.099,5.09875,0.01777,0.89683,1.73822,0.09062,0.00005,0.00001,
2.100,5.09750,0.01777,0.45901,0.96939,0.09060,0.00005,0.00001,
2.101,5.09625,0.01903,1.92819,2.36274,0.09697,0.00005,0.00001,
2.102,5.09375,0.01798,0.50386,1.60614,0.09160,0.00005,0.00001,
2.103,5.09875,0.01840,3.05086,0.02120,0.09382,0.00005,0.00001,
2.104,5.09500,0.01756,0.38238,1.72192,0.08949,0.00005,0.00001,
2.105,5.09750,0.01924,2.21354,0.24867,0.09806,0.00005,0.00001,
2.106,5.09625,0.01840,1.81078,0.00652,0.09377,0.00005,0.00001,
2.107,5.09750,0.01819,3.05575,1.32649,0.09273,0.00005,0.00001,
2.108,5.09750,0.01840,2.78181,2.02928,0.09380,0.00005,0.00001,
2.109,5.09875,0.01840,2.78181,2.02928,0.09382,0.00005,0.00001,
2.110,5.09250,0.01861,2.85844,1.67952,0.09477,0.00005,0.00001,
2.111,5.09500,0.01756,1.45450,0.00000,0.08949,0.00005,0.00001,
2.112,5.09750,0.01903,3.09651,0.46309,0.09700,0.00005,0.00001,
2.113,5.09625,0.01903,3.05330,0.02038,0.09697,0.00005,0.00001,
2.114,5.10000,0.01819,0.55930,2.07249,0.09278,0.00005,0.00001,
2.115,5.09625,0.01756,2.89024,2.02521,0.08951,0.00005,0.00001,
2.116,5.09625,0.01840,1.52461,0.00000,0.09377,0.00005,0.00001,
2.117,5.09625,0.01861,3.09080,1.09658,0.09484,0.00005,0.00001,
2.118,5.09750,0.01861,1.46754,1.09821,0.09486,0.00005,0.00001,
2.119,5.09750,0.01798,1.13734,1.67870,0.09167,0.00005,0.00001,
2.120,5.09875,0.01798,1.13734,1.67870,0.09169,0.00006,0.00001,
2.121,5.09750,0.01840,3.08429,0.09784,0.09380,0.00006,0.00001,
2.122,5.09875,0.01840,3.19843,0.00652,0.09382,0.00006,0.00001,
2.123,5.09625,0.01840,3.05657,0.02609,0.09377,0.00006,0.00001,
2.124,5.09625,0.01798,0.97755,1.08354,0.09164,0.00006,0.00001,
2.125,5.09750,0.01903,2.69702,1.26535,0.09700,0.00006,0.00001,
2.126,5.09750,0.01798,1.88579,0.00163,0.09167,0.00006,0.00001,
2.127,5.10125,0.01798,3.09326,0.90254,0.09173,0.00006,0.00001,
2.128,5.09500,0.01966,3.09326,0.90254,0.10014,0.00006,0.00001,
2.129,5.09750,0.01882,3.09081,0.31960,0.09593,0.00006,0.00001,
2.130,5.09750,0.01903,0.75986,1.01179,0.09700,0.00006,0.00001,
2.131,5.09875,0.01903,1.11941,1.44472,0.09702,0.00006,0.00001,
2.132,5.09625,0.02007,1.11941,1.44472,0.10230,0.00006,0.00001,
2.133,5.09500,0.01798,3.05737,0.02038,0.09162,0.00006,0.00001,
2.134,5.09875,0.01903,1.19115,1.59309,0.09702,0.00006,0.00001,
2.135,5.09875,0.01819,2.23718,1.35584,0.09275,0.00006,0.00001,
2.136,5.09750,0.01819,1.61511,1.74066,0.09273,0.00006,0.00001,
2.137,5.09875,0.01756,3.15194,0.00897,0.08956,0.00006,0.00001,
2.138,5.09625,0.01840,3.06797,0.01468,0.09377,0.00006,0.00001,
2.139,5.09750,0.01798,2.65380,2.57064,0.09167,0.00006,0.00001,
2.140,5.09875,0.01673,3.07938,0.07582,0.08529,0.00006,0.00001,
2.141,5.09500,0.01694,2.40431,2.60569,0.08629,0.00006,0.00001,
2.142,5.09625,0.01736,2.14423,0.00734,0.08845,0.00006,0.00001,
2.143,5.09625,0.01819,2.14423,0.00734,0.09271,0.00006,0.00001,
2.144,5.09625,0.01819,2.70267,2.38227,0.09271,0.00006,0.00001,
2.145,5.09500,0.01819,0.43373,1.52622,0.09269,0.00006,0.00001,
2.146,5.09625,0.01673,2.70023,0.70604,0.08525,0.00006,0.00001,
2.147,5.09500,0.01903,1.09411,0.32693,0.09695,0.00006,0.00001,
2.148,5.09750,0.01861,3.08015,0.07582,0.09486,0.00006,0.00001,
2.149,5.09750,0.01777,3.09401,0.52423,0.09060,0.00006,0.00001,
2.150,5.09750,0.01903,1.62487,2.58690,0.09700,0.00006,0.00001,
2.151,5.09375,0.01861,2.31378,0.00000,0.09479,0.00006,0.00001,
2.152,5.09625,0.01882,2.56408,2.89264,0.09591,0.00006,0.00001,
2.153,5.09625,0.01798,3.05732,0.01957,0.09164,0.00006,0.00001,
2.154,5.09750,0.01798,3.05732,0.01957,0.09167,0.00006,0.00001,
2.155,5.09750,0.01840,1.86451,1.55471,0.09380,0.00006,0.00001,
2.156,5.09500,0.01736,1.33459,0.00000,0.08843,0.00006,0.00001,
2.157,5.10000,0.01798,2.23627,0.00571,0.09171,0.00006,0.00001,
2.158,5.09875,0.01861,2.98060,1.06066,0.09489,0.00006,0.00001,
2.159,5.09375,0.01861,3.09148,1.24898,0.09479,0.00006,0.00001,
2.160,5.09625,0.01840,3.08251,0.10354,0.09377,0.00006,0.00001,
2.161,5.09625,0.01798,0.78836,1.27426,0.09164,0.00006,0.00001,
2.162,5.09625,0.01882,3.06865,0.02038,0.09591,0.00006,0.00001,
2.163,5.09875,0.01882,3.05071,0.01386,0.09595,0.00006,0.00001,
2.164,5.09875,0.01819,3.09555,0.81037,0.09275,0.00006,0.00001,
2.165,5.09875,0.01819,3.09555,0.81037,0.09275,0.00006,0.00001,
2.166,5.09625,0.01777,0.48585,1.31163,0.09058,0.00006,0.00001,
2.167,5.09625,0.01673,1.86922,1.20321,0.08525,0.00006,0.00001,
2.168,5.09625,0.01756,3.08384,0.35624,0.08951,0.00006,0.00001,
2.169,5.09875,0.01736,0.84208,0.77850,0.08849,0.00006,0.00001,
2.170,5.09750,0.01903,2.49202,1.78851,0.09700,0.00006,0.00001,
2.171,5.09750,0.01945,3.07080,0.03913,0.09913,0.00006,0.00001,
2.172,5.09750,0.01945,2.89879,1.46325,0.09913,0.00006,0.00001,
2.173,5.09875,0.01840,3.05205,0.01386,0.09382,0.00006,0.00001,
2.174,5.09750,0.01861,2.49446,2.70478,0.09486,0.00006,0.00001,
2.175,5.09750,0.01882,1.96704,0.13532,0.09593,0.00006,0.00001,
2.176,5.09500,0.01819,1.96704,0.13532,0.09269,0.00006,0.00001,
2.177,5.09875,0.01924,3.09516,0.47687,0.09809,0.00006,0.00001,
2.178,5.09625,0.01903,3.07315,0.04646,0.09697,0.00006,0.00001,
2.179,5.09375,0.01819,2.11126,2.40880,0.09266,0.00006,0.00001,
2.180,5.09375,0.01861,2.77725,2.04279,0.09479,0.00006,0.00001,
2.181,5.09875,0.01861,3.08130,0.16955,0.09489,0.00006,0.00001,
2.182,5.09625,0.01756,0.52089,1.17383,0.08951,0.00006,0.00001,
2.183,5.09500,0.01840,2.18463,0.00489,0.09375,0.00006,0.00001,
2.184,5.09750,0.01756,3.08538,0.28368,0.08953,0.00006,0.00001,
2.185,5.09750,0.01715,2.12920,1.96861,0.08740,0.00006,0.00001,
2.186,5.09625,0.01861,3.00875,0.87548,0.09484,0.00006,0.00001,
2.187,5.09750,0.01882,3.00875,0.87548,0.09593,0.00006,0.00001,
2.188,5.09750,0.01819,1.02384,0.25759,0.09273,0.00006,0.00001,
2.189,5.09750,0.01966,3.06989,0.01875,0.10019,0.00006,0.00001,
2.190,5.09500,0.01966,2.26044,2.52781,0.10014,0.00006,0.00001,
2.191,5.10000,0.01819,3.07234,0.06521,0.09278,0.00006,0.00001,
2.192,5.09500,0.01819,3.09272,0.54127,0.09269,0.00006,0.00001,
2.193,5.09500,0.01861,3.05196,0.01712,0.09482,0.00006,0.00001,
2.194,5.09750,0.01882,3.01609,0.83228,0.09593,0.00006,0.00001,
2.195,5.09500,0.01798,1.31893,1.73711,0.09162,0.00006,0.00001,
2.196,5.09875,0.01840,3.07152,0.04891,0.09382,0.00006,0.00001,
2.197,5.09750,0.01819,1.92133,0.00082,0.09273,0.00006,0.00001,
2.198,5.09750,0.01694,1.92133,0.00082,0.08634,0.00006,0.00001,
2.199,5.09750,0.01694,1.09557,1.45424,0.08634,0.00006,0.00001,
2.200,5.09875,0.01756,3.07560,0.09456,0.08956,0.00006,0.00001,
2.201,5.09750,0.01924,3.08538,0.26004,0.09806,0.00006,0.00001,
2.202,5.09375,0.01777,3.07233,0.03261,0.09053,0.00006,0.00001,
2.203,5.09625,0.01736,3.05603,0.01712,0.08845,0.00006,0.00001,
2.204,5.10000,0.01798,0.49562,1.26350,0.09171,0.00006,0.00001,
2.205,5.10000,0.01819,1.51212,0.67658,0.09278,0.00006,0.00001,
2.206,5.09875,0.01756,3.07070,1.71673,0.08956,0.00006,0.00001,
2.207,5.09750,0.01798,1.75667,0.00000,0.09167,0.00006,0.00001,
2.208,5.09750,0.01798,2.77154,2.05991,0.09167,0.00006,0.00001,
2.209,5.09500,0.01840,2.77154,2.05991,0.09375,0.00006,0.00001,
2.210,5.09750,0.01882,2.38434,1.60668,0.09593,0.00006,0.00001,
2.211,5.10000,0.01694,1.73548,0.00571,0.08638,0.00006,0.00001,
2.212,5.10000,0.01882,3.09598,0.72957,0.09598,0.00006,0.00001,
2.213,5.09500,0.01861,3.05359,0.02282,0.09482,0.00006,0.00001,
2.214,5.09375,0.01736,1.04585,1.44772,0.08840,0.00006,0.00001,
2.215,5.09750,0.01736,0.95129,1.24149,0.08847,0.00006,0.00001,
2.216,5.09750,0.01819,3.08131,0.17770,0.09273,0.00006,0.00001,
2.217,5.09500,0.01819,3.14163,0.00815,0.09269,0.00006,0.00001,
2.218,5.09750,0.01819,1.10373,1.20888,0.09273,0.00006,0.00001,
2.219,5.09750,0.01798,0.64724,2.03545,0.09167,0.00006,0.00001,
2.220,5.09625,0.01777,0.64724,2.03545,0.09058,0.00006,0.00001,
2.221,5.09375,0.01882,1.38251,1.49418,0.09586,0.00006,0.00001,
2.222,5.09875,0.01756,0.61218,1.38577,0.08956,0.00006,0.00001,
2.223,5.09750,0.01798,3.05277,0.01141,0.09167,0.00006,0.00001,
2.224,5.09500,0.01861,2.99326,0.97900,0.09482,0.00006,0.00001,
2.225,5.09875,0.01840,1.50397,1.64010,0.09382,0.00006,0.00001,
2.226,5.09875,0.01840,3.04135,1.00264,0.09382,0.00006,0.00001,
2.227,5.09500,0.01756,1.57488,0.00000,0.08949,0.00006,0.00001,
2.228,5.09875,0.01903,2.34521,2.59872,0.09702,0.00006,0.00001,
2.229,5.09750,0.01924,3.09434,0.38720,0.09806,0.00006,0.00001,
2.230,5.09875,0.01840,1.22355,0.05706,0.09382,0.00006,0.00001,
2.231,5.09875,0.01903,1.22355,0.05706,0.09702,0.00006,0.00001,
2.232,5.09625,0.01986,3.03564,0.87629,0.10123,0.00006,0.00001,
2.233,5.09750,0.01736,3.05357,0.01793,0.08847,0.00006,0.00001,
2.234,5.09500,0.01840,0.56572,0.97085,0.09375,0.00006,0.00001,
2.235,5.09500,0.01882,1.88627,1.42978,0.09588,0.00006,0.00001,
2.236,5.09875,0.01882,2.93211,2.06316,0.09595,0.00006,0.00001,
2.237,5.09625,0.01777,3.07069,0.03831,0.09058,0.00006,0.00001,
2.238,5.09625,0.01840,2.51638,2.95983,0.09377,0.00006,0.00001,
2.239,5.09750,0.01945,0.59017,1.88708,0.09913,0.00006,0.00001,
2.240,5.09750,0.01840,3.07640,0.06929,0.09380,0.00006,0.00001,
2.241,5.09750,0.01798,2.81147,1.85448,0.09167,0.00006,0.00001,
2.242,5.10000,0.01819,2.81147,1.85448,0.09278,0.00006,0.00001,
2.243,5.09750,0.01861,3.05437,0.01630,0.09486,0.00006,0.00001,
2.244,5.09750,0.01924,3.09105,0.67413,0.09806,0.00006,0.00001,
2.245,5.09875,0.01924,2.06396,2.68674,0.09809,0.00006,0.00001,
2.246,5.09875,0.01798,2.48295,0.76380,0.09169,0.00006,0.00001,
2.247,5.09750,0.01882,3.06741,0.01630,0.09593,0.00006,0.00001,
2.248,5.09375,0.01924,0.69451,0.77521,0.09799,0.00006,0.00001,
2.249,5.09875,0.01777,0.79233,0.87710,0.09062,0.00006,0.00001,
2.250,5.09750,0.01819,1.51781,2.54001,0.09273,0.00006,0.00001,
2.251,5.09750,0.01861,1.31565,1.18034,0.09486,0.00006,0.00001,
2.252,5.09875,0.01777,0.68799,2.14466,0.09062,0.00006,0.00001,
2.253,5.09875,0.01777,0.68799,2.14466,0.09062,0.00006,0.00001,
2.254,5.09750,0.01777,3.06741,0.01630,0.09060,0.00006,0.00001,
2.255,5.09625,0.01861,1.92946,1.35722,0.09484,0.00006,0.00001,
2.256,5.09875,0.01756,1.77703,0.91134,0.08956,0.00006,0.00001,
2.257,5.09750,0.01777,1.13469,2.34193,0.09060,0.00006,0.00001,
2.258,5.09500,0.01861,3.09431,0.99693,0.09482,0.00006,0.00001,
2.259,5.09875,0.01861,2.44219,1.91723,0.09489,0.00006,0.00001,
2.260,5.09750,0.01777,1.91071,0.35051,0.09060,0.00006,0.00001,
2.261,5.09625,0.01777,3.08779,0.38883,0.09058,0.00006,0.00001,
2.262,5.09625,0.01840,3.16604,0.00734,0.09377,0.00006,0.00001,
2.263,5.09625,0.01840,3.06415,0.01630,0.09377,0.00006,0.00001,
2.264,5.09750,0.01840,3.06415,0.01630,0.09380,0.00006,0.00001,
2.265,5.09750,0.01840,2.66800,2.21151,0.09380,0.00006,0.00001,
2.266,5.09750,0.01882,2.31422,1.48928,0.09593,0.00006,0.00001,
2.267,5.09625,0.01882,3.17095,0.00734,0.09591,0.00006,0.00001,
2.268,5.09500,0.01966,0.40350,1.18849,0.10014,0.00006,0.00001,
2.269,5.09750,0.01861,0.40106,1.66617,0.09486,0.00006,0.00001,
2.270,5.09625,0.01840,1.65476,2.59952,0.09377,0.00006,0.00001,
2.271,5.09625,0.01694,0.45567,1.42081,0.08632,0.00006,0.00001,
2.272,5.09875,0.01694,3.15872,0.00815,0.08636,0.00006,0.00001,
2.273,5.10000,0.01819,3.05112,0.01304,0.09278,0.00006,0.00001,
2.274,5.09625,0.01945,2.45443,2.68430,0.09910,0.00006,0.00001,
2.275,5.09875,0.01861,2.45443,2.68430,0.09489,0.00006,0.00001,
2.276,5.09500,0.01777,1.07763,1.39717,0.09056,0.00006,0.00001,
2.277,5.09875,0.01882,0.53392,1.18849,0.09595,0.00006,0.00001,
2.278,5.09500,0.01798,0.86162,0.96106,0.09162,0.00006,0.00001,
2.279,5.09750,0.01819,2.16178,1.23577,0.09273,0.00006,0.00001,
2.280,5.09750,0.01798,2.62805,2.63620,0.09167,0.00006,0.00001,
2.281,5.09625,0.01798,3.08943,1.20479,0.09164,0.00006,0.00001,
2.282,5.09875,0.01777,2.21721,0.00082,0.09062,0.00006,0.00001,
2.283,5.09875,0.01861,3.05030,0.02282,0.09489,0.00006,0.00001,
2.284,5.09500,0.01840,0.77521,0.86569,0.09375,0.00006,0.00001,
2.285,5.09875,0.01736,2.11776,2.03136,0.08849,0.00006,0.00001,
2.286,5.09750,0.01924,2.11776,2.03136,0.09806,0.00006,0.00001,
2.287,5.09625,0.01798,1.85121,1.46972,0.09164,0.00006,0.00001,
2.288,5.09750,0.01819,3.00057,0.95128,0.09273,0.00006,0.00001,
2.289,5.09750,0.01882,3.00057,0.95128,0.09593,0.00006,0.00001,
2.290,5.09500,0.01882,0.52496,1.13388,0.09588,0.00006,0.00001,
2.291,5.09750,0.01882,1.79741,0.15977,0.09593,0.00006,0.00001,
2.292,5.09750,0.01840,2.37372,0.00734,0.09380,0.00006,0.00001,
2.293,5.09625,0.01903,3.05356,0.01223,0.09697,0.00006,0.00001,
2.294,5.09250,0.01840,0.95454,1.38739,0.09371,0.00006,0.00001,
2.295,5.09875,0.01840,1.88300,1.46401,0.09382,0.00006,0.00001,
2.296,5.09875,0.01882,3.05845,1.41429,0.09595,0.00006,0.00001,
2.297,5.09875,0.01945,1.05562,1.60829,0.09915,0.00006,0.00001,
2.298,5.09875,0.01798,1.05562,1.60829,0.09169,0.00006,0.00001,
2.299,5.09750,0.01798,0.43121,1.18196,0.09167,0.00006,0.00001,
2.300,5.10000,0.01882,3.09591,0.78498,0.09598,0.00006,0.00001,
2.301,5.09875,0.01819,3.04945,1.02056,0.09275,0.00006,0.00001,
2.302,5.09875,0.01715,3.07879,0.08885,0.08742,0.00006,0.00001,
2.303,5.09750,0.01798,3.05189,0.01386,0.09167,0.00006,0.00001,
2.304,5.09750,0.01798,1.85934,0.00571,0.09167,0.00006,0.00001,
2.305,5.09875,0.01861,2.05253,1.31564,0.09489,0.00006,0.00001,
2.306,5.09750,0.01798,3.09347,0.54615,0.09167,0.00006,0.00001,
2.307,5.09750,0.01777,3.09591,0.64967,0.09060,0.00006,0.00001,
2.308,5.09500,0.01777,3.09021,0.34399,0.09056,0.00006,0.00001,
2.309,5.09625,0.01840,3.09021,0.34399,0.09377,0.00006,0.00001,
2.310,5.09500,0.01945,1.76059,1.04250,0.09908,0.00006,0.00001,
2.311,5.10000,0.01798,0.40755,1.28540,0.09171,0.00006,0.00001,
2.312,5.09750,0.01882,3.09408,0.99359,0.09593,0.00006,0.00001,
2.313,5.09500,0.01966,3.05496,0.01386,0.10014,0.00006,0.00001,
2.314,5.09750,0.01777,3.08675,0.13857,0.09060,0.00006,0.00001,
2.315,5.09750,0.01903,2.77620,0.62517,0.09700,0.00006,0.00001,
2.316,5.09750,0.01861,0.67897,0.76374,0.09486,0.00006,0.00001,
2.317,5.09500,0.01861,1.94970,1.54541,0.09482,0.00006,0.00001,
2.318,5.09875,0.01777,1.31311,2.42815,0.09062,0.00006,0.00001,
2.319,5.09250,0.01756,3.08349,0.18177,0.08945,0.00006,0.00001,
2.320,5.09625,0.01819,3.08349,0.18177,0.09271,0.00006,0.00001,
2.321,5.09500,0.01777,1.82962,1.89726,0.09056,0.00006,0.00001,
2.322,5.09625,0.01777,3.07979,0.08965,0.09058,0.00006,0.00001,
2.323,5.09625,0.01840,3.05371,0.01141,0.09377,0.00006,0.00001,
2.324,5.09750,0.01840,1.29663,1.18986,0.09380,0.00006,0.00001,
2.325,5.09750,0.01777,0.92174,1.90623,0.09060,0.00006,0.00001,
2.326,5.09750,0.01777,1.94127,0.09861,0.09060,0.00006,0.00001,
2.327,5.09875,0.01840,2.38543,1.87689,0.09382,0.00006,0.00001,
2.328,5.09625,0.01924,1.26810,0.02200,0.09804,0.00006,0.00001,
2.329,5.09750,0.01840,1.20942,1.19720,0.09380,0.00006,0.00001,
2.330,5.09750,0.01819,2.31535,1.07984,0.09273,0.00006,0.00001,
2.331,5.09625,0.01903,2.31535,1.07984,0.09697,0.00006,0.00001,
2.332,5.09875,0.01924,1.95839,0.10513,0.09809,0.00006,0.00001,
2.333,5.09625,0.01777,3.05453,0.01385,0.09058,0.00006,0.00001,
2.334,5.09625,0.01903,3.08061,0.10839,0.09697,0.00006,0.00001,
2.335,5.09625,0.01903,1.93883,1.43028,0.09697,0.00006,0.00001,
2.336,5.09750,0.01882,2.27541,1.77176,0.09593,0.00006,0.00001,
2.337,5.10125,0.01819,0.73103,2.03255,0.09280,0.00006,0.00001,
2.338,5.09750,0.01903,1.26647,2.40500,0.09700,0.00006,0.00001,
2.339,5.09750,0.01903,3.08061,0.11491,0.09700,0.00006,0.00001,
2.340,5.09625,0.01840,1.40420,0.00815,0.09377,0.00006,0.00001,
2.341,5.09875,0.01840,1.94209,0.31214,0.09382,0.00006,0.00001,
2.342,5.09625,0.01756,1.94209,0.31214,0.08951,0.00006,0.00001,
2.343,5.09625,0.01903,3.06760,0.01711,0.09697,0.00006,0.00001,
2.344,5.09625,0.01903,3.06027,0.00815,0.09697,0.00006,0.00001,
2.345,5.09625,0.01736,2.73264,0.56071,0.08845,0.00006,0.00001,
2.346,5.09500,0.01840,0.62509,2.08799,0.09375,0.00006,0.00001,
2.347,5.10125,0.01861,0.44906,1.18580,0.09493,0.00006,0.00001,
2.348,5.09750,0.01840,2.50689,2.96491,0.09380,0.00006,0.00001,
2.349,5.10000,0.01840,2.92661,1.33087,0.09384,0.00006,0.00001,
2.350,5.09750,0.01840,1.03666,1.87039,0.09380,0.00006,0.00001,
2.351,5.09750,0.01903,0.94946,0.48573,0.09700,0.00006,0.00001,
2.352,5.09750,0.01840,2.05457,1.64301,0.09380,0.00006,0.00001,
2.353,5.09750,0.01903,2.05457,1.64301,0.09700,0.00006,0.00001,
2.354,5.09500,0.01903,0.90545,1.71636,0.09695,0.00006,0.00001,
2.355,5.10000,0.01924,2.70983,0.56723,0.09811,0.00006,0.00001,
2.356,5.09750,0.01756,0.40179,1.28360,0.08953,0.00006,0.00001,
2.357,5.10000,0.01840,0.95190,2.24447,0.09384,0.00006,0.00001,
2.358,5.09750,0.01861,0.48655,1.57455,0.09486,0.00006,0.00001,
2.359,5.09750,0.01756,3.03093,0.84759,0.08953,0.00006,0.00001,
2.360,5.09625,0.01756,1.92907,1.22818,0.08951,0.00006,0.00001,
2.361,5.09750,0.01903,2.62996,2.66174,0.09700,0.00006,0.00001,
2.362,5.09750,0.01903,2.28278,0.23064,0.09700,0.00006,0.00001,
2.363,5.09750,0.01777,3.05131,0.01793,0.09060,0.00006,0.00001,
2.364,5.09375,0.01819,3.05131,0.01793,0.09266,0.00006,0.00001,
2.365,5.09500,0.01798,0.72536,1.10434,0.09162,0.00006,0.00001,
2.366,5.09875,0.01819,3.09703,0.95926,0.09275,0.00006,0.00001,
2.367,5.09750,0.01777,1.61453,1.74412,0.09060,0.00006,0.00001,
2.368,5.09875,0.01777,0.52079,1.15731,0.09062,0.00006,0.00001,
2.369,5.09625,0.01736,3.08399,0.11410,0.08845,0.00006,0.00001,
2.370,5.09875,0.01882,1.49635,1.81095,0.09595,0.00006,0.00001,
2.371,5.09875,0.01715,1.82236,0.58029,0.08742,0.00006,0.00001,
2.372,5.09500,0.01715,1.78324,2.16221,0.08736,0.00006,0.00001,
2.373,5.09875,0.01861,3.05220,0.02445,0.09489,0.00006,0.00001,
2.374,5.09625,0.01736,2.73517,2.24779,0.08845,0.00006,0.00001,
2.375,5.10000,0.01924,2.73517,2.24779,0.09811,0.00006,0.00001,
2.376,5.09750,0.01736,0.66508,1.29918,0.08847,0.00006,0.00001,
2.377,5.09625,0.01903,0.36270,1.82245,0.09697,0.00006,0.00001,
2.378,5.09875,0.01861,0.57053,2.06859,0.09489,0.00006,0.00001,
2.379,5.09750,0.01840,2.72715,2.24953,0.09380,0.00006,0.00001,
2.380,5.09750,0.01945,2.19003,0.65448,0.09913,0.00006,0.00001,
2.381,5.09875,0.01945,0.38226,1.71486,0.09915,0.00006,0.00001,
2.382,5.09625,0.01903,1.98545,2.75160,0.09697,0.00006,0.00001,
2.383,5.10125,0.01777,3.08577,0.00245,0.09067,0.00006,0.00001,
2.384,5.09750,0.01819,3.06702,0.01386,0.09273,0.00006,0.00001,
2.385,5.09750,0.01840,1.44263,0.69850,0.09380,0.00006,0.00001,
2.386,5.09750,0.01798,1.44263,0.69850,0.09167,0.00006,0.00001,
2.387,5.09875,0.01736,1.52840,0.14754,0.08849,0.00006,0.00001,
2.388,5.09625,0.01819,2.46175,2.97122,0.09271,0.00006,0.00001,
2.389,5.09625,0.01819,3.06007,1.41021,0.09271,0.00006,0.00001,
2.390,5.09750,0.01819,1.97510,0.12390,0.09273,0.00006,0.00001,
2.391,5.09750,0.01819,2.09167,0.03098,0.09273,0.00006,0.00001,
2.392,5.09875,0.01819,2.33785,2.15199,0.09275,0.00006,0.00001,
2.393,5.09875,0.01798,3.05029,0.01223,0.09169,0.00006,0.00001,
2.394,5.09625,0.01882,3.07718,0.10434,0.09591,0.00006,0.00001,
2.395,5.09875,0.01840,1.88218,1.37353,0.09382,0.00006,0.00001,
2.396,5.09750,0.01903,1.59117,1.73790,0.09700,0.00006,0.00001,
2.397,5.09625,0.01903,1.59117,1.73790,0.09697,0.00006,0.00001,
2.398,5.09625,0.01798,1.49906,0.14917,0.09164,0.00006,0.00001,
2.399,5.09250,0.01798,3.08370,0.21520,0.09158,0.00006,0.00001,
2.400,5.09750,0.01945,1.66535,0.53148,0.09913,0.00006,0.00001,
2.401,5.10000,0.01861,1.02709,1.49335,0.09491,0.00006,0.00001,
2.402,5.09875,0.01798,0.55348,1.78517,0.09169,0.00006,0.00001,
2.403,5.09500,0.01882,3.05436,0.02608,0.09588,0.00006,0.00001,
2.404,5.09875,0.01924,3.06984,0.02772,0.09809,0.00006,0.00001,
2.405,5.09625,0.01756,1.69388,1.42895,0.08951,0.00006,0.00001,
2.406,5.09625,0.01819,1.26592,0.05869,0.09271,0.00006,0.00001,
2.407,5.09625,0.01777,1.89033,1.50476,0.09058,0.00006,0.00001,
2.408,5.10000,0.01777,1.89033,1.50476,0.09064,0.00006,0.00001,
2.409,5.09625,0.01924,1.17463,1.69062,0.09804,0.00006,0.00001,
2.410,5.09375,0.01924,1.52188,0.16303,0.09799,0.00006,0.00001,
2.411,5.09625,0.01798,1.90582,1.97347,0.09164,0.00006,0.00001,
2.412,5.09875,0.01882,1.36293,1.85120,0.09595,0.00006,0.00001,
2.413,5.09625,0.01903,3.05518,0.01386,0.09697,0.00006,0.00001,
2.414,5.09750,0.01736,3.09593,0.52659,0.08847,0.00006,0.00001,
2.415,5.09500,0.01945,2.77150,0.52985,0.09908,0.00006,0.00001,
2.416,5.09500,0.01819,0.69369,2.06151,0.09269,0.00006,0.00001,
2.417,5.09625,0.01819,0.80374,1.47216,0.09271,0.00006,0.00001,
2.418,5.09750,0.01736,1.89522,2.70548,0.08847,0.00006,0.00001,
2.419,5.09750,0.01861,1.89522,2.70548,0.09486,0.00006,0.00001,
2.420,5.09750,0.01819,1.51455,1.85528,0.09273,0.00006,0.00001,
2.421,5.09875,0.01756,2.19356,2.48050,0.08956,0.00006,0.00001,
2.422,5.10125,0.01777,0.56490,0.94965,0.09067,0.00006,0.00001,
2.423,5.09750,0.01840,3.05028,0.02119,0.09380,0.00006,0.00001,
2.424,5.09750,0.01861,3.09349,0.49153,0.09486,0.00006,0.00001,
2.425,5.09750,0.01715,1.40124,0.00245,0.08740,0.00006,0.00001,
2.426,5.09625,0.01715,0.63337,1.49172,0.08738,0.00006,0.00001,
2.427,5.09375,0.01756,0.64071,1.29527,0.08947,0.00006,0.00001,
2.428,5.09750,0.01882,3.08289,0.21031,0.09593,0.00006,0.00001,
2.429,5.09750,0.01736,2.77966,2.02157,0.08847,0.00006,0.00001,
2.430,5.09875,0.01798,2.77966,2.02157,0.09169,0.00006,0.00001,
2.431,5.09625,0.01903,2.92557,0.94965,0.09697,0.00006,0.00001,
2.432,5.09875,0.01861,2.56935,2.87666,0.09489,0.00006,0.00001,
2.433,5.09875,0.01840,3.05354,0.01956,0.09382,0.00006,0.00001,
2.434,5.09875,0.01945,3.09104,1.23169,0.09915,0.00006,0.00001,
2.435,5.09750,0.01945,1.59361,1.78110,0.09913,0.00006,0.00001,
2.436,5.09750,0.01861,1.70855,1.41917,0.09486,0.00006,0.00001,
2.437,5.09625,0.01819,1.79659,2.17563,0.09271,0.00006,0.00001,
2.438,5.09625,0.01924,1.82919,1.99304,0.09804,0.00006,0.00001,
2.439,5.09500,0.01903,3.09186,1.02953,0.09695,0.00006,0.00001,
2.440,5.09625,0.01756,2.12917,0.26492,0.08951,0.00006,0.00001,
2.441,5.09750,0.01777,2.12917,0.26492,0.09060,0.00006,0.00001,
2.442,5.09625,0.01777,2.16990,1.11103,0.09058,0.00006,0.00001,
2.443,5.09625,0.01840,3.04862,0.01875,0.09377,0.00006,0.00001,
2.444,5.10000,0.01840,2.41689,1.63925,0.09384,0.00006,0.00001,
2.445,5.09500,0.01798,1.84303,0.00245,0.09162,0.00006,0.00001,
2.446,5.09500,0.01861,0.62684,1.43220,0.09482,0.00006,0.00001,
2.447,5.09625,0.01903,1.59767,0.07010,0.09697,0.00006,0.00001,
2.448,5.09750,0.01882,2.45031,2.65165,0.09593,0.00006,0.00001,
2.449,5.09625,0.01798,3.07471,1.81042,0.09164,0.00006,0.00001,
2.450,5.09625,0.01903,1.96449,0.02608,0.09697,0.00006,0.00001,
2.451,5.09750,0.01945,1.96449,0.02608,0.09913,0.00006,0.00001,
2.452,5.09750,0.01777,2.46172,0.92274,0.09060,0.00006,0.00001,
2.453,5.09625,0.01777,2.46172,0.92274,0.09058,0.00006,0.00001,
2.454,5.09875,0.01861,3.07226,0.01630,0.09489,0.00006,0.00001,
2.455,5.09625,0.01903,1.51779,0.88932,0.09697,0.00006,0.00001,
2.456,5.09750,0.01798,3.02498,1.64495,0.09167,0.00006,0.00001,
2.457,5.09500,0.01777,2.62312,2.76332,0.09056,0.00006,0.00001,
2.458,5.09875,0.01840,2.24000,1.50638,0.09382,0.00006,0.00001,
2.459,5.09750,0.01840,2.37287,2.61415,0.09380,0.00006,0.00001,
2.460,5.09500,0.01736,1.81369,1.89357,0.08843,0.00006,0.00001,
2.461,5.09500,0.01736,1.65147,0.16221,0.08843,0.00006,0.00001,
2.462,5.09875,0.01736,0.57549,1.85933,0.08849,0.00006,0.00001,
2.463,5.09750,0.01840,3.05840,0.01630,0.09380,0.00006,0.00001,
2.464,5.09750,0.01861,3.05840,0.01630,0.09486,0.00006,0.00001,
2.465,5.09625,0.01777,1.54224,1.79737,0.09058,0.00006,0.00001,
2.466,5.09625,0.01840,1.47050,2.50980,0.09377,0.00006,0.00001,
2.467,5.09625,0.01903,2.69728,2.37612,0.09697,0.00006,0.00001,
2.468,5.09875,0.01882,1.17624,0.04320,0.09595,0.00006,0.00001,
2.469,5.09625,0.01861,1.80389,0.90317,0.09484,0.00006,0.00001,
2.470,5.09625,0.01966,0.99039,1.37187,0.10017,0.00006,0.00001,
2.471,5.09750,0.01966,1.50718,2.51469,0.10019,0.00006,0.00001,
2.472,5.09750,0.01777,0.59016,0.86893,0.09060,0.00006,0.00001,
2.473,5.09750,0.01777,3.05513,0.01304,0.09060,0.00006,0.00001,
2.474,5.09625,0.01798,0.38637,1.19254,0.09164,0.00006,0.00001,
2.475,5.09500,0.01715,0.38637,1.19254,0.08736,0.00006,0.00001,
2.476,5.09625,0.01840,1.86499,1.49330,0.09377,0.00006,0.00001,
2.477,5.10125,0.01756,3.09093,1.28055,0.08960,0.00006,0.00001,
2.478,5.09625,0.01986,2.35487,2.54643,0.10123,0.00006,0.00001,
2.479,5.09625,0.01798,2.38014,1.56910,0.09164,0.00006,0.00001,
2.480,5.09375,0.01798,1.60741,1.46395,0.09160,0.00006,0.00001,
2.481,5.09875,0.01756,1.67588,1.77370,0.08956,0.00006,0.00001,
2.482,5.09750,0.01840,0.94228,1.05232,0.09380,0.00006,0.00001,
2.483,5.09625,0.01777,3.05425,0.01712,0.09058,0.00006,0.00001,
2.484,5.09750,0.01715,1.69626,2.61979,0.08740,0.00006,0.00001,
2.485,5.09625,0.01840,3.03876,1.55280,0.09377,0.00006,0.00001,
2.486,5.09750,0.01903,3.03876,1.55280,0.09700,0.00006,0.00001,
2.487,5.09625,0.01840,1.78096,1.62691,0.09377,0.00006,0.00001,
2.488,5.09625,0.01819,2.54632,1.95131,0.09271,0.00006,0.00001,
2.489,5.09625,0.01819,1.96028,1.56822,0.09271,0.00006,0.00001,
2.490,5.09750,0.01882,2.49090,2.70200,0.09593,0.00006,0.00001,
2.491,5.09375,0.01966,0.79634,1.30984,0.10012,0.00006,0.00001,
2.492,5.10000,0.01777,2.14530,0.21926,0.09064,0.00006,0.00001,
2.493,5.09875,0.01903,3.04841,0.02038,0.09702,0.00006,0.00001,
2.494,5.09625,0.01986,1.36853,1.15334,0.10123,0.00006,0.00001,
2.495,5.09625,0.01798,1.70515,3.03048,0.09164,0.00006,0.00001,
2.496,5.09875,0.01861,2.11922,0.03260,0.09489,0.00006,0.00001,
2.497,5.09875,0.01819,2.11922,0.03260,0.09275,0.00006,0.00001,
2.498,5.09875,0.01819,2.29366,1.74592,0.09275,0.00006,0.00001,
2.499,5.09625,0.01756,3.08755,0.29262,0.08951,0.00006,0.00001,
2.500,5.09750,0.01819,3.03539,0.89008,0.09273,0.00006,0.00001,
2.501,5.09625,0.01840,1.76792,0.14835,0.09377,0.00006,0.00001,
2.502,5.09625,0.01777,2.94002,0.88437,0.09058,0.00006,0.00001,
2.503,5.09750,0.01777,3.04680,0.01875,0.09060,0.00006,0.00001,
2.504,5.09375,0.01777,1.91546,0.90801,0.09053,0.00006,0.00001,
2.505,5.09875,0.01903,2.75907,2.81124,0.09702,0.00007,0.00001,
2.506,5.09875,0.01903,1.61795,1.78504,0.09702,0.00007,0.00001,
2.507,5.09875,0.01903,1.05635,1.39217,0.09702,0.00007,0.00001,
2.508,5.09500,0.01798,1.05635,1.39217,0.09162,0.00007,0.00001,
2.509,5.10000,0.01861,3.09898,1.31556,0.09491,0.00007,0.00001,
2.510,5.09500,0.01861,3.08676,1.84863,0.09482,0.00007,0.00001,
2.511,5.09750,0.01756,2.16163,0.10678,0.08953,0.00007,0.00001,
2.512,5.09875,0.01736,0.71484,1.17699,0.08849,0.00007,0.00001,
2.513,5.09625,0.01840,3.05415,0.02282,0.09377,0.00007,0.00001,
2.514,5.09500,0.01861,0.67327,1.28622,0.09482,0.00007,0.00001,
2.515,5.09625,0.01736,1.42152,2.00268,0.08845,0.00007,0.00001,
2.516,5.09625,0.01736,2.77295,1.52015,0.08845,0.00007,0.00001,
2.517,5.09750,0.01819,0.84118,1.83559,0.09273,0.00007,0.00001,
2.518,5.09625,0.01798,3.03541,1.61551,0.09164,0.00007,0.00001,
2.519,5.09875,0.01777,3.03541,1.61551,0.09062,0.00007,0.00001,
2.520,5.09750,0.01777,1.46800,1.09142,0.09060,0.00007,0.00001,
2.521,5.09625,0.01924,1.36937,0.06358,0.09804,0.00007,0.00001,
2.522,5.10125,0.01924,1.34737,2.08096,0.09813,0.00007,0.00001,
2.523,5.09500,0.01819,3.05093,0.01875,0.09269,0.00007,0.00001,
2.524,5.09500,0.01966,2.32386,1.49572,0.10014,0.00007,0.00001,
2.525,5.09500,0.01819,2.50970,0.74256,0.09269,0.00007,0.00001,
2.526,5.10000,0.01819,1.68400,0.04239,0.09278,0.00007,0.00001,
2.527,5.09625,0.01798,2.56839,1.27564,0.09164,0.00007,0.00001,
2.528,5.09875,0.01882,2.00434,0.03260,0.09595,0.00007,0.00001,
2.529,5.09875,0.01882,2.32468,2.57736,0.09595,0.00007,0.00001,
2.530,5.09750,0.01840,2.32468,2.57736,0.09380,0.00007,0.00001,
2.531,5.09750,0.01840,1.68237,1.61472,0.09380,0.00007,0.00001,
2.532,5.09750,0.01819,2.11682,2.81863,0.09273,0.00007,0.00001,
2.533,5.09625,0.01819,3.05419,0.01956,0.09271,0.00007,0.00001,
2.534,5.09625,0.01756,3.10310,1.26830,0.08951,0.00007,0.00001,
2.535,5.09750,0.01756,1.58701,1.65466,0.08953,0.00007,0.00001,
2.536,5.09750,0.01819,1.41502,1.64569,0.09273,0.00007,0.00001,
2.537,5.09750,0.01777,1.59434,0.04320,0.09060,0.00007,0.00001,
2.538,5.09750,0.01903,2.15024,0.18095,0.09700,0.00007,0.00001,
2.539,5.09500,0.01756,0.39206,1.18027,0.08949,0.00007,0.00001,
2.540,5.09625,0.01882,2.32875,0.22334,0.09591,0.00007,0.00001,
2.541,5.09875,0.01945,2.32875,0.22334,0.09915,0.00007,0.00001,
2.542,5.09875,0.01882,1.64407,1.71661,0.09595,0.00007,0.00001,
2.543,5.09875,0.01924,3.05013,0.01386,0.09809,0.00007,0.00001,
2.544,5.09750,0.01924,0.77843,1.70194,0.09806,0.00007,0.00001,
2.545,5.09875,0.01986,1.87312,0.00082,0.10128,0.00007,0.00001,
2.546,5.09625,0.01715,2.21138,0.00571,0.08738,0.00007,0.00001,
2.547,5.10000,0.01736,2.74854,0.65046,0.08851,0.00007,0.00001,
2.548,5.10000,0.01819,2.08015,0.67409,0.09278,0.00007,0.00001,
2.549,5.09750,0.01715,0.76049,1.01236,0.08740,0.00007,0.00001,
2.550,5.09250,0.01777,0.73197,1.50387,0.09051,0.00007,0.00001,
2.551,5.09500,0.01903,1.40443,0.05869,0.09695,0.00007,0.00001,
2.552,5.09500,0.01798,1.40443,0.05869,0.09162,0.00007,0.00001,
2.553,5.09750,0.01798,3.05666,0.01630,0.09167,0.00007,0.00001,
2.554,5.09625,0.01756,0.63579,2.01495,0.08951,0.00007,0.00001,
2.555,5.09500,0.01840,1.71988,1.62044,0.09375,0.00007,0.00001,
2.556,5.09625,0.01819,1.30744,0.15243,0.09271,0.00007,0.00001,
2.557,5.09750,0.01840,1.77531,0.02771,0.09380,0.00007,0.00001,
2.558,5.09750,0.01840,2.29616,1.74515,0.09380,0.00007,0.00001,
2.559,5.09625,0.01882,2.42903,0.00734,0.09591,0.00007,0.00001,
2.560,5.09875,0.01903,2.41109,1.63266,0.09702,0.00007,0.00001,
2.561,5.09875,0.01798,1.30418,2.10054,0.09169,0.00007,0.00001,
2.562,5.10000,0.01798,1.89758,0.12553,0.09171,0.00007,0.00001,
2.563,5.10000,0.01924,1.89758,0.12553,0.09811,0.00007,0.00001,
2.564,5.10000,0.01903,2.18941,0.67329,0.09704,0.00007,0.00001,
2.565,5.10000,0.01840,0.92516,1.21290,0.09384,0.00007,0.00001,
2.566,5.09750,0.01903,1.11508,1.24876,0.09700,0.00007,0.00001,
2.567,5.09875,0.01861,1.30012,0.14509,0.09489,0.00007,0.00001,
2.568,5.09500,0.01777,2.93851,2.03617,0.09056,0.00007,0.00001,
2.569,5.09250,0.01924,0.85751,0.73931,0.09797,0.00007,0.00001,
2.570,5.09250,0.01694,2.24076,2.87004,0.08625,0.00007,0.00001,
2.571,5.09625,0.01694,2.76489,0.53472,0.08632,0.00007,0.00001,
2.572,5.09500,0.01840,2.81461,0.86729,0.09375,0.00007,0.00001,
2.573,5.09500,0.01798,3.05344,0.01630,0.09162,0.00007,0.00001,
2.574,5.09750,0.01798,3.05344,0.01630,0.09167,0.00007,0.00001,
2.575,5.09750,0.01840,0.45973,0.99934,0.09380,0.00007,0.00001,
2.576,5.09625,0.01840,1.37674,1.14117,0.09377,0.00007,0.00001,
2.577,5.09500,0.01798,2.11769,0.03424,0.09162,0.00007,0.00001,
2.578,5.09875,0.01903,2.32717,1.69871,0.09702,0.00007,0.00001,
2.579,5.09875,0.01861,1.29034,0.02445,0.09489,0.00007,0.00001,
2.580,5.09750,0.01861,0.54939,1.75659,0.09486,0.00007,0.00001,
2.581,5.09750,0.01798,2.23669,1.15177,0.09167,0.00007,0.00001,
2.582,5.09750,0.01945,3.05997,1.41098,0.09913,0.00007,0.00001,
2.583,5.09750,0.01903,0.54939,0.00652,0.09700,0.00007,0.00001,
2.584,5.09625,0.01777,1.91228,0.03342,0.09058,0.00007,0.00001,
2.585,5.09750,0.01798,1.91228,0.03342,0.09167,0.00007,0.00001,
2.586,5.09500,0.01861,1.44531,1.96132,0.09482,0.00007,0.00001,
2.587,5.09625,0.01945,2.50749,1.38254,0.09910,0.00007,0.00001,
2.588,5.09625,0.01798,1.94175,0.33096,0.09164,0.00007,0.00001,
2.589,5.10000,0.01798,0.38476,1.21217,0.09171,0.00007,0.00001,
2.590,5.09750,0.01882,0.52334,1.14369,0.09593,0.00007,0.00001,
2.591,5.09375,0.01945,2.25478,0.23559,0.09905,0.00007,0.00001,
2.592,5.09500,0.01777,2.04610,1.25700,0.09056,0.00007,0.00001,
2.593,5.09750,0.01840,3.05203,0.01793,0.09380,0.00007,0.00001,
2.594,5.09750,0.01861,0.91708,1.70698,0.09486,0.00007,0.00001,
2.595,5.09500,0.01756,1.28065,1.56840,0.08949,0.00007,0.00001,
2.596,5.09625,0.01777,1.28065,1.56840,0.09058,0.00007,0.00001,
2.597,5.09625,0.01798,2.16609,1.18862,0.09164,0.00007,0.00001,
2.598,5.09625,0.01798,2.35115,0.73208,0.09164,0.00007,0.00001,
2.599,5.09625,0.01861,0.84948,1.07122,0.09484,0.00007,0.00001,
2.600,5.09625,0.01715,2.03239,2.35522,0.08738,0.00007,0.00001,
2.601,5.09625,0.01736,2.70496,0.67991,0.08845,0.00007,0.00001,
2.602,5.09875,0.01819,1.25628,0.05381,0.09275,0.00007,0.00001,
2.603,5.09875,0.01861,3.05225,0.02364,0.09489,0.00007,0.00001,
2.604,5.09875,0.01819,1.41362,0.04484,0.09275,0.00007,0.00001,
2.605,5.09750,0.01882,2.13103,1.22123,0.09593,0.00007,0.00001,
2.606,5.09750,0.01966,1.28237,0.02038,0.10019,0.00007,0.00001,
2.607,5.09750,0.01966,1.28237,0.02038,0.10019,0.00007,0.00001,
2.608,5.09625,0.01736,1.38278,2.00324,0.08845,0.00007,0.00001,
2.609,5.09750,0.01840,0.77700,0.99877,0.09380,0.00007,0.00001,
2.610,5.09625,0.01861,1.97552,0.02935,0.09484,0.00007,0.00001,
2.611,5.09875,0.01819,2.79247,1.60455,0.09275,0.00007,0.00001,
2.612,5.09625,0.01798,2.79247,1.60455,0.09164,0.00007,0.00001,
2.613,5.09375,0.01819,2.84546,1.81653,0.09266,0.00007,0.00001,
2.614,5.09750,0.01819,1.60618,1.80104,0.09273,0.00007,0.00001,
2.615,5.09750,0.01798,1.40235,2.03259,0.09167,0.00007,0.00001,
2.616,5.09875,0.01798,0.99306,1.83202,0.09169,0.00007,0.00001,
2.617,5.09875,0.01756,1.58579,0.04647,0.08956,0.00007,0.00001,
2.618,5.09750,0.01798,0.63921,1.41295,0.09167,0.00007,0.00001,
2.619,5.09750,0.01861,0.63921,1.41295,0.09486,0.00007,0.00001,
2.620,5.09625,0.01736,2.60901,0.77373,0.08845,0.00007,0.00001,
2.621,5.09750,0.01924,2.38398,1.59557,0.09806,0.00007,0.00001,
2.622,5.09375,0.01840,1.27923,0.03995,0.09373,0.00007,0.00001,
2.623,5.09500,0.01840,3.01829,0.02283,0.09375,0.00007,0.00001,
2.624,5.09500,0.01986,1.91517,0.12637,0.10121,0.00007,0.00001,
2.625,5.09625,0.01986,2.56416,2.06193,0.10123,0.00007,0.00001,
2.626,5.09750,0.01861,1.80429,0.33754,0.09486,0.00007,0.00001,
2.627,5.09875,0.01840,2.56579,1.29390,0.09382,0.00007,0.00001,
2.628,5.09500,0.01924,3.11042,1.15530,0.09801,0.00007,0.00001,
2.629,5.09500,0.01840,1.55644,1.69259,0.09375,0.00007,0.00001,
2.630,5.09625,0.01798,1.55644,1.69259,0.09164,0.00007,0.00001,
2.631,5.09625,0.01882,2.02845,1.34360,0.09591,0.00007,0.00001,
2.632,5.09625,0.01819,2.35131,2.60079,0.09271,0.00007,0.00001,
2.633,5.09875,0.01777,3.05817,0.02038,0.09062,0.00007,0.00001,
2.634,5.09875,0.01777,1.80751,2.17194,0.09062,0.00007,0.00001,
2.635,5.09250,0.01777,2.05535,1.33219,0.09051,0.00007,0.00001,
2.636,5.09625,0.01882,0.61147,1.40312,0.09591,0.00007,0.00001,
2.637,5.09750,0.01861,1.39497,1.98361,0.09486,0.00007,0.00001,
2.638,5.09875,0.01882,1.06151,1.40638,0.09595,0.00007,0.00001,
2.639,5.10125,0.01840,3.11687,1.17810,0.09387,0.00007,0.00001,
2.640,5.09875,0.01903,2.20048,2.48991,0.09702,0.00007,0.00001,
2.641,5.09750,0.01861,2.20048,2.48991,0.09486,0.00007,0.00001,
2.642,5.09750,0.01861,2.67404,1.94194,0.09486,0.00007,0.00001,
2.643,5.09500,0.01882,3.05314,0.02038,0.09588,0.00007,0.00001,
2.644,5.09875,0.01882,1.77563,2.16369,0.09595,0.00007,0.00001,
2.645,5.09875,0.01924,2.15717,1.11446,0.09809,0.00007,0.00001,
2.646,5.09875,0.01756,2.47267,0.01060,0.08956,0.00007,0.00001,
2.647,5.09750,0.01882,1.59627,0.02690,0.09593,0.00007,0.00001,
2.648,5.09750,0.01819,1.47317,1.08266,0.09273,0.00007,0.00001,
2.649,5.09875,0.01798,1.94683,0.59514,0.09169,0.00007,0.00001,
2.650,5.09500,0.01777,1.30033,0.15408,0.09056,0.00007,0.00001,
2.651,5.09875,0.01798,3.13303,1.05657,0.09169,0.00007,0.00001,
2.652,5.09875,0.01798,3.13303,1.05657,0.09169,0.00007,0.00001,
2.653,5.09625,0.01840,3.05548,0.01794,0.09377,0.00007,0.00001,
2.654,5.09750,0.01819,3.09380,1.03616,0.09273,0.00007,0.00001,
2.655,5.09500,0.01736,0.90572,1.31415,0.08843,0.00007,0.00001,
2.656,5.09625,0.01819,3.00983,1.71606,0.09271,0.00007,0.00001,
2.657,5.09750,0.01798,1.82367,0.03995,0.09167,0.00007,0.00001,
2.658,5.09500,0.01756,2.53047,1.84079,0.08949,0.00007,0.00001,
2.659,5.09750,0.01715,3.06445,1.34350,0.08740,0.00007,0.00001,
2.660,5.09750,0.01882,1.80166,0.37827,0.09593,0.00007,0.00001,
2.661,5.09750,0.01777,1.31252,1.73073,0.09060,0.00007,0.00001,
2.662,5.09625,0.01777,1.41605,1.96634,0.09058,0.00007,0.00001,
2.663,5.09625,0.01945,1.41605,1.96634,0.09910,0.00007,0.00001,
2.664,5.09500,0.01840,2.13264,1.43481,0.09375,0.00007,0.00001,
2.665,5.09375,0.01840,3.15413,0.00489,0.09373,0.00007,0.00001,
2.666,5.09625,0.01882,2.11471,0.03342,0.09591,0.00007,0.00001,
2.667,5.09625,0.01903,2.64950,1.18942,0.09697,0.00007,0.00001,
2.668,5.09625,0.01673,0.62773,1.44785,0.08525,0.00007,0.00001,
2.669,5.09875,0.01819,3.12967,0.95871,0.09275,0.00007,0.00001,
2.670,5.09875,0.01861,3.08076,1.38100,0.09489,0.00007,0.00001,
2.671,5.10000,0.01861,2.11471,1.14132,0.09491,0.00007,0.00001,
2.672,5.09875,0.01840,1.55709,0.03995,0.09382,0.00007,0.00001,
2.673,5.09500,0.01777,3.05385,0.02201,0.09056,0.00007,0.00001,
2.674,5.09625,0.01798,3.05385,0.02201,0.09164,0.00007,0.00001,
2.675,5.09750,0.01798,3.08160,0.08315,0.09167,0.00007,0.00001,
2.676,5.09750,0.01924,1.49352,1.87423,0.09806,0.00007,0.00001,
2.677,5.09750,0.01777,1.71363,0.13859,0.09060,0.00007,0.00001,
2.678,5.09750,0.01903,2.74490,0.66197,0.09700,0.00007,0.00001,
2.679,5.09750,0.01903,1.19677,1.60194,0.09700,0.00007,0.00001,
2.680,5.09625,0.01903,2.05766,0.45246,0.09697,0.00007,0.00001,
2.681,5.09750,0.01840,1.73564,1.55140,0.09380,0.00007,0.00001,
2.682,5.09750,0.01840,2.12614,1.16905,0.09380,0.00007,0.00001,
2.683,5.09625,0.01945,3.05551,0.01957,0.09910,0.00007,0.00001,
2.684,5.09750,0.01861,2.27614,1.77640,0.09486,0.00007,0.00001,
2.685,5.09375,0.01861,2.27614,1.77640,0.09479,0.00007,0.00001,
2.686,5.09625,0.01903,1.47966,1.89298,0.09697,0.00007,0.00001,
2.687,5.09875,0.01903,0.72149,2.04625,0.09702,0.00007,0.00001,
2.688,5.09875,0.01798,1.97532,2.14897,0.09169,0.00007,0.00001,
2.689,5.09875,0.01798,1.18943,1.57830,0.09169,0.00007,0.00001,
2.690,5.09750,0.01903,2.12370,2.42778,0.09700,0.00007,0.00001,
2.691,5.09500,0.01882,2.95687,1.91010,0.09588,0.00007,0.00001,
2.692,5.09750,0.01756,1.73483,0.50137,0.08953,0.00007,0.00001,
2.693,5.09625,0.01924,3.05796,0.02364,0.09804,0.00007,0.00001,
2.694,5.09500,0.01903,1.88483,1.39487,0.09695,0.00007,0.00001,
2.695,5.09875,0.01798,1.43400,0.00897,0.09169,0.00007,0.00001,
2.696,5.09500,0.01819,1.43400,0.00897,0.09269,0.00007,0.00001,
2.697,5.09500,0.01798,1.56283,1.75523,0.09162,0.00007,0.00001,
2.698,5.09875,0.01798,2.28840,2.89250,0.09169,0.00007,0.00001,
2.699,5.09625,0.01777,2.77510,1.53267,0.09058,0.00007,0.00001,
2.700,5.09750,0.01756,2.75635,1.46745,0.08953,0.00007,0.00001,
2.701,5.09875,0.01777,2.04627,2.04872,0.09062,0.00007,0.00001,
2.702,5.09625,0.01861,1.79844,0.55518,0.09484,0.00007,0.00001,
2.703,5.09875,0.01945,3.06615,0.01712,0.09915,0.00007,0.00001,
2.704,5.09625,0.01819,2.20280,1.13646,0.09271,0.00007,0.00001,
2.705,5.09750,0.01903,0.71905,2.05769,0.09700,0.00007,0.00001,
2.706,5.09750,0.01882,1.77072,0.08642,0.09593,0.00007,0.00001,
2.707,5.09625,0.01882,1.77072,0.08642,0.09591,0.00007,0.00001,
2.708,5.09625,0.01819,1.44628,1.68353,0.09271,0.00007,0.00001,
2.709,5.09625,0.01882,2.14415,0.09702,0.09591,0.00007,0.00001,
2.710,5.09750,0.01903,2.68549,1.22372,0.09700,0.00007,0.00001,
2.711,5.09875,0.01777,2.98061,1.84902,0.09062,0.00007,0.00001,
2.712,5.09625,0.01819,2.34063,0.22420,0.09271,0.00007,0.00001,
2.713,5.09875,0.01840,3.05399,0.02446,0.09382,0.00007,0.00001,
2.714,5.09875,0.01798,2.08382,1.27019,0.09169,0.00007,0.00001,
2.715,5.09875,0.01736,0.86907,1.00115,0.08849,0.00007,0.00001,
2.716,5.09750,0.01736,2.26237,1.78299,0.08847,0.00007,0.00001,
2.717,5.09500,0.01903,3.04584,1.49031,0.09695,0.00007,0.00001,
2.718,5.09625,0.01819,3.04584,1.49031,0.09271,0.00007,0.00001,
2.719,5.09750,0.01652,1.66736,1.17000,0.08421,0.00007,0.00001,
2.720,5.09625,0.01798,2.90911,0.90828,0.09164,0.00007,0.00001,
2.721,5.09625,0.01840,2.82594,1.73258,0.09377,0.00007,0.00001,
2.722,5.09500,0.01798,1.91440,1.47494,0.09162,0.00007,0.00001,
2.723,5.10125,0.01840,3.05668,0.01875,0.09387,0.00007,0.00001,
2.724,5.10125,0.01882,1.12842,1.50429,0.09600,0.00007,0.00001,
2.725,5.09500,0.01882,2.13943,0.00326,0.09588,0.00007,0.00001,
2.726,5.09875,0.01903,2.27967,1.10315,0.09702,0.00007,0.00001,
2.727,5.09875,0.01861,2.20466,0.75418,0.09489,0.00007,0.00001,
2.728,5.10000,0.01861,1.20832,1.22871,0.09491,0.00007,0.00001,
2.729,5.09875,0.01840,1.20832,1.22871,0.09382,0.00007,0.00001,
2.730,5.09500,0.01819,2.63114,1.86716,0.09269,0.00007,0.00001,
2.731,5.10000,0.01861,1.42931,0.02201,0.09491,0.00007,0.00001,
2.732,5.09875,0.01882,1.46519,1.92586,0.09595,0.00007,0.00001,
2.733,5.09875,0.01819,3.05757,0.02201,0.09275,0.00007,0.00001,
2.734,5.09750,0.01819,1.67800,0.17285,0.09273,0.00007,0.00001,
2.735,5.09375,0.01694,0.98413,1.87939,0.08627,0.00007,0.00001,
2.736,5.09750,0.01777,2.46155,1.63560,0.09060,0.00007,0.00001,
2.737,5.09875,0.01798,1.86308,0.63108,0.09169,0.00007,0.00001,
2.738,5.09750,0.01756,1.22466,0.01875,0.08953,0.00007,0.00001,
2.739,5.09750,0.01777,1.60380,2.85944,0.09060,0.00007,0.00001,
2.740,5.09750,0.01840,1.60380,2.85944,0.09380,0.00007,0.00001,
2.741,5.10000,0.01903,1.48191,1.88073,0.09704,0.00007,0.00001,
2.742,5.10000,0.01840,2.24530,1.68907,0.09384,0.00007,0.00001,
2.743,5.09625,0.01840,2.12622,0.01957,0.09377,0.00007,0.00001,
2.744,5.09750,0.01840,0.94689,1.24539,0.09380,0.00007,0.00001,
2.745,5.09875,0.01882,3.11144,0.00816,0.09595,0.00007,0.00001,
2.746,5.09500,0.01861,3.09024,0.31645,0.09482,0.00007,0.00001,
2.747,5.09625,0.01903,2.49894,0.85391,0.09697,0.00007,0.00001,
2.748,5.09625,0.01882,0.62963,1.46886,0.09591,0.00007,0.00001,
2.749,5.09500,0.01840,0.84494,1.07004,0.09375,0.00007,0.00001,
2.750,5.10000,0.01903,0.97462,1.26904,0.09704,0.00007,0.00001,
2.751,5.10000,0.01903,0.97462,1.26904,0.09704,0.00007,0.00001,
2.752,5.09750,0.01903,1.62218,2.75339,0.09700,0.00007,0.00001,
2.753,5.09750,0.01736,3.05516,0.02284,0.08847,0.00007,0.00001,
2.754,5.09625,0.01798,1.71679,1.57814,0.09164,0.00007,0.00001,
2.755,5.09625,0.01798,3.17586,0.01060,0.09164,0.00007,0.00001,
2.756,5.09875,0.01756,2.59599,0.78785,0.08956,0.00007,0.00001,
2.757,5.09625,0.01777,2.64084,1.17606,0.09058,0.00007,0.00001,
2.758,5.09750,0.01777,1.72903,0.36864,0.09060,0.00007,0.00001,
2.759,5.09875,0.01840,2.70364,0.71445,0.09382,0.00007,0.00001,
2.760,5.09875,0.01798,2.20043,0.42736,0.09169,0.00007,0.00001,
2.761,5.09625,0.01798,2.71751,2.82272,0.09164,0.00007,0.00001,
2.762,5.09625,0.01777,2.71751,2.82272,0.09058,0.00007,0.00001,
2.763,5.09500,0.01861,3.06004,0.02202,0.09482,0.00007,0.00001,
2.764,5.09750,0.01861,1.22907,0.05464,0.09486,0.00007,0.00001,
2.765,5.09750,0.01756,3.03884,1.00479,0.08953,0.00007,0.00001,
2.766,5.09500,0.01903,2.99235,1.71760,0.09695,0.00007,0.00001,
2.767,5.09625,0.01882,2.00469,0.31318,0.09591,0.00007,0.00001,
2.768,5.09625,0.01777,2.15883,0.11500,0.09058,0.00007,0.00001,
2.769,5.09625,0.01777,1.36446,2.02997,0.09058,0.00007,0.00001,
2.770,5.09500,0.01777,3.06901,1.39545,0.09056,0.00007,0.00001,
2.771,5.09500,0.01819,1.92313,2.22244,0.09269,0.00007,0.00001,
2.772,5.09750,0.01861,1.71271,1.11734,0.09486,0.00007,0.00001,
2.773,5.09875,0.01756,1.71271,1.11734,0.08956,0.00007,0.00001,
2.774,5.09375,0.01715,2.63099,2.17510,0.08734,0.00007,0.00001,
2.775,5.09625,0.01903,2.63099,2.17510,0.09697,0.00007,0.00001,
2.776,5.09750,0.01798,1.97365,2.71826,0.09167,0.00007,0.00001,
2.777,5.09500,0.01756,1.80728,2.63099,0.08949,0.00007,0.00001,
2.778,5.09500,0.01903,1.44435,0.02365,0.09695,0.00007,0.00001,
2.779,5.09875,0.01903,2.89116,1.95816,0.09702,0.00007,0.00001,
2.780,5.09625,0.01840,1.08796,1.44680,0.09377,0.00007,0.00001,
2.781,5.09875,0.01798,1.07491,1.23476,0.09169,0.00007,0.00001,
2.782,5.09500,0.01903,2.08294,0.10765,0.09695,0.00007,0.00001,
2.783,5.09625,0.01840,2.31211,1.03902,0.09377,0.00007,0.00001,
2.784,5.09750,0.01840,3.02980,1.56914,0.09380,0.00007,0.00001,
2.785,5.09625,0.01924,3.02980,1.56914,0.09804,0.00007,0.00001,
2.786,5.09625,0.01861,1.89357,0.88481,0.09484,0.00007,0.00001,
2.787,5.09625,0.01840,1.70030,0.51702,0.09377,0.00007,0.00001,
2.788,5.09875,0.01840,2.10886,1.27706,0.09382,0.00007,0.00001,
2.789,5.09750,0.01945,1.28929,0.06279,0.09913,0.00007,0.00001,
2.790,5.09625,0.01882,1.69459,1.67746,0.09591,0.00007,0.00001,
2.791,5.09625,0.01798,2.72863,1.35127,0.09164,0.00007,0.00001,
2.792,5.09875,0.01798,0.64424,1.36268,0.09169,0.00007,0.00001,
2.793,5.09625,0.01840,3.05320,0.01794,0.09377,0.00007,0.00001,
2.794,5.09875,0.01903,2.94066,0.93129,0.09702,0.00007,0.00001,
2.795,5.09750,0.01861,2.21650,1.71742,0.09486,0.00007,0.00001,
2.796,5.09875,0.01903,2.21650,1.71742,0.09702,0.00007,0.00001,
2.797,5.09875,0.01903,2.66613,0.62291,0.09702,0.00007,0.00001,
2.798,5.09750,0.01882,1.65267,0.03017,0.09593,0.00007,0.00001,
2.799,5.09750,0.01840,2.76641,1.46596,0.09380,0.00007,0.00001,
2.800,5.09625,0.01798,1.78639,0.58215,0.09164,0.00007,0.00001,
2.801,5.09750,0.01736,1.64044,0.47371,0.08847,0.00007,0.00001,
2.802,5.10000,0.01861,2.86099,1.85895,0.09491,0.00007,0.00001,
2.803,5.09875,0.01840,3.05504,0.01631,0.09382,0.00007,0.00001,
2.804,5.09875,0.01798,3.09091,1.29637,0.09169,0.00007,0.00001,
2.805,5.09625,0.01924,2.02854,1.23359,0.09804,0.00007,0.00001,
2.806,5.09625,0.01924,2.21117,1.16511,0.09804,0.00007,0.00001,
2.807,5.09625,0.01840,2.21117,1.16511,0.09377,0.00007,0.00001,
2.808,5.09750,0.01819,1.59249,1.80439,0.09273,0.00007,0.00001,
2.809,5.10000,0.01903,0.91034,0.55175,0.09704,0.00007,0.00001,
2.810,5.09750,0.01924,2.93152,2.08148,0.09806,0.00007,0.00001,
2.811,5.10000,0.01756,0.92583,1.19070,0.08958,0.00007,0.00001,
2.812,5.09750,0.01924,1.68947,1.66095,0.09806,0.00007,0.00001,
2.813,5.10000,0.01861,1.43764,1.70822,0.09491,0.00007,0.00001,
2.814,5.09625,0.01756,1.75467,1.52647,0.08951,0.00007,0.00001,
2.815,5.09625,0.01777,2.86061,2.54440,0.09058,0.00007,0.00001,
2.816,5.09750,0.01777,2.74325,0.66259,0.09060,0.00007,0.00001,
2.817,5.09625,0.01840,2.45149,0.89404,0.09377,0.00007,0.00001,
2.818,5.09875,0.01715,2.45149,0.89404,0.08742,0.00007,0.00001,
2.819,5.09875,0.01819,1.16951,1.49469,0.09275,0.00007,0.00001,
2.820,5.09625,0.01819,1.32925,0.02200,0.09271,0.00007,0.00001,
2.821,5.09625,0.01840,2.05051,1.35044,0.09377,0.00007,0.00001,
2.822,5.09875,0.01715,2.38384,2.90625,0.08742,0.00007,0.00001,
2.823,5.09625,0.01736,2.03095,2.04318,0.08845,0.00007,0.00001,
2.824,5.09625,0.01861,1.37652,1.50692,0.09484,0.00007,0.00001,
2.825,5.09625,0.01861,2.28768,1.73837,0.09484,0.00007,0.00001,
2.826,5.09625,0.01840,1.47758,1.87366,0.09377,0.00007,0.00001,
2.827,5.09375,0.01798,2.91522,2.10023,0.09160,0.00007,0.00001,
2.828,5.09875,0.01798,0.84270,1.06682,0.09169,0.00007,0.00001,
2.829,5.09875,0.01819,0.84270,1.06682,0.09275,0.00007,0.00001,
2.830,5.10000,0.01798,1.50448,1.91198,0.09171,0.00007,0.00001,
2.831,5.09625,0.01861,2.28199,0.25346,0.09484,0.00007,0.00001,
2.832,5.09500,0.01882,2.59251,1.23146,0.09588,0.00007,0.00001,
2.833,5.09500,0.01819,1.47107,0.07172,0.09269,0.00007,0.00001,
2.834,5.09750,0.01819,1.65444,1.64874,0.09273,0.00007,0.00001,
2.835,5.09500,0.01903,1.79625,1.06520,0.09695,0.00007,0.00001,
2.836,5.09875,0.01840,2.19560,0.00652,0.09382,0.00007,0.00001,
2.837,5.09750,0.01756,1.80196,1.61451,0.08953,0.00007,0.00001,
2.838,5.09250,0.01819,1.80603,1.08884,0.09264,0.00007,0.00001,
2.839,5.09875,0.01777,0.87775,1.10106,0.09062,0.00007,0.00001,
2.840,5.09625,0.01798,0.87775,1.10106,0.09164,0.00007,0.00001,
2.841,5.09750,0.01882,2.45564,1.62107,0.09593,0.00007,0.00001,
2.842,5.09750,0.01819,1.83623,0.53873,0.09273,0.00007,0.00001,
2.843,5.09625,0.01819,1.82971,0.85088,0.09271,0.00007,0.00001,
2.844,5.09750,0.01945,1.57135,1.77429,0.09913,0.00007,0.00001,
2.845,5.09625,0.01882,1.70664,2.83707,0.09591,0.00007,0.00001,
2.846,5.09875,0.01777,3.08810,0.93890,0.09062,0.00007,0.00001,
2.847,5.09625,0.01903,2.54611,1.30973,0.09697,0.00007,0.00001,
2.848,5.09625,0.01882,1.45969,1.89980,0.09591,0.00007,0.00001,
2.849,5.09625,0.01756,1.63737,1.21356,0.08951,0.00007,0.00001,
2.850,5.10125,0.01924,3.01148,1.73598,0.09813,0.00007,0.00001,
2.851,5.10125,0.01882,3.01148,1.73598,0.09600,0.00007,0.00001,
2.852,5.09875,0.01882,2.51444,1.69857,0.09595,0.00007,0.00001,
2.853,5.09500,0.01798,1.42634,2.92930,0.09162,0.00007,0.00001,
2.854,5.09500,0.01819,2.24792,1.67167,0.09269,0.00007,0.00001,
2.855,5.09875,0.01819,2.49895,1.68553,0.09275,0.00007,0.00001,
2.856,5.09625,0.01777,2.21694,1.13211,0.09058,0.00007,0.00001,
2.857,5.09625,0.01798,1.83957,1.55594,0.09164,0.00007,0.00001,
2.858,5.09750,0.01798,1.30408,2.10854,0.09167,0.00007,0.00001,
2.859,5.09875,0.01798,1.90396,0.51756,0.09169,0.00007,0.00001,
2.860,5.09875,0.01673,2.31638,0.23474,0.08529,0.00007,0.00001,
2.861,5.09875,0.01673,1.84446,1.51600,0.08529,0.00007,0.00001,
2.862,5.09375,0.01819,1.84446,1.51600,0.09266,0.00007,0.00001,
2.863,5.09625,0.01903,2.53491,2.94898,0.09697,0.00007,0.00001,
2.864,5.09625,0.01945,2.14041,0.43444,0.09910,0.00007,0.00001,
2.865,5.09750,0.01819,1.64973,3.03212,0.09273,0.00007,0.00001,
2.866,5.09750,0.01924,2.13552,1.03923,0.09806,0.00007,0.00001,
2.867,5.09750,0.01903,2.29365,1.10362,0.09700,0.00007,0.00001,
2.868,5.09625,0.01861,1.85024,1.51932,0.09484,0.00007,0.00001,
2.869,5.09625,0.01840,1.38075,0.05869,0.09377,0.00007,0.00001,
2.870,5.09500,0.01840,1.75977,1.62365,0.09375,0.00007,0.00001,
2.871,5.09750,0.01903,2.59686,1.21611,0.09700,0.00007,0.00001,
2.872,5.09625,0.01736,2.62213,0.65207,0.08845,0.00007,0.00001,
2.873,5.09750,0.01777,2.62213,0.65207,0.09060,0.00007,0.00001,
2.874,5.09750,0.01840,0.89510,1.35977,0.09380,0.00007,0.00001,
2.875,5.09875,0.01861,2.14074,1.29211,0.09489,0.00007,0.00001,
2.876,5.09625,0.01756,0.50054,1.09727,0.08951,0.00007,0.00001,
2.877,5.09500,0.01798,2.73666,0.55842,0.09162,0.00007,0.00001,
2.878,5.09500,0.01840,2.28096,1.02146,0.09375,0.00007,0.00001,
2.879,5.09875,0.01840,1.84563,1.45026,0.09382,0.00007,0.00001,
2.880,5.09500,0.01736,2.86954,1.89210,0.08843,0.00007,0.00001,
2.881,5.09500,0.01840,2.34128,0.88043,0.09375,0.00007,0.00001,
2.882,5.09750,0.01840,2.06900,1.25705,0.09380,0.00007,0.00001,
2.883,5.09500,0.01819,1.67036,1.22771,0.09269,0.00007,0.00001,
2.884,5.10000,0.01819,1.67036,1.22771,0.09278,0.00007,0.00001,
2.885,5.09750,0.01903,3.08393,0.15897,0.09700,0.00007,0.00001,
2.886,5.10000,0.01924,2.10161,1.23586,0.09811,0.00007,0.00001,
2.887,5.10000,0.01756,1.40379,2.01357,0.08958,0.00007,0.00001,
2.888,5.09625,0.01756,1.37607,1.57091,0.08951,0.00007,0.00001,
2.889,5.09500,0.01861,2.35677,1.05325,0.09482,0.00007,0.00001,
2.890,5.09625,0.01903,2.00786,2.04943,0.09697,0.00007,0.00001,
2.891,5.10000,0.01715,1.51384,1.85868,0.08745,0.00008,0.00001,
2.892,5.09750,0.01736,2.19128,1.16738,0.08847,0.00008,0.00001,
2.893,5.09875,0.01861,1.83585,2.49535,0.09489,0.00008,0.00001,
2.894,5.09750,0.01736,1.49672,0.67907,0.08847,0.00008,0.00001,
2.895,5.09875,0.01819,1.49672,0.67907,0.09275,0.00008,0.00001,
2.896,5.09875,0.01819,2.17172,0.49728,0.09275,0.00008,0.00001,
2.897,5.09500,0.01819,2.12933,1.15597,0.09269,0.00008,0.00001,
2.898,5.10125,0.01882,1.40542,1.95080,0.09600,0.00008,0.00001,
2.899,5.09750,0.01924,2.80188,1.59863,0.09806,0.00008,0.00001,
2.900,5.09875,0.01819,3.01384,1.60515,0.09275,0.00008,0.00001,
2.901,5.09625,0.01736,1.53504,1.78939,0.08845,0.00008,0.00001,
2.902,5.09750,0.01798,1.65814,1.19999,0.09167,0.00008,0.00001,
2.903,5.09875,0.01777,2.61683,1.85298,0.09062,0.00008,0.00001,
2.904,5.09875,0.01819,2.20270,0.41902,0.09275,0.00008,0.00001,
2.905,5.09875,0.01882,1.35325,1.50243,0.09595,0.00008,0.00001,
2.906,5.09875,0.01882,1.35325,1.50243,0.09595,0.00008,0.00001,
2.907,5.09875,0.01861,2.58341,2.48396,0.09489,0.00008,0.00001,
2.908,5.09750,0.01840,2.31195,1.71195,0.09380,0.00008,0.00001,
2.909,5.09875,0.01882,1.50326,1.80162,0.09595,0.00008,0.00001,
2.910,5.09750,0.01840,1.42581,0.16141,0.09380,0.00008,0.00001,
2.911,5.09875,0.01861,1.51467,1.57825,0.09489,0.00008,0.00001,
2.912,5.09875,0.01903,1.56929,1.80244,0.09702,0.00008,0.00001,
2.913,5.09875,0.01924,2.82798,1.40624,0.09809,0.00008,0.00001,
2.914,5.09875,0.01903,1.53749,1.87825,0.09702,0.00008,0.00001,
2.915,5.09625,0.01903,1.32391,2.45380,0.09697,0.00008,0.00001,
2.916,5.09500,0.01882,2.40325,0.84212,0.09588,0.00008,0.00001,
2.917,5.09750,0.01945,2.40325,0.84212,0.09913,0.00008,0.00001,
2.918,5.09625,0.01777,0.86903,1.39159,0.09058,0.00008,0.00001,
2.919,5.09625,0.01840,2.55899,0.83968,0.09377,0.00008,0.00001,
2.920,5.09750,0.01819,1.65898,0.43533,0.09273,0.00008,0.00001,
2.921,5.09875,0.01756,0.95218,1.88888,0.08956,0.00008,0.00001,
2.922,5.09625,0.01736,1.57012,0.91061,0.08845,0.00008,0.00001,
2.923,5.09750,0.01861,2.96253,0.58696,0.09486,0.00008,0.00001,
2.924,5.09750,0.01861,1.46007,1.44947,0.09486,0.00008,0.00001,
2.925,5.09750,0.01798,1.57909,1.82773,0.09167,0.00008,0.00001,
2.926,5.09750,0.01798,1.96877,1.37610,0.09167,0.00008,0.00001,
2.927,5.09500,0.01777,1.76659,1.64675,0.09056,0.00008,0.00001,
2.928,5.09750,0.01777,1.76659,1.64675,0.09060,0.00008,0.00001,
2.929,5.09875,0.01924,2.69441,1.97780,0.09809,0.00008,0.00001,
2.930,5.09500,0.01840,2.03243,1.30685,0.09375,0.00008,0.00001,
2.931,5.09875,0.01840,1.17641,1.26690,0.09382,0.00008,0.00001,
2.932,5.09875,0.01945,2.25091,1.00358,0.09915,0.00008,0.00001,
2.933,5.09625,0.01777,1.65904,1.64274,0.09058,0.00008,0.00001,
2.934,5.09875,0.01777,2.31287,1.69084,0.09062,0.00008,0.00001,
2.935,5.09625,0.01840,1.56121,0.92205,0.09377,0.00008,0.00001,
2.936,5.09500,0.01798,1.33049,1.44055,0.09162,0.00008,0.00001,
2.937,5.09750,0.01736,1.33049,1.44055,0.08847,0.00008,0.00001,
2.938,5.09500,0.01777,1.68024,2.82159,0.09056,0.00008,0.00001,
2.939,5.09875,0.01861,1.05412,0.46225,0.09489,0.00008,0.00001,
2.940,5.09625,0.01777,1.05412,0.46225,0.09058,0.00008,0.00001,
2.941,5.09500,0.01819,1.90614,0.00652,0.09269,0.00008,0.00001,
2.942,5.09500,0.01819,1.77570,0.91802,0.09269,0.00008,0.00001,
2.943,5.09750,0.01736,1.73004,0.02038,0.08847,0.00008,0.00001,
2.944,5.09625,0.01966,1.48790,1.85804,0.10017,0.00008,0.00001,
2.945,5.09750,0.01819,1.47567,0.00163,0.09273,0.00008,0.00001,
2.946,5.09875,0.01798,2.99374,0.99058,0.09169,0.00008,0.00001,
2.947,5.09500,0.01882,2.20454,0.45738,0.09588,0.00008,0.00002,
2.948,5.10250,0.01840,2.55348,0.85035,0.09389,0.00008,0.00002,
2.949,5.09625,0.01819,1.77325,1.59552,0.09271,0.00008,0.00002,
2.950,5.10125,0.01903,1.83848,1.50339,0.09707,0.00008,0.00002,
2.951,5.10125,0.01903,1.83848,1.50339,0.09707,0.00008,0.00002,
2.952,5.09625,0.01903,1.86292,0.54216,0.09697,0.00008,0.00002,
2.953,5.09625,0.01840,3.05650,0.01631,0.09377,0.00008,0.00002,
2.954,5.09750,0.01840,1.29956,2.07571,0.09380,0.00008,0.00002,
2.955,5.09750,0.01903,2.12707,0.00408,0.09700,0.00008,0.00002,
2.956,5.09750,0.01840,2.25670,1.10389,0.09380,0.00008,0.00002,
2.957,5.09750,0.01903,2.43117,0.95959,0.09700,0.00008,0.00002,
2.958,5.09375,0.01819,1.78465,1.55638,0.09266,0.00008,0.00002,
2.959,5.09750,0.01736,1.67867,1.67704,0.08847,0.00008,0.00002,
2.960,5.09750,0.01777,1.33136,2.03413,0.09060,0.00008,0.00002,
2.961,5.09500,0.01777,1.30201,1.40962,0.09056,0.00008,0.00002,
2.962,5.09875,0.01819,1.30201,1.40962,0.09275,0.00008,0.00002,
2.963,5.09750,0.01819,3.05887,0.02038,0.09273,0.00008,0.00002,
2.964,5.09500,0.01819,1.62890,2.75152,0.09269,0.00008,0.00002,
2.965,5.10125,0.01777,2.20448,0.00082,0.09067,0.00008,0.00002,
2.966,5.09750,0.01903,2.65206,0.65058,0.09700,0.00008,0.00002,
2.967,5.09625,0.01903,2.09034,1.25388,0.09697,0.00008,0.00002,
2.968,5.09875,0.01798,1.77728,2.44906,0.09169,0.00008,0.00002,
2.969,5.09875,0.01861,1.48460,1.42753,0.09489,0.00008,0.00002,
2.970,5.09625,0.01861,2.29823,1.06881,0.09484,0.00008,0.00002,
2.971,5.09750,0.01882,2.63901,0.76798,0.09593,0.00008,0.00002,
2.972,5.09875,0.01756,2.28437,1.77728,0.08956,0.00008,0.00002,
2.973,5.09625,0.01882,2.28437,1.77728,0.09591,0.00008,0.00002,
2.974,5.09625,0.01903,1.62642,1.85795,0.09697,0.00008,0.00002,
2.975,5.09750,0.01819,3.17865,0.00652,0.09273,0.00008,0.00002,
2.976,5.09750,0.01924,2.38378,0.96036,0.09806,0.00008,0.00002,
2.977,5.10125,0.01840,2.24519,1.06064,0.09387,0.00008,0.00002,
2.978,5.10125,0.01756,2.71151,0.58209,0.08960,0.00008,0.00002,
2.979,5.09375,0.01756,2.09274,1.25059,0.08947,0.00008,0.00002,
2.980,5.09750,0.01819,2.52482,1.71609,0.09273,0.00008,0.00002,
2.981,5.09625,0.01840,1.67044,1.14868,0.09377,0.00008,0.00002,
2.982,5.09375,0.01819,2.89739,2.00225,0.09266,0.00008,0.00002,
2.983,5.09750,0.01736,1.93295,0.11332,0.08847,0.00008,0.00002,
2.984,5.09500,0.01736,1.93295,0.11332,0.08843,0.00008,0.00002,
2.985,5.09750,0.01840,1.94273,2.72945,0.09380,0.00008,0.00002,
2.986,5.09625,0.01945,0.87558,1.08509,0.09910,0.00008,0.00002,
2.987,5.09625,0.02070,1.39163,2.02996,0.10550,0.00008,0.00002,
2.988,5.10125,0.02070,1.70631,1.01254,0.10560,0.00008,0.00002,
2.989,5.09750,0.02237,2.03323,1.23265,0.11405,0.00008,0.00002,
2.990,5.09375,0.02258,2.45226,0.80139,0.11503,0.00008,0.00002,
2.991,5.09750,0.02070,1.94925,0.00245,0.10552,0.00008,0.00002,
2.992,5.09625,0.02154,2.48813,0.88699,0.10976,0.00008,0.00002,
2.993,5.09625,0.02216,3.05473,0.01957,0.11296,0.00008,0.00002,
2.994,5.09875,0.02133,2.30552,1.45766,0.10875,0.00008,0.00002,
2.995,5.09625,0.02112,2.30552,1.45766,0.10763,0.00008,0.00002,
2.996,5.09625,0.02133,1.83838,2.53623,0.10869,0.00008,0.00002,
2.997,5.09500,0.02133,1.87180,1.48701,0.10867,0.00008,0.00002,
2.998,5.09625,0.02405,1.73729,3.01641,0.12255,0.00008,0.00002,
2.999,5.09500,0.02384,2.46775,2.87048,0.12145,0.00008,0.00002,
3.000,5.09875,0.02196,2.84113,2.38133,0.11195,0.00008,0.00002,
3.001,5.09750,0.02384,2.52726,2.01773,0.12151,0.00008,0.00002,
3.002,5.09500,0.02509,1.32885,2.04545,0.12784,0.00008,0.00002,
3.003,5.09625,0.02551,3.04983,0.01875,0.13001,0.00008,0.00002,
3.004,5.09375,0.02530,0.46306,0.98074,0.12888,0.00008,0.00002,
3.005,5.09375,0.02593,3.09304,0.40110,0.13207,0.00008,0.00002,
3.006,5.09250,0.02593,3.09304,0.40110,0.13204,0.00008,0.00002,
3.007,5.09875,0.02509,1.59381,2.78896,0.12794,0.00008,0.00002,
3.008,5.09625,0.02509,2.21829,1.12504,0.12787,0.00008,0.00002,
3.009,5.09875,0.02676,2.65608,2.20851,0.13647,0.00008,0.00002,
3.010,5.09625,0.02614,2.61776,1.47886,0.13320,0.00008,0.00002,
3.011,5.09500,0.02593,1.93621,1.33619,0.13211,0.00008,0.00002,
3.012,5.09500,0.02656,0.83971,1.22043,0.13530,0.00008,0.00002,
3.013,5.09625,0.02614,3.05555,0.01875,0.13320,0.00008,0.00002,
3.014,5.09625,0.02593,2.19709,0.00245,0.13214,0.00008,0.00002,
3.015,5.09500,0.02593,3.07430,1.87752,0.13211,0.00008,0.00002,
3.016,5.09500,0.02635,2.50037,2.70988,0.13424,0.00008,0.00002,
3.017,5.09750,0.02635,2.50037,2.70988,0.13430,0.00008,0.00002,
3.018,5.09500,0.02467,1.73974,0.00489,0.12571,0.00008,0.00002,
3.019,5.09500,0.02488,2.64385,0.62448,0.12678,0.00008,0.00002,
3.020,5.09500,0.02467,1.48538,0.87802,0.12571,0.00008,0.00002,
3.021,5.09750,0.02467,3.05392,0.02120,0.12577,0.00008,0.00002,
3.022,5.09875,0.02530,1.82371,2.37726,0.12900,0.00008,0.00002,
3.023,5.09875,0.02509,2.55661,0.01957,0.12794,0.00008,0.00002,
3.024,5.09750,0.02509,3.06859,0.02527,0.12791,0.00008,0.00002,
3.025,5.09500,0.02572,1.34923,2.44900,0.13104,0.00008,0.00002,
3.026,5.09625,0.02551,1.90442,2.40661,0.13001,0.00008,0.00002,
3.027,5.09875,0.02551,1.54815,1.78702,0.13007,0.00008,0.00002,
3.028,5.09500,0.02635,1.54815,1.78702,0.13424,0.00008,0.00002,
3.029,5.09375,0.02656,1.24488,0.04239,0.13527,0.00008,0.00002,
3.030,5.09500,0.02488,2.39275,2.56232,0.12678,0.00008,0.00002,
3.031,5.09750,0.02530,1.47478,0.69215,0.12897,0.00008,0.00002,
3.032,5.09750,0.02593,2.45634,1.47315,0.13217,0.00008,0.00002,
3.033,5.09625,0.02593,3.05473,0.01794,0.13214,0.00008,0.00002,
3.034,5.09500,0.02384,0.62611,2.02018,0.12145,0.00008,0.00002,
3.035,5.09750,0.02467,3.04903,1.23021,0.12577,0.00008,0.00002,
3.036,5.09500,0.02593,2.26884,0.00245,0.13211,0.00008,0.00002,
3.037,5.09750,0.02446,1.04841,0.66524,0.12471,0.00008,0.00002,
3.038,5.09500,0.02384,2.52238,1.70794,0.12145,0.00008,0.00002,
3.039,5.09500,0.02342,2.52238,1.70794,0.11932,0.00008,0.00002,
3.040,5.09250,0.02467,0.51116,1.13402,0.12565,0.00008,0.00002,
3.041,5.09250,0.02426,2.29087,1.06228,0.12352,0.00008,0.00002,
3.042,5.09625,0.02426,2.80937,1.65415,0.12361,0.00008,0.00002,
3.043,5.09750,0.02405,3.05476,0.01631,0.12258,0.00008,0.00002,
3.044,5.09500,0.02572,0.93510,1.25223,0.13104,0.00008,0.00002,
3.045,5.09625,0.02509,1.59953,1.71040,0.12787,0.00008,0.00002,
3.046,5.09500,0.02467,2.90231,2.07482,0.12571,0.00008,0.00002,
3.047,5.09875,0.02509,2.23706,1.15359,0.12794,0.00008,0.00002,
3.048,5.09500,0.02530,2.11640,1.28484,0.12891,0.00008,0.00002,
3.049,5.09500,0.02467,2.41397,1.84411,0.12571,0.00008,0.00002,
3.050,5.09500,0.02593,2.41397,1.84411,0.13211,0.00008,0.00002,
3.051,5.09625,0.02593,2.18409,0.00000,0.13214,0.00008,0.00002,
3.052,5.09625,0.02572,1.53270,1.61911,0.13107,0.00008,0.00002,
3.053,5.09750,0.02426,3.04990,0.01794,0.12364,0.00008,0.00002,
3.054,5.09750,0.02509,1.57346,1.84005,0.12791,0.00008,0.00002,
3.055,5.09750,0.02530,3.08333,0.30083,0.12897,0.00008,0.00002,
3.056,5.09500,0.02446,2.46210,0.78918,0.12465,0.00008,0.00002,
3.057,5.09625,0.02446,1.92810,1.42753,0.12468,0.00008,0.00002,
3.058,5.09750,0.02467,1.27018,1.61015,0.12577,0.00008,0.00002,
3.059,5.09750,0.02530,2.66428,1.93217,0.12897,0.00008,0.00002,
3.060,5.09625,0.02530,1.95174,0.48753,0.12894,0.00008,0.00002,
3.061,5.09750,0.02572,1.95174,0.48753,0.13110,0.00008,0.00002,
3.062,5.09875,0.02467,1.70147,1.92893,0.12581,0.00008,0.00002,
3.063,5.09625,0.02509,2.78008,0.01957,0.12787,0.00008,0.00002,
3.064,5.09875,0.02530,1.05007,1.13649,0.12900,0.00008,0.00002,
3.065,5.09250,0.02488,2.97819,1.03703,0.12672,0.00008,0.00002,
3.066,5.09625,0.02551,1.95421,1.39901,0.13001,0.00008,0.00002,
3.067,5.09750,0.02530,2.27787,0.92533,0.12897,0.00008,0.00002,
3.068,5.09750,0.02467,2.47680,2.54202,0.12577,0.00008,0.00002,
3.069,5.09375,0.02467,2.82655,2.47190,0.12568,0.00008,0.00002,
3.070,5.09625,0.02551,0.83484,1.96317,0.13001,0.00008,0.00002,
3.071,5.09500,0.02593,1.62565,3.00998,0.13211,0.00008,0.00002,
3.072,5.09500,0.02426,1.62565,3.00998,0.12358,0.00008,0.00002,
3.073,5.09500,0.02426,3.06059,0.02038,0.12358,0.00008,0.00002,
3.074,5.09625,0.02572,1.58410,2.84046,0.13107,0.00008,0.00002,
3.075,5.09625,0.02363,3.01004,0.88296,0.12042,0.00008,0.00002,
3.076,5.09375,0.02363,1.52866,1.57350,0.12036,0.00008,0.00002,
3.077,5.09375,0.02384,2.26242,1.05335,0.12142,0.00008,0.00002,
3.078,5.09500,0.02384,1.64525,0.00326,0.12145,0.00008,0.00002,
3.079,5.09625,0.02467,1.86538,1.19684,0.12574,0.00008,0.00002,
3.080,5.09750,0.02405,2.76545,2.13931,0.12258,0.00008,0.00002,
3.081,5.09875,0.02446,2.62767,2.15725,0.12474,0.00008,0.00002,
3.082,5.09750,0.02488,0.94247,1.23027,0.12684,0.00008,0.00002,
3.083,5.09625,0.02363,0.94247,1.23027,0.12042,0.00008,0.00002,
3.084,5.09250,0.02426,3.07607,0.02609,0.12352,0.00008,0.00002,
3.085,5.09750,0.02488,3.07770,0.09620,0.12684,0.00008,0.00002,
3.086,5.09875,0.02509,1.79852,2.41895,0.12794,0.00008,0.00002,
3.087,5.09875,0.02509,2.26242,1.09901,0.12794,0.00008,0.00002,
3.088,5.09625,0.02363,2.06267,2.11811,0.12042,0.00008,0.00002,
3.089,5.09625,0.02593,2.23144,1.83032,0.13214,0.00008,0.00002,
3.090,5.10000,0.02467,1.78792,0.55684,0.12584,0.00008,0.00002,
3.091,5.09500,0.02446,2.24693,1.80749,0.12465,0.00008,0.00002,
3.092,5.09625,0.02405,1.89799,1.38680,0.12255,0.00008,0.00002,
3.093,5.09375,0.02426,3.05325,0.01875,0.12355,0.00008,0.00002,
3.094,5.09875,0.02467,3.05325,0.01875,0.12581,0.00008,0.00002,
3.095,5.09625,0.02405,1.50013,1.58900,0.12255,0.00008,0.00002,
3.096,5.09625,0.02405,2.32847,1.00444,0.12255,0.00008,0.00002,
3.097,5.09875,0.02384,1.61264,1.70314,0.12154,0.00008,0.00002,
3.098,5.09625,0.02446,1.01096,0.56418,0.12468,0.00008,0.00002,
3.099,5.09500,0.02405,1.01096,0.56418,0.12252,0.00008,0.00002,
3.100,5.09375,0.02488,1.69743,1.93794,0.12675,0.00008,0.00002,
3.101,5.09500,0.02509,1.61916,0.00000,0.12784,0.00008,0.00002,
3.102,5.09500,0.02656,0.84219,1.19766,0.13530,0.00008,0.00002,
3.103,5.09750,0.02488,0.30003,0.01957,0.12684,0.00008,0.00002,
3.104,5.09250,0.02530,2.02599,2.03659,0.12885,0.00008,0.00002,
3.105,5.09250,0.02467,0.92454,1.49769,0.12565,0.00008,0.00002,
3.106,5.09500,0.02467,0.92454,1.49769,0.12571,0.00008,0.00002,
3.107,5.09875,0.02279,2.25834,0.00082,0.11621,0.00008,0.00002,
3.108,5.09375,0.02467,1.36152,1.60366,0.12568,0.00008,0.00002,
3.109,5.09500,0.02426,2.82822,2.25018,0.12358,0.00008,0.00002,
3.110,5.09750,0.02405,0.47286,1.01258,0.12258,0.00008,0.00002,
3.111,5.09500,0.02426,2.02843,0.47123,0.12358,0.00008,0.00002,
3.112,5.09875,0.02426,1.94690,2.36025,0.12367,0.00008,0.00002,
3.113,5.09750,0.02509,3.05895,0.01794,0.12791,0.00008,0.00002,
3.114,5.09750,0.02446,2.12137,0.45167,0.12471,0.00008,0.00002,
3.115,5.09750,0.02446,1.94282,0.01549,0.12471,0.00008,0.00002,
3.116,5.09875,0.02572,2.04636,0.47205,0.13114,0.00008,0.00002,
3.117,5.09500,0.02405,2.04636,0.47205,0.12252,0.00008,0.00002,
3.118,5.09500,0.02363,0.53400,1.19844,0.12039,0.00008,0.00002,
3.119,5.09750,0.02509,0.88049,1.13893,0.12791,0.00008,0.00002,
3.120,5.09500,0.02551,2.13926,1.44058,0.12997,0.00008,0.00002,
3.121,5.09875,0.02426,1.79767,2.67245,0.12367,0.00008,0.00002,
3.122,5.09750,0.02530,1.80256,1.48216,0.12897,0.00008,0.00002,
3.123,5.09750,0.02530,3.05807,0.01957,0.12897,0.00008,0.00002,
3.124,5.09500,0.02530,1.42020,1.93463,0.12891,0.00008,0.00002,
3.125,5.09625,0.02363,2.60397,2.77680,0.12042,0.00008,0.00002,
3.126,5.09500,0.02405,1.02398,1.13893,0.12252,0.00008,0.00002,
3.127,5.09750,0.02467,1.91180,2.99122,0.12577,0.00008,0.00002,
3.128,5.09625,0.02446,1.91180,2.99122,0.12468,0.00008,0.00002,
3.129,5.09375,0.02426,3.08975,0.26332,0.12355,0.00008,0.00002,
3.130,5.09500,0.02467,1.90521,1.45683,0.12571,0.00008,0.00002,
3.131,5.09375,0.02488,2.38620,0.86578,0.12675,0.00008,0.00002,
3.132,5.09375,0.02405,2.09760,1.28400,0.12249,0.00008,0.00002,
3.133,5.09625,0.02405,3.05306,0.01630,0.12255,0.00008,0.00002,
3.134,5.09625,0.02426,1.57911,0.00245,0.12361,0.00008,0.00002,
3.135,5.09500,0.02509,0.62040,1.97858,0.12784,0.00008,0.00002,
3.136,5.09625,0.02405,1.80738,0.15816,0.12255,0.00008,0.00002,
3.137,5.09750,0.02467,1.87994,0.91551,0.12577,0.00008,0.00002,
3.138,5.09500,0.02551,1.96717,1.18454,0.12997,0.00008,0.00002,
3.139,5.09500,0.02488,1.96717,1.18454,0.12678,0.00008,0.00002,
3.140,5.09500,0.02384,1.73481,0.00897,0.12145,0.00008,0.00002,
3.141,5.09500,0.02467,2.42449,1.60193,0.12571,0.00008,0.00002,
3.142,5.09625,0.02467,1.03616,1.13725,0.12574,0.00008,0.00002,
3.143,5.10000,0.02551,3.23402,0.01794,0.13010,0.00008,0.00002,
3.144,5.09375,0.02405,1.66388,1.89378,0.12249,0.00008,0.00002,
3.145,5.09625,0.02530,1.74541,0.02690,0.12894,0.00008,0.00002,
3.146,5.09500,0.02572,1.65818,1.64758,0.13104,0.00008,0.00002,
3.147,5.09375,0.02467,1.48453,1.65084,0.12568,0.00008,0.00002,
3.148,5.09625,0.02488,1.94351,2.15465,0.12681,0.00008,0.00002,
3.149,5.09250,0.02593,2.88754,2.59569,0.13204,0.00008,0.00002,
3.150,5.09250,0.02446,2.88754,2.59569,0.12459,0.00008,0.00002,
3.151,5.09750,0.02446,2.18971,0.00489,0.12471,0.00008,0.00002,
3.152,5.09625,0.02467,2.75059,2.09352,0.12574,0.00008,0.00002,
3.153,5.09375,0.02614,3.05712,0.02038,0.13314,0.00008,0.00002,
3.154,5.09750,0.02467,2.89570,2.59977,0.12577,0.00008,0.00002,
3.155,5.09625,0.02446,2.43265,2.67070,0.12468,0.00008,0.00002,
3.156,5.09625,0.02467,0.51849,1.18698,0.12574,0.00008,0.00002,
3.157,5.09875,0.02446,2.84924,2.29488,0.12474,0.00008,0.00002,
3.158,5.09875,0.02614,2.21743,1.87748,0.13327,0.00008,0.00002,
3.159,5.09875,0.02342,2.58429,2.10656,0.11941,0.00008,0.00002,
3.160,5.09250,0.02342,2.55494,2.05602,0.11926,0.00008,0.00002,
3.161,5.09625,0.02551,2.55494,2.05602,0.13001,0.00008,0.00002,
3.162,5.09875,0.02530,1.35003,1.47150,0.12900,0.00008,0.00002,
3.163,5.09250,0.02446,3.05958,0.01386,0.12459,0.00008,0.00002,
3.164,5.09500,0.02572,0.68806,1.85956,0.13104,0.00008,0.00002,
3.165,5.09625,0.02572,1.39976,0.14674,0.13107,0.00008,0.00002,
3.166,5.09375,0.02467,1.37286,0.00000,0.12568,0.00008,0.00002,
3.167,5.09625,0.02551,2.12125,1.86119,0.13001,0.00008,0.00002,
3.168,5.09625,0.02572,2.16445,1.03617,0.13107,0.00008,0.00002,
3.169,5.09375,0.02572,0.79078,1.58482,0.13101,0.00008,0.00002,
3.170,5.09500,0.02467,1.38509,1.64515,0.12571,0.00008,0.00002,
3.171,5.09375,0.02614,2.30549,1.73319,0.13314,0.00008,0.00002,
3.172,5.09750,0.02551,2.30549,1.73319,0.13004,0.00008,0.00002,
3.173,5.09750,0.02488,3.06040,0.02038,0.12684,0.00008,0.00002,
3.174,5.09875,0.02614,3.06774,0.02690,0.13327,0.00008,0.00002,
3.175,5.09500,0.02530,1.14704,1.28318,0.12891,0.00008,0.00002,
3.176,5.09625,0.02384,2.17668,0.00652,0.12148,0.00008,0.00002,
3.177,5.09625,0.02405,3.11176,0.00734,0.12255,0.00008,0.00002,
3.178,5.09875,0.02405,2.13185,2.95524,0.12261,0.00008,0.00002,
3.179,5.09500,0.02509,2.08130,1.36308,0.12784,0.00008,0.00002,
3.180,5.09750,0.02446,2.03565,0.00978,0.12471,0.00008,0.00002,
3.181,5.09625,0.02363,1.66145,0.00571,0.12042,0.00008,0.00002,
3.182,5.09375,0.02488,2.53376,0.70437,0.12675,0.00008,0.00002,
3.183,5.09750,0.02530,2.53376,0.70437,0.12897,0.00008,0.00002,
3.184,5.09625,0.02363,3.07192,0.02609,0.12042,0.00008,0.00002,
3.185,5.09875,0.02405,1.56205,1.68189,0.12261,0.00008,0.00002,
3.186,5.09875,0.02509,3.06703,0.03180,0.12794,0.00008,0.00002,
3.187,5.09500,0.02509,2.59662,2.13029,0.12784,0.00008,0.00002,
3.188,5.09875,0.02405,1.36149,1.53759,0.12261,0.00008,0.00002,
3.189,5.09750,0.02405,2.56319,1.76423,0.12258,0.00008,0.00002,
3.190,5.09625,0.02530,1.49520,0.00652,0.12894,0.00008,0.00002,
3.191,5.09625,0.02530,1.98109,0.00571,0.12894,0.00008,0.00002,
3.192,5.09500,0.02446,1.83272,0.00815,0.12465,0.00008,0.00002,
3.193,5.09625,0.02530,3.05561,0.01631,0.12894,0.00008,0.00002,
3.194,5.10000,0.02488,3.05561,0.01631,0.12690,0.00008,0.00002,
3.195,5.10000,0.02405,1.93462,0.13207,0.12264,0.00008,0.00002,
3.196,5.09375,0.02405,0.93592,1.26611,0.12249,0.00008,0.00002,
3.197,5.10000,0.02551,2.21018,0.43943,0.13010,0.00008,0.00002,
3.198,5.09875,0.02509,1.13729,1.22942,0.12794,0.00008,0.00002,
3.199,5.09500,0.02405,2.10175,0.00815,0.12252,0.00008,0.00002,
3.200,5.09750,0.02405,1.99251,0.00000,0.12258,0.00008,0.00002,
3.201,5.09750,0.02467,1.97213,2.29416,0.12577,0.00008,0.00002,
3.202,5.09875,0.02446,1.60526,0.00897,0.12474,0.00009,0.00002,
3.203,5.09750,0.02300,3.05154,0.01875,0.11725,0.00009,0.00002,
3.204,5.09750,0.02593,0.78265,1.28078,0.13217,0.00009,0.00002,
3.205,5.09625,0.02593,0.78265,1.28078,0.13214,0.00009,0.00002,
3.206,5.09750,0.02405,2.65125,2.55260,0.12258,0.00009,0.00002,
3.207,5.09625,0.02363,1.74875,1.03376,0.12042,0.00009,0.00002,
3.208,5.09625,0.02426,2.84121,2.27541,0.12361,0.00009,0.00002,
3.209,5.09750,0.02572,2.65940,0.00408,0.13110,0.00009,0.00002,
3.210,5.09375,0.02467,2.03491,0.00000,0.12568,0.00009,0.00002,
3.211,5.09500,0.02530,1.57020,1.39900,0.12891,0.00009,0.00002,
3.212,5.09500,0.02509,1.64195,2.97899,0.12784,0.00009,0.00002,
3.213,5.09625,0.02509,3.05644,0.01957,0.12787,0.00009,0.00002,
3.214,5.09625,0.02509,1.65825,0.00489,0.12787,0.00009,0.00002,
3.215,5.09750,0.02530,1.36802,1.84821,0.12897,0.00009,0.00002,
3.216,5.09500,0.02572,1.36802,1.84821,0.13104,0.00009,0.00002,
3.217,5.09750,0.02446,1.90447,0.00326,0.12471,0.00009,0.00002,
3.218,5.09500,0.02551,1.44629,0.70113,0.12997,0.00009,0.00002,
3.219,5.09750,0.02509,1.04517,1.78381,0.12791,0.00009,0.00002,
3.220,5.09625,0.02467,1.54330,1.78544,0.12574,0.00009,0.00002,
3.221,5.09500,0.02509,0.93022,0.80304,0.12784,0.00009,0.00002,
3.222,5.09500,0.02509,1.51722,1.40634,0.12784,0.00009,0.00002,
3.223,5.09500,0.02467,1.52292,0.01712,0.12571,0.00009,0.00002,
3.224,5.09500,0.02467,1.70554,1.92648,0.12571,0.00009,0.00002,
3.225,5.09375,0.02467,1.99496,0.03016,0.12568,0.00009,0.00002,
3.226,5.09750,0.02426,3.06378,0.01060,0.12364,0.00009,0.00002,
3.227,5.09500,0.02467,3.06378,0.01060,0.12571,0.00009,0.00002,
3.228,5.09500,0.02446,0.68647,1.50909,0.12465,0.00009,0.00002,
3.229,5.09750,0.02426,2.71896,2.44666,0.12364,0.00009,0.00002,
3.230,5.10000,0.02530,1.91999,0.00000,0.12904,0.00009,0.00002,
3.231,5.09500,0.02572,2.10261,1.42022,0.13104,0.00009,0.00002,
3.232,5.09500,0.02572,1.95260,2.13441,0.13104,0.00009,0.00002,
3.233,5.09750,0.02426,3.05731,0.01957,0.12364,0.00009,0.00002,
3.234,5.09625,0.02572,1.32728,1.61670,0.13107,0.00009,0.00002,
3.235,5.09625,0.02509,0.50140,2.04799,0.12787,0.00009,0.00002,
3.236,5.09500,0.02384,1.48544,1.20009,0.12145,0.00009,0.00002,
3.237,5.09750,0.02572,2.07326,1.94934,0.13110,0.00009,0.00002,
3.238,5.09750,0.02530,2.07326,1.94934,0.12897,0.00009,0.00002,
3.239,5.09250,0.02446,3.07850,0.06767,0.12459,0.00009,0.00002,
3.240,5.09375,0.02572,2.28279,1.76182,0.13101,0.00009,0.00002,
3.241,5.09375,0.02530,1.82705,0.00734,0.12888,0.00009,0.00002,
3.242,5.09875,0.02530,0.75740,2.03168,0.12900,0.00009,0.00002,
3.243,5.09750,0.02488,3.05404,0.01631,0.12684,0.00009,0.00002,
3.244,5.09500,0.02551,2.18414,0.01060,0.12997,0.00009,0.00002,
3.245,5.09750,0.02530,2.67331,1.22944,0.12897,0.00009,0.00002,
3.246,5.09625,0.02467,2.58689,0.79735,0.12574,0.00009,0.00002,
3.247,5.09875,0.02530,1.11938,1.75367,0.12900,0.00009,0.00002,
3.248,5.09875,0.02551,1.82378,1.20009,0.13007,0.00009,0.00002,
3.249,5.09625,0.02446,1.82378,1.20009,0.12468,0.00009,0.00002,
3.250,5.09625,0.02405,3.09562,0.54950,0.12255,0.00009,0.00002,
3.251,5.09750,0.02405,2.58281,1.80911,0.12258,0.00009,0.00002,
3.252,5.09500,0.02572,2.20452,1.81808,0.13104,0.00009,0.00002,
3.253,5.09500,0.02426,2.17028,0.49977,0.12358,0.00009,0.00002,
3.254,5.09500,0.02384,1.39331,1.67133,0.12145,0.00009,0.00002,
3.255,5.09875,0.02321,0.38481,1.20091,0.11834,0.00009,0.00002,
3.256,5.09750,0.02426,2.60890,0.00978,0.12364,0.00009,0.00002,
3.257,5.09625,0.02509,0.80957,1.52376,0.12787,0.00009,0.00002,
3.258,5.09500,0.02426,1.98358,1.17156,0.12358,0.00009,0.00002,
3.259,5.09500,0.02467,0.80550,1.57594,0.12571,0.00009,0.00002,
3.260,5.09500,0.02467,0.80550,1.57594,0.12571,0.00009,0.00002,
3.261,5.09750,0.02509,0.80550,1.57594,0.12791,0.00009,0.00002,
3.262,5.09375,0.02446,1.48790,1.62812,0.12462,0.00009,0.00002,
3.263,5.09625,0.02614,1.08107,0.01712,0.13320,0.00009,0.00002,
3.264,5.09875,0.02509,2.90323,2.61136,0.12794,0.00009,0.00002,
3.265,5.09625,0.02446,2.37574,2.92606,0.12468,0.00009,0.00002,
3.266,5.09500,0.02551,2.49640,2.38389,0.12997,0.00009,0.00002,
3.267,5.09750,0.02614,2.85350,2.53472,0.13324,0.00009,0.00002,
3.268,5.09750,0.02488,2.00805,2.21513,0.12684,0.00009,0.00002,
3.269,5.09500,0.02488,1.47893,0.00000,0.12678,0.00009,0.00002,
3.270,5.09625,0.02593,2.95133,1.21233,0.13214,0.00009,0.00002,
3.271,5.09500,0.02530,0.95714,1.20581,0.12891,0.00009,0.00002,
3.272,5.09500,0.02446,0.95714,1.20581,0.12465,0.00009,0.00002,
3.273,5.09875,0.02509,3.05811,0.02364,0.12794,0.00009,0.00002,
3.274,5.09625,0.02614,2.72466,2.30479,0.13320,0.00009,0.00002,
3.275,5.09625,0.02488,3.04506,1.04519,0.12681,0.00009,0.00002,
3.276,5.09375,0.02572,2.69123,1.96482,0.13101,0.00009,0.00002,
3.277,5.09375,0.02509,3.08012,0.08397,0.12781,0.00009,0.00002,
3.278,5.09375,0.02509,1.76263,1.04926,0.12781,0.00009,0.00002,
3.279,5.09375,0.02405,1.57430,1.37864,0.12249,0.00009,0.00002,
3.280,5.09500,0.02551,1.13242,1.50663,0.12997,0.00009,0.00002,
3.281,5.09750,0.02530,0.71500,1.78057,0.12897,0.00009,0.00002,
3.282,5.09500,0.02426,1.73247,0.00652,0.12358,0.00009,0.00002,
3.283,5.09375,0.02530,1.73247,0.00652,0.12888,0.00009,0.00002,
3.284,5.09500,0.02405,2.78576,0.00245,0.12252,0.00009,0.00002,
3.285,5.09625,0.02426,3.09719,0.96120,0.12361,0.00009,0.00002,
3.286,5.09625,0.02426,3.08985,0.90331,0.12361,0.00009,0.00002,
3.287,5.09500,0.02426,1.20496,0.02038,0.12358,0.00009,0.00002,
3.288,5.09500,0.02405,1.91669,0.81119,0.12252,0.00009,0.00002,
3.289,5.09625,0.02488,3.12572,0.01060,0.12681,0.00009,0.00002,
3.290,5.09625,0.02488,2.48493,0.77287,0.12681,0.00009,0.00002,
3.291,5.09625,0.02467,3.06784,0.01875,0.12574,0.00009,0.00002,
3.292,5.09875,0.02551,2.88441,2.58113,0.13007,0.00009,0.00002,
3.293,5.09500,0.02530,3.05724,0.01712,0.12891,0.00009,0.00002,
3.294,5.09750,0.02467,3.05724,0.01712,0.12577,0.00009,0.00002,
3.295,5.09750,0.02488,2.97805,1.80004,0.12684,0.00009,0.00002,
3.296,5.09625,0.02488,2.22070,0.00815,0.12681,0.00009,0.00002,
3.297,5.09750,0.02551,2.49461,0.76550,0.13004,0.00009,0.00002,
3.298,5.09375,0.02467,1.06877,1.14377,0.12568,0.00009,0.00002,
3.299,5.09625,0.02509,2.80848,2.39597,0.12787,0.00009,0.00002,
3.300,5.09875,0.02572,1.75846,0.00000,0.13114,0.00009,0.00002,
3.301,5.09500,0.02509,1.78781,0.00978,0.12784,0.00009,0.00002,
3.302,5.09750,0.02551,0.89268,1.35247,0.13004,0.00009,0.00002,
3.303,5.09750,0.02572,2.06662,0.01794,0.13110,0.00009,0.00002,
3.304,5.09750,0.02488,1.85221,0.53561,0.12684,0.00009,0.00002,
3.305,5.09750,0.02488,1.85221,0.53561,0.12684,0.00009,0.00002,
3.306,5.09625,0.02488,0.59022,2.08127,0.12681,0.00009,0.00002,
3.307,5.09500,0.02509,1.25789,1.37936,0.12784,0.00009,0.00002,
3.308,5.09500,0.02530,0.71332,1.40790,0.12891,0.00009,0.00002,
3.309,5.09125,0.02426,1.72339,2.79867,0.12349,0.00009,0.00002,
3.310,5.09500,0.02551,0.70272,1.51224,0.12997,0.00009,0.00002,
3.311,5.09625,0.02488,3.07259,0.01467,0.12681,0.00009,0.00002,
3.312,5.09750,0.02488,0.66522,1.05490,0.12684,0.00009,0.00002,
3.313,5.09750,0.02467,3.05384,0.01467,0.12577,0.00009,0.00002,
3.314,5.09500,0.02467,1.38588,0.73207,0.12571,0.00009,0.00002,
3.315,5.09750,0.02509,1.13806,1.28724,0.12791,0.00009,0.00002,
3.316,5.09750,0.02509,1.13806,1.28724,0.12791,0.00009,0.00002,
3.317,5.09875,0.02488,3.08809,1.54078,0.12687,0.00009,0.00002,
3.318,5.09875,0.02467,2.47096,1.93046,0.12581,0.00009,0.00002,
3.319,5.09500,0.02509,2.73591,2.04704,0.12784,0.00009,0.00002,
3.320,5.09500,0.02363,0.48914,0.92773,0.12039,0.00009,0.00002,
3.321,5.09625,0.02446,2.00547,0.00000,0.12468,0.00009,0.00002,
3.322,5.09625,0.02467,1.28969,0.00163,0.12574,0.00009,0.00002,
3.323,5.09625,0.02467,3.05548,0.02038,0.12574,0.00009,0.00002,
3.324,5.09750,0.02384,1.61579,1.26524,0.12151,0.00009,0.00002,
3.325,5.09875,0.02488,1.72177,0.03261,0.12687,0.00009,0.00002,
3.326,5.09750,0.02384,3.08320,0.09294,0.12151,0.00009,0.00002,
3.327,5.09500,0.02342,3.08320,0.09294,0.11932,0.00009,0.00002,
3.328,5.09500,0.02530,1.72584,0.00978,0.12891,0.00009,0.00002,
3.329,5.09375,0.02426,1.62475,2.70167,0.12355,0.00009,0.00002,
3.330,5.09750,0.02405,1.53671,1.72829,0.12258,0.00009,0.00002,
3.331,5.09750,0.02467,3.06771,0.01957,0.12577,0.00009,0.00002,
3.332,5.09750,0.02467,2.17830,1.49269,0.12577,0.00009,0.00002,
3.333,5.09500,0.02446,0.42473,1.69242,0.12465,0.00009,0.00002,
3.334,5.09500,0.02446,1.69731,1.90764,0.12465,0.00009,0.00002,
3.335,5.09875,0.02342,2.46200,1.72992,0.11941,0.00009,0.00002,
3.336,5.09500,0.02426,1.87340,2.23781,0.12358,0.00009,0.00002,
3.337,5.09750,0.02426,2.06009,0.00489,0.12364,0.00009,0.00002,
3.338,5.09625,0.02342,2.06009,0.00489,0.11935,0.00009,0.00002,
3.339,5.09625,0.02446,1.47395,0.00082,0.12468,0.00009,0.00002,
3.340,5.09625,0.02488,1.38998,1.53264,0.12681,0.00009,0.00002,
3.341,5.09500,0.02488,0.60327,1.38590,0.12678,0.00009,0.00002,
3.342,5.09500,0.02384,1.42911,1.49514,0.12145,0.00009,0.00002,
3.343,5.09500,0.02572,1.51063,0.01304,0.13104,0.00009,0.00002,
3.344,5.09750,0.02467,1.92069,2.38946,0.12577,0.00009,0.00002,
3.345,5.09500,0.02467,1.45601,0.07011,0.12571,0.00009,0.00002,
3.346,5.09375,0.02593,2.19624,1.14051,0.13207,0.00009,0.00002,
3.347,5.09875,0.02488,1.72178,0.01141,0.12687,0.00009,0.00002,
3.348,5.09875,0.02426,2.14488,0.00163,0.12367,0.00009,0.00002,
3.349,5.09875,0.02551,2.14488,0.00163,0.13007,0.00009,0.00002,
3.350,5.09625,0.02551,2.55335,2.91124,0.13001,0.00009,0.00002,
3.351,5.09250,0.02530,2.51259,1.97779,0.12885,0.00009,0.00002,
3.352,5.09750,0.02488,1.53755,0.00408,0.12684,0.00009,0.00002,
3.353,5.09625,0.02426,3.05391,0.01957,0.12361,0.00009,0.00002,
3.354,5.09500,0.02467,1.07775,1.17069,0.12571,0.00009,0.00002,
3.355,5.09625,0.02426,1.29461,0.05951,0.12361,0.00009,0.00002,
3.356,5.09500,0.02405,2.23622,0.00326,0.12252,0.00009,0.00002,
3.357,5.09500,0.02467,3.13217,0.00897,0.12571,0.00009,0.00002,
3.358,5.09500,0.02426,0.73046,1.75278,0.12358,0.00009,0.00002,
3.359,5.09250,0.02426,2.40334,0.00571,0.12352,0.00009,0.00002,
3.360,5.09750,0.02446,2.40334,0.00571,0.12471,0.00009,0.00002,
3.361,5.09500,0.02488,3.09155,0.34079,0.12678,0.00009,0.00002,
3.362,5.09375,0.02426,0.75740,1.67459,0.12355,0.00009,0.00002,
3.363,5.09500,0.02384,3.05160,0.01794,0.12145,0.00009,0.00002,
3.364,5.09625,0.02446,2.97007,2.73038,0.12468,0.00009,0.00002,
3.365,5.09250,0.02446,0.86175,0.72560,0.12459,0.00009,0.00002,
3.366,5.09625,0.02342,1.67704,1.82623,0.11935,0.00009,0.00002,
3.367,5.09625,0.02405,3.06791,0.02935,0.12255,0.00009,0.00002,
3.368,5.09500,0.02405,1.28652,1.41288,0.12252,0.00009,0.00002,
3.369,5.09500,0.02488,2.77848,2.16539,0.12678,0.00009,0.00002,
3.370,5.09625,0.02405,3.08177,0.12881,0.12255,0.00009,0.00002,
3.371,5.09625,0.02446,3.08177,0.12881,0.12468,0.00009,0.00002,
3.372,5.09625,0.02530,2.93850,1.24911,0.12894,0.00009,0.00002,
3.373,5.09500,0.02363,3.05591,0.01794,0.12039,0.00009,0.00002,
3.374,5.09625,0.02405,1.85409,2.75505,0.12255,0.00009,0.00002,
3.375,5.09500,0.02467,1.98210,0.33184,0.12571,0.00009,0.00002,
3.376,5.09500,0.02551,3.08281,0.08235,0.12997,0.00009,0.00002,
3.377,5.09500,0.02551,3.08934,1.13088,0.12997,0.00009,0.00002,
3.378,5.09750,0.02363,1.91850,0.00000,0.12045,0.00009,0.00002,
3.379,5.09875,0.02614,3.07303,0.03914,0.13327,0.00009,0.00002,
3.380,5.09625,0.02551,2.45337,0.00652,0.13001,0.00009,0.00002,
3.381,5.09625,0.02488,3.08281,0.09866,0.12681,0.00009,0.00002,
3.382,5.09500,0.02551,3.08281,0.09866,0.12997,0.00009,0.00002,
3.383,5.09500,0.02488,1.39260,0.90829,0.12678,0.00009,0.00002,
3.384,5.09250,0.02446,2.45662,0.81453,0.12459,0.00009,0.00002,
3.385,5.09875,0.02509,2.09706,0.18997,0.12794,0.00009,0.00002,
3.386,5.09875,0.02509,3.09993,0.80393,0.12794,0.00009,0.00002,
3.387,5.09625,0.02509,2.34003,0.01305,0.12787,0.00009,0.00002,
3.388,5.09750,0.02405,1.65514,1.86795,0.12258,0.00009,0.00002,
3.389,5.09500,0.02426,2.57729,2.85206,0.12358,0.00009,0.00002,
3.390,5.09500,0.02467,1.52550,0.00978,0.12571,0.00009,0.00002,
3.391,5.09750,0.02426,3.04612,1.10723,0.12364,0.00009,0.00002,
3.392,5.09625,0.02446,1.71466,0.00489,0.12468,0.00009,0.00002,
3.393,5.09625,0.02488,1.71466,0.00489,0.12681,0.00009,0.00002,
3.394,5.09375,0.02446,2.07586,0.00571,0.12462,0.00009,0.00002,
3.395,5.09375,0.02405,1.59154,1.72852,0.12249,0.00009,0.00002,
3.396,5.09500,0.02405,2.11825,0.00408,0.12252,0.00009,0.00002,
3.397,5.09875,0.02467,2.27480,1.63476,0.12581,0.00009,0.00002,
3.398,5.09625,0.02405,3.08606,0.31554,0.12255,0.00009,0.00002,
3.399,5.09750,0.02426,3.18553,0.00326,0.12364,0.00009,0.00002,
3.400,5.09750,0.02363,2.18430,0.00815,0.12045,0.00009,0.00002,
3.401,5.09375,0.02446,2.84635,1.70406,0.12462,0.00009,0.00002,
3.402,5.09625,0.02363,2.17207,0.00408,0.12042,0.00009,0.00002,
3.403,5.09625,0.02467,3.05263,0.01794,0.12574,0.00009,0.00002,
3.404,5.09625,0.02446,3.05263,0.01794,0.12468,0.00009,0.00002,
3.405,5.09500,0.02446,2.26746,1.09663,0.12465,0.00009,0.00002,
3.406,5.09750,0.02551,3.06976,0.02609,0.13004,0.00009,0.00002,
3.407,5.09500,0.02405,1.68939,0.00652,0.12252,0.00009,0.00002,
3.408,5.09625,0.02509,0.54954,1.23687,0.12787,0.00009,0.00002,
3.409,5.09750,0.02551,1.22220,0.10355,0.13004,0.00009,0.00002,
3.410,5.09625,0.02488,3.09177,1.14718,0.12681,0.00009,0.00002,
3.411,5.10000,0.02572,2.21284,0.42479,0.13117,0.00009,0.00002,
3.412,5.09625,0.02467,3.06242,0.00815,0.12574,0.00009,0.00002,
3.413,5.09625,0.02405,3.05427,0.01957,0.12255,0.00009,0.00002,
3.414,5.09500,0.02405,1.91034,0.01631,0.12252,0.00009,0.00002,
3.415,5.09750,0.02614,1.91034,0.01631,0.13324,0.00009,0.00002,
3.416,5.09500,0.02467,1.58910,0.02691,0.12571,0.00009,0.00002,
3.417,5.09750,0.02426,3.08444,0.20139,0.12364,0.00009,0.00002,
3.418,5.09500,0.02405,2.99964,0.96129,0.12252,0.00009,0.00002,
3.419,5.09375,0.02488,0.45904,0.97678,0.12675,0.00009,0.00002,
3.420,5.09750,0.02384,2.29845,0.00734,0.12151,0.00009,0.00002,
3.421,5.09625,0.02405,2.29845,0.00734,0.12255,0.00009,0.00002,
3.422,5.09625,0.02530,3.09422,0.80393,0.12894,0.00009,0.00002,
3.423,5.09750,0.02530,3.05427,0.01141,0.12897,0.00009,0.00002,
3.424,5.09750,0.02384,1.88996,0.00000,0.12151,0.00009,0.00002,
3.425,5.09625,0.02363,1.05424,1.33064,0.12042,0.00009,0.00002,
3.426,5.09750,0.02509,3.07791,0.03914,0.12791,0.00009,0.00002,
3.427,5.09750,0.02446,3.07791,0.03914,0.12471,0.00009,0.00002,
3.428,5.09625,0.02509,3.07790,1.83614,0.12787,0.00009,0.00002,
3.429,5.09625,0.02530,1.70079,1.29231,0.12894,0.00009,0.00002,
3.430,5.09500,0.02467,3.07953,0.10273,0.12571,0.00009,0.00002,
3.431,5.09500,0.02363,0.71097,1.48554,0.12039,0.00009,0.00002,
3.432,5.09375,0.02363,1.42766,0.00978,0.12036,0.00009,0.00002,
3.433,5.09375,0.02467,3.05507,0.02528,0.12568,0.00009,0.00002,
3.434,5.09500,0.02530,3.06811,0.00815,0.12891,0.00009,0.00002,
3.435,5.09625,0.02467,2.47618,2.68001,0.12574,0.00009,0.00002,
3.436,5.09625,0.02509,1.49288,1.93317,0.12787,0.00009,0.00002,
3.437,5.09500,0.02551,3.19449,0.00897,0.12997,0.00009,0.00002,
3.438,5.09875,0.02405,3.19449,0.00897,0.12261,0.00009,0.00002,
3.439,5.09500,0.02488,2.17691,0.00489,0.12678,0.00009,0.00002,
3.440,5.09500,0.02530,1.20260,0.10762,0.12891,0.00009,0.00002,
3.441,5.10000,0.02530,1.82877,0.00897,0.12904,0.00009,0.00002,
3.442,5.09500,0.02405,3.18628,0.00652,0.12252,0.00009,0.00002,
3.443,5.09500,0.02488,3.05664,0.01875,0.12678,0.00009,0.00002,
3.444,5.09375,0.02593,1.81654,0.00326,0.13207,0.00009,0.00002,
3.445,5.09625,0.02426,2.02118,1.00855,0.12361,0.00009,0.00002,
3.446,5.09750,0.02572,2.06277,1.31185,0.13110,0.00009,0.00002,
3.447,5.09625,0.02572,3.06643,0.01141,0.13107,0.00009,0.00002,
3.448,5.09625,0.02426,1.69342,1.93150,0.12361,0.00009,0.00002,
3.449,5.09625,0.02551,1.69342,1.93150,0.13001,0.00009,0.00002,
3.450,5.09375,0.02551,3.08427,0.12719,0.12994,0.00009,0.00002,
3.451,5.09625,0.02363,2.13363,2.94893,0.12042,0.00009,0.00002,
3.452,5.09375,0.02279,1.45938,0.00082,0.11610,0.00009,0.00002,
3.453,5.09500,0.02467,3.05737,0.02038,0.12571,0.00009,0.00002,
3.454,5.09875,0.02426,2.13608,1.05010,0.12367,0.00009,0.00002,
3.455,5.09875,0.02593,2.22250,1.75044,0.13220,0.00009,0.00002,
3.456,5.09625,0.02363,1.90943,0.00000,0.12042,0.00009,0.00002,
3.457,5.09625,0.02426,3.08753,0.20382,0.12361,0.00009,0.00002,
3.458,5.09625,0.02446,3.07693,0.07012,0.12468,0.00009,0.00002,
3.459,5.09500,0.02446,3.07041,0.01957,0.12465,0.00009,0.00002,
3.460,5.09500,0.02363,3.07041,0.01957,0.12039,0.00009,0.00002,
3.461,5.09625,0.02446,2.23544,0.01060,0.12468,0.00009,0.00002,
3.462,5.09625,0.02467,1.59383,0.00408,0.12574,0.00009,0.00002,
3.463,5.09750,0.02384,3.04988,0.01794,0.12151,0.00009,0.00002,
3.464,5.09750,0.02426,2.38871,0.00245,0.12364,0.00009,0.00002,
3.465,5.09750,0.02488,1.07940,1.30768,0.12684,0.00009,0.00002,
3.466,5.09375,0.02405,1.84982,0.00163,0.12249,0.00009,0.00002,
3.467,5.09375,0.02488,3.08739,1.43241,0.12675,0.00009,0.00002,
3.468,5.09500,0.02488,3.07923,0.05870,0.12678,0.00009,0.00002,
3.469,5.09500,0.02551,3.08902,1.42344,0.12997,0.00009,0.00002,
3.470,5.09750,0.02530,1.57263,0.00489,0.12897,0.00009,0.00002,
3.471,5.09250,0.02405,1.57263,0.00489,0.12246,0.00009,0.00002,
3.472,5.09625,0.02572,2.34225,0.23561,0.13107,0.00009,0.00002,
3.473,5.09875,0.02593,3.05397,0.01957,0.13220,0.00009,0.00002,
3.474,5.09875,0.02446,1.91586,0.02935,0.12474,0.00009,0.00002,
3.475,5.09500,0.02509,0.88293,0.98402,0.12784,0.00009,0.00002,
3.476,5.09500,0.02509,0.88456,0.98402,0.12784,0.00009,0.00002,
3.477,5.09500,0.02509,3.17707,0.01223,0.12784,0.00009,0.00002,
3.478,5.09500,0.02446,3.08903,1.12914,0.12465,0.00009,0.00002,
3.479,5.09625,0.02551,1.74629,0.01141,0.13001,0.00009,0.00002,
3.480,5.09500,0.02572,2.10827,0.00245,0.13104,0.00009,0.00002,
3.481,5.09250,0.02384,0.74026,2.04549,0.12139,0.00009,0.00002,
3.482,5.09625,0.02551,0.74026,2.04549,0.13001,0.00009,0.00002,
3.483,5.09625,0.02530,3.05398,0.01794,0.12894,0.00009,0.00002,
3.484,5.09500,0.02384,3.18117,0.00815,0.12145,0.00009,0.00002,
3.485,5.09500,0.02405,1.28078,0.06848,0.12252,0.00009,0.00002,
3.486,5.09875,0.02405,1.95093,0.00734,0.12261,0.00009,0.00002,
3.487,5.09875,0.02426,0.76146,0.85277,0.12367,0.00010,0.00002,
3.488,5.09625,0.02384,1.18132,1.08593,0.12148,0.00010,0.00002,
3.489,5.09750,0.02509,2.60885,2.73603,0.12791,0.00010,0.00002,
3.490,5.09875,0.02426,1.40878,0.00815,0.12367,0.00010,0.00002,
3.491,5.09500,0.02446,0.95712,1.21638,0.12465,0.00010,0.00002,
3.492,5.09625,0.02405,3.06947,0.03261,0.12255,0.00010,0.00002,
3.493,5.09875,0.02426,3.06947,0.03261,0.12367,0.00010,0.00002,
3.494,5.09500,0.02509,2.33087,2.50615,0.12784,0.00010,0.00002,
3.495,5.09500,0.02509,2.11808,0.02935,0.12784,0.00010,0.00002,
3.496,5.09500,0.02342,1.46097,1.47972,0.11932,0.00010,0.00002,
3.497,5.09500,0.02467,3.08337,0.16550,0.12571,0.00010,0.00002,
3.498,5.09625,0.02426,2.97820,1.04274,0.12361,0.00010,0.00002,
3.499,5.09500,0.02405,2.02677,0.00978,0.12252,0.00010,0.00002,
3.500,5.09625,0.02405,3.06543,0.03750,0.12255,0.00010,0.00002,
3.501,5.09875,0.02446,1.76996,1.23759,0.12474,0.00010,0.00002,
3.502,5.09625,0.02509,2.79476,1.93383,0.12787,0.00010,0.00002,
3.503,5.09500,0.02446,3.05157,0.02283,0.12465,0.00010,0.00002,
3.504,5.09500,0.02446,3.05157,0.02283,0.12465,0.00010,0.00002,
3.505,5.09500,0.02572,1.39170,1.80831,0.13104,0.00010,0.00002,
3.506,5.09750,0.02530,1.49524,1.44306,0.12897,0.00010,0.00002,
3.507,5.09250,0.02446,2.81112,1.86701,0.12459,0.00010,0.00002,
3.508,5.09625,0.02572,3.07527,0.09131,0.13107,0.00010,0.00002,
3.509,5.09625,0.02572,1.99012,0.00897,0.13107,0.00010,0.00002,
3.510,5.10000,0.02488,3.08913,1.18869,0.12690,0.00010,0.00002,
3.511,5.09625,0.02446,2.81112,2.44668,0.12468,0.00010,0.00002,
3.512,5.09875,0.02467,3.06794,0.01957,0.12581,0.00010,0.00002,
3.513,5.09875,0.02279,3.05326,0.01631,0.11621,0.00010,0.00002,
3.514,5.09250,0.02279,3.06712,0.00978,0.11607,0.00010,0.00002,
3.515,5.09875,0.02467,3.06712,0.00978,0.12581,0.00010,0.00002,
3.516,5.09500,0.02530,3.09577,0.34814,0.12891,0.00010,0.00002,
3.517,5.09750,0.02509,3.07457,0.04647,0.12791,0.00010,0.00002,
3.518,5.09375,0.02384,3.08924,0.52507,0.12142,0.00010,0.00002,
3.519,5.09875,0.02551,3.09414,0.72808,0.13007,0.00010,0.00002,
3.520,5.09500,0.02530,2.15897,0.00163,0.12891,0.00010,0.00002,
3.521,5.09625,0.02509,1.73500,0.01549,0.12787,0.00010,0.00002,
3.522,5.09625,0.02509,3.09088,0.36363,0.12787,0.00010,0.00002,
3.523,5.09750,0.02530,3.05256,0.00978,0.12897,0.00010,0.00002,
3.524,5.09625,0.02572,3.06723,0.02691,0.13107,0.00010,0.00002,
3.525,5.09500,0.02467,1.27190,0.01631,0.12571,0.00010,0.00002,
3.526,5.09750,0.02614,1.27190,0.01631,0.13324,0.00010,0.00002,
3.527,5.09750,0.02488,2.34327,1.52549,0.12684,0.00010,0.00002,
3.528,5.09500,0.02426,3.07136,0.04647,0.12358,0.00010,0.00002,
3.529,5.09500,0.02488,1.44069,1.13984,0.12678,0.00010,0.00002,
3.530,5.09750,0.02593,3.13822,0.01060,0.13217,0.00010,0.00002,
3.531,5.09750,0.02488,0.45496,0.90828,0.12684,0.00010,0.00002,
3.532,5.09625,0.02488,3.07381,0.05218,0.12681,0.00010,0.00002,
3.533,5.09875,0.02551,3.05342,0.01549,0.13007,0.00010,0.00002,
3.534,5.09750,0.02530,3.08522,0.18263,0.12897,0.00010,0.00002,
3.535,5.09875,0.02446,2.50144,1.80923,0.12474,0.00010,0.00002,
3.536,5.09875,0.02446,0.44191,1.39504,0.12474,0.00010,0.00002,
3.537,5.09500,0.02509,0.44191,1.39504,0.12784,0.00010,0.00002,
3.538,5.09750,0.02384,1.67066,2.60016,0.12151,0.00010,0.00002,
3.539,5.09625,0.02488,2.13786,0.00000,0.12681,0.00010,0.00002,
3.540,5.09625,0.02405,3.14645,0.01305,0.12255,0.00010,0.00002,
3.541,5.09250,0.02405,1.46111,0.00489,0.12246,0.00010,0.00002,
3.542,5.09750,0.02467,2.27483,1.77258,0.12577,0.00010,0.00002,
3.543,5.09750,0.02405,3.04779,0.01305,0.12258,0.00010,0.00002,
3.544,5.09500,0.02530,2.25771,2.44769,0.12891,0.00010,0.00002,
3.545,5.09625,0.02384,1.42198,0.02935,0.12148,0.00010,0.00002,
3.546,5.09500,0.02446,1.54999,1.77992,0.12465,0.00010,0.00002,
3.547,5.09875,0.02405,1.04528,1.47987,0.12261,0.00010,0.00002,
3.548,5.09500,0.02572,1.04528,1.47987,0.13104,0.00010,0.00002,
3.549,5.09500,0.02572,0.46801,1.37713,0.13104,0.00010,0.00002,
3.550,5.09500,0.02572,3.07387,0.05300,0.13104,0.00010,0.00002,
3.551,5.09750,0.02488,0.81698,1.19286,0.12684,0.00010,0.00002,
3.552,5.09500,0.02551,3.08284,0.13942,0.12997,0.00010,0.00002,
3.553,5.09625,0.02530,3.05267,0.01957,0.12894,0.00010,0.00002,
3.554,5.09750,0.02426,3.07958,0.13616,0.12364,0.00010,0.00002,
3.555,5.09500,0.02572,2.05795,0.03343,0.13104,0.00010,0.00002,
3.556,5.09625,0.02551,3.07387,0.04566,0.13001,0.00010,0.00002,
3.557,5.09500,0.02467,3.09752,0.53487,0.12571,0.00010,0.00002,
3.558,5.09500,0.02530,1.38039,1.12355,0.12891,0.00010,0.00002,
3.559,5.09750,0.02530,1.38039,1.12355,0.12897,0.00010,0.00002,
3.560,5.09875,0.02614,0.49084,1.26624,0.13327,0.00010,0.00002,
3.561,5.09750,0.02467,1.44236,0.00000,0.12577,0.00010,0.00002,
3.562,5.09500,0.02551,2.40855,2.94179,0.12997,0.00010,0.00002,
3.563,5.09750,0.02488,3.05594,0.01631,0.12684,0.00010,0.00002,
3.564,5.09500,0.02426,2.99071,0.99473,0.12358,0.00010,0.00002,
3.565,5.09875,0.02614,1.22466,0.05055,0.13327,0.00010,0.00002,
3.566,5.09625,0.02614,2.29440,1.75137,0.13320,0.00010,0.00002,
3.567,5.09625,0.02488,1.50595,2.52922,0.12681,0.00010,0.00002,
3.568,5.09625,0.02488,2.52922,0.86264,0.12681,0.00010,0.00002,
3.569,5.09625,0.02572,1.61847,2.03512,0.13107,0.00010,0.00002,
3.570,5.09500,0.02593,1.61847,2.03512,0.13211,0.00010,0.00002,
3.571,5.09500,0.02384,3.08283,0.12719,0.12145,0.00010,0.00002,
3.572,5.09625,0.02467,2.40120,0.00489,0.12574,0.00010,0.00002,
3.573,5.09500,0.02551,3.05511,0.01141,0.12997,0.00010,0.00002,
3.574,5.09750,0.02384,0.38321,1.93156,0.12151,0.00010,0.00002,
3.575,5.09500,0.02530,2.44442,0.84470,0.12891,0.00010,0.00002,
3.576,5.09500,0.02530,2.61564,0.00489,0.12891,0.00010,0.00002,
3.577,5.09750,0.02530,3.02576,0.82106,0.12897,0.00010,0.00002,
3.578,5.09625,0.02467,1.17003,1.27602,0.12574,0.00010,0.00002,
3.579,5.09750,0.02467,2.75425,2.11420,0.12577,0.00010,0.00002,
3.580,5.09750,0.02446,2.99804,0.94091,0.12471,0.00010,0.00002,
3.581,5.09625,0.02467,2.99804,0.94091,0.12574,0.00010,0.00002,
3.582,5.09375,0.02530,2.67598,2.46725,0.12888,0.00010,0.00002,
3.583,5.09750,0.02384,2.67598,2.46725,0.12151,0.00010,0.00002,
3.584,5.09625,0.02488,2.28624,2.50965,0.12681,0.00010,0.00002,
3.585,5.09625,0.02405,2.31560,1.48557,0.12255,0.00010,0.00002,
3.586,5.09500,0.02405,1.60461,0.02120,0.12252,0.00010,0.00002,
3.587,5.09625,0.02405,3.07469,0.03914,0.12255,0.00010,0.00002,
3.588,5.09625,0.02593,1.64864,1.32739,0.13214,0.00010,0.00002,
3.589,5.09625,0.02446,1.49372,1.61358,0.12468,0.00010,0.00002,
3.590,5.09750,0.02384,3.05349,1.12274,0.12151,0.00010,0.00002,
3.591,5.09500,0.02509,3.08610,0.17449,0.12784,0.00010,0.00002,
3.592,5.09625,0.02467,2.38083,0.01141,0.12574,0.00010,0.00002,
3.593,5.09625,0.02446,2.38083,0.01141,0.12468,0.00010,0.00002,
3.594,5.09875,0.02530,0.50144,2.03346,0.12900,0.00010,0.00002,
3.595,5.09875,0.02530,1.65107,0.02528,0.12900,0.00010,0.00002,
3.596,5.09625,0.02467,2.30987,0.00408,0.12574,0.00010,0.00002,
3.597,5.09375,0.02446,3.09830,0.73707,0.12462,0.00010,0.00002,
3.598,5.10000,0.02530,3.07384,0.04729,0.12904,0.00010,0.00002,
3.599,5.09500,0.02551,3.07384,0.04077,0.12997,0.00010,0.00002,
3.600,5.09625,0.02467,0.83736,1.07625,0.12574,0.00010,0.00002,
3.601,5.09750,0.02488,0.54383,2.05548,0.12684,0.00010,0.00002,
3.602,5.09750,0.02572,3.06895,0.01957,0.13110,0.00010,0.00002,
3.603,5.09750,0.02509,3.05346,0.00734,0.12791,0.00010,0.00002,
3.604,5.09375,0.02509,3.05346,0.00734,0.12781,0.00010,0.00002,
3.605,5.09625,0.02551,3.02895,1.56543,0.13001,0.00010,0.00002,
3.606,5.09625,0.02488,0.98410,0.65797,0.12681,0.00010,0.00002,
3.607,5.09500,0.02446,3.07298,0.00652,0.12465,0.00010,0.00002,
3.608,5.09750,0.02488,1.84998,2.68651,0.12684,0.00010,0.00002,
3.609,5.09500,0.02530,3.08032,0.04566,0.12891,0.00010,0.00002,
3.610,5.09625,0.02446,1.52304,0.00163,0.12468,0.00010,0.00002,
3.611,5.09625,0.02363,3.08439,0.14187,0.12042,0.00010,0.00002,
3.612,5.09625,0.02593,3.07869,0.03343,0.13214,0.00010,0.00002,
3.613,5.09750,0.02593,3.05667,0.02446,0.13217,0.00010,0.00002,
3.614,5.09625,0.02509,3.18957,0.01305,0.12787,0.00010,0.00002,
3.615,5.09375,0.02405,3.18957,0.01305,0.12249,0.00010,0.00002,
3.616,5.09625,0.02530,1.70723,1.86784,0.12894,0.00010,0.00002,
3.617,5.09625,0.02530,1.71946,0.00082,0.12894,0.00010,0.00002,
3.618,5.09625,0.02426,3.09731,0.80307,0.12361,0.00010,0.00002,
3.619,5.09250,0.02363,0.67914,0.76230,0.12033,0.00010,0.00002,
3.620,5.09500,0.02551,2.01867,2.77201,0.12997,0.00010,0.00002,
3.621,5.09500,0.02426,3.09160,0.43455,0.12358,0.00010,0.00002,
3.622,5.09625,0.02426,2.80380,1.93062,0.12361,0.00010,0.00002,
3.623,5.09500,0.02384,3.05410,0.01631,0.12145,0.00010,0.00002,
3.624,5.09625,0.02572,2.00807,2.76711,0.13107,0.00010,0.00002,
3.625,5.09625,0.02342,1.40883,0.14757,0.11935,0.00010,0.00002,
3.626,5.09500,0.02405,1.40883,0.14757,0.12252,0.00010,0.00002,
3.627,5.09750,0.02530,2.78583,2.00071,0.12897,0.00010,0.00002,
3.628,5.09625,0.02426,1.62731,0.00326,0.12361,0.00010,0.00002,
3.629,5.09750,0.02384,2.44014,1.91266,0.12151,0.00010,0.00002,
3.630,5.09750,0.02446,1.85966,2.69777,0.12471,0.00010,0.00002,
3.631,5.09625,0.02446,3.09237,0.52993,0.12468,0.00010,0.00002,
3.632,5.09875,0.02405,3.07525,0.01549,0.12261,0.00010,0.00002,
3.633,5.09750,0.02467,3.05568,0.02364,0.12577,0.00010,0.00002,
3.634,5.09375,0.02426,2.89670,1.45773,0.12355,0.00010,0.00002,
3.635,5.09500,0.02446,2.13441,1.25309,0.12465,0.00010,0.00002,
3.636,5.09625,0.02446,2.62929,1.17319,0.12468,0.00010,0.00002,
3.637,5.09375,0.02488,2.62929,1.17319,0.12675,0.00010,0.00002,
3.638,5.09500,0.02488,1.93141,2.27954,0.12678,0.00010,0.00002,
3.639,5.09500,0.02384,3.08748,1.26043,0.12145,0.00010,0.00002,
3.640,5.09375,0.02384,3.08830,1.20418,0.12142,0.00010,0.00002,
3.641,5.09375,0.02426,2.17355,2.84045,0.12355,0.00010,0.00002,
3.642,5.09500,0.02488,3.09401,1.00688,0.12678,0.00010,0.00002,
3.643,5.09500,0.02342,3.05813,0.02038,0.11932,0.00010,0.00002,
3.644,5.09625,0.02426,2.98394,1.02889,0.12361,0.00010,0.00002,
3.645,5.09625,0.02426,2.25426,1.80830,0.12361,0.00010,0.00002,
3.646,5.09750,0.02530,2.31215,1.03623,0.12897,0.00010,0.00002,
3.647,5.09750,0.02363,3.07118,0.04076,0.12045,0.00010,0.00002,
3.648,5.09750,0.02614,3.07118,0.04076,0.13324,0.00010,0.00002,
3.649,5.09875,0.02614,2.37820,1.60123,0.13327,0.00010,0.00002,
3.650,5.09625,0.02572,3.09239,0.65386,0.13107,0.00010,0.00002,
3.651,5.09625,0.02467,2.03985,0.58538,0.12574,0.00010,0.00002,
3.652,5.09625,0.02509,0.74028,1.50258,0.12787,0.00010,0.00002,
3.653,5.09625,0.02551,3.05407,0.01794,0.13001,0.00010,0.00002,
3.654,5.09750,0.02467,3.08016,0.08479,0.12577,0.00010,0.00002,
3.655,5.09500,0.02467,2.26080,1.80016,0.12571,0.00010,0.00002,
3.656,5.09750,0.02530,3.08505,1.64281,0.12897,0.00010,0.00002,
3.657,5.09750,0.02384,3.09484,1.05091,0.12151,0.00010,0.00002,
3.658,5.09625,0.02384,3.07608,0.06033,0.12148,0.00010,0.00002,
3.659,5.09875,0.02593,3.07608,0.06033,0.13220,0.00010,0.00002,
3.660,5.09500,0.02572,2.85595,2.88285,0.13104,0.00010,0.00002,
3.661,5.09625,0.02446,3.09075,0.38481,0.12468,0.00010,0.00002,
3.662,5.09750,0.02530,2.49722,2.71246,0.12897,0.00010,0.00002,
3.663,5.09625,0.02530,3.05569,0.02201,0.12894,0.00010,0.00002,
3.664,5.09375,0.02384,2.82334,1.80749,0.12142,0.00010,0.00002,
3.665,5.09500,0.02405,2.22165,1.09982,0.12252,0.00010,0.00002,
3.666,5.09625,0.02509,0.37259,1.90288,0.12787,0.00010,0.00002,
3.667,5.09625,0.02509,2.06757,2.79643,0.12787,0.00010,0.00002,
3.668,5.09500,0.02405,0.42395,1.33625,0.12252,0.00010,0.00002,
3.669,5.09500,0.02426,3.07933,1.87353,0.12358,0.00010,0.00002,
3.670,5.09500,0.02426,3.07933,1.87353,0.12358,0.00010,0.00002,
3.671,5.09500,0.02363,2.71573,1.29549,0.12039,0.00010,0.00002,
3.672,5.09750,0.02405,2.11975,0.01304,0.12258,0.00010,0.00002,
3.673,5.09875,0.02488,3.05489,0.01794,0.12687,0.00010,0.00002,
3.674,5.09750,0.02426,0.69381,2.06757,0.12364,0.00010,0.00002,
3.675,5.09875,0.02426,1.68031,0.59761,0.12367,0.00010,0.00002,
3.676,5.09875,0.02467,3.08913,0.53238,0.12581,0.00010,0.00002,
3.677,5.09500,0.02467,3.09076,0.42803,0.12571,0.00010,0.00002,
3.678,5.09625,0.02509,2.56734,0.00652,0.12787,0.00010,0.00002,
3.679,5.09500,0.02467,2.76954,2.03659,0.12571,0.00010,0.00002,
3.680,5.09750,0.02467,2.26324,2.88286,0.12577,0.00010,0.00002,
3.681,5.09750,0.02530,2.26324,2.88286,0.12897,0.00010,0.00002,
3.682,5.09500,0.02509,2.50212,2.70838,0.12784,0.00010,0.00002,
3.683,5.09625,0.02467,3.05081,0.02364,0.12574,0.00010,0.00002,
3.684,5.09750,0.02530,1.40556,1.13977,0.12897,0.00010,0.00002,
3.685,5.09750,0.02530,1.91103,1.97055,0.12897,0.00010,0.00002,
3.686,5.09625,0.02530,1.14466,1.67542,0.12894,0.00010,0.00002,
3.687,5.09500,0.02446,0.63266,1.07292,0.12465,0.00010,0.00002,
3.688,5.09500,0.02551,1.13080,1.67542,0.12997,0.00010,0.00002,
3.689,5.09625,0.02530,2.37493,2.61870,0.12894,0.00010,0.00002,
3.690,5.09750,0.02426,3.04428,1.13243,0.12364,0.00010,0.00002,
3.691,5.09750,0.02593,0.70930,0.79327,0.13217,0.00010,0.00002,
3.692,5.09750,0.02551,0.70930,0.79327,0.13004,0.00010,0.00002,
3.693,5.09500,0.02509,3.05651,0.01794,0.12784,0.00010,0.00002,
3.694,5.09625,0.02530,0.48591,2.03496,0.12894,0.00010,0.00002,
3.695,5.09625,0.02530,1.82298,1.48708,0.12894,0.00010,0.00002,
3.696,5.09875,0.02614,3.08505,1.41208,0.13327,0.00010,0.00002,
3.697,5.09625,0.02467,2.19149,2.84780,0.12574,0.00010,0.00002,
3.698,5.09750,0.02530,3.09401,0.45248,0.12897,0.00010,0.00002,
3.699,5.09500,0.02593,1.09330,1.44632,0.13211,0.00010,0.00002,
3.700,5.09875,0.02467,2.49559,2.96601,0.12581,0.00010,0.00002,
3.701,5.09750,0.02551,1.13977,1.91755,0.13004,0.00010,0.00002,
3.702,5.09625,0.02614,1.84418,2.68882,0.13320,0.00010,0.00002,
3.703,5.09625,0.02405,1.84418,2.68882,0.12255,0.00010,0.00002,
3.704,5.09500,0.02405,1.13243,1.56372,0.12252,0.00010,0.00002,
3.705,5.09500,0.02551,2.00072,0.48673,0.12997,0.00010,0.00002,
3.706,5.09875,0.02572,1.12591,1.34115,0.13114,0.00010,0.00002,
3.707,5.09500,0.02426,1.36398,1.12510,0.12358,0.00010,0.00002,
3.708,5.09875,0.02467,1.05091,1.16097,0.12581,0.00010,0.00002,
3.709,5.09750,0.02509,3.08505,1.71863,0.12791,0.00010,0.00002,
3.710,5.09875,0.02363,2.94400,1.21478,0.12047,0.00010,0.00002,
3.711,5.09875,0.02467,2.13442,2.82660,0.12581,0.00010,0.00002,
3.712,5.09875,0.02405,3.08668,0.20871,0.12261,0.00010,0.00002,
3.713,5.09625,0.02405,3.05325,0.02609,0.12255,0.00010,0.00002,
3.714,5.09625,0.02509,3.05325,0.02609,0.12787,0.00010,0.00002,
3.715,5.09625,0.02509,0.98243,1.17891,0.12787,0.00010,0.00002,
3.716,5.09375,0.02467,0.60576,0.83568,0.12568,0.00010,0.00002,
3.717,5.09500,0.02551,3.09485,0.70523,0.12997,0.00010,0.00002,
3.718,5.09500,0.02509,2.91467,1.38437,0.12784,0.00010,0.00002,
3.719,5.09375,0.02405,2.40185,1.64526,0.12249,0.00010,0.00002,
3.720,5.09750,0.02426,0.46635,2.00562,0.12364,0.00010,0.00002,
3.721,5.09750,0.02363,0.36770,1.77652,0.12045,0.00010,0.00002,
3.722,5.09625,0.02363,2.41571,2.61628,0.12042,0.00010,0.00002,
3.723,5.09875,0.02384,3.05654,0.01875,0.12154,0.00010,0.00002,
3.724,5.09500,0.02467,2.40756,1.64200,0.12571,0.00010,0.00002,
3.725,5.09375,0.02446,2.40756,1.64200,0.12462,0.00010,0.00002,
3.726,5.09750,0.02363,0.77208,0.98650,0.12045,0.00010,0.00002,
3.727,5.09750,0.02467,3.08343,0.21361,0.12577,0.00010,0.00002,
3.728,5.09375,0.02405,3.09729,0.72479,0.12249,0.00010,0.00002,
3.729,5.10125,0.02446,0.47287,1.49606,0.12480,0.00010,0.00002,
3.730,5.10125,0.02446,1.31344,2.43283,0.12480,0.00010,0.00002,
3.731,5.09500,0.02446,1.95344,0.03506,0.12465,0.00010,0.00002,
3.732,5.09750,0.02426,3.06876,0.02690,0.12364,0.00010,0.00002,
3.733,5.09625,0.02405,3.05408,0.01386,0.12255,0.00010,0.00002,
3.734,5.09750,0.02384,2.01296,1.00199,0.12151,0.00010,0.00002,
3.735,5.09500,0.02405,2.77362,1.54253,0.12252,0.00010,0.00002,
3.736,5.09750,0.02467,2.77362,1.54253,0.12577,0.00010,0.00002,
3.737,5.09500,0.02426,1.86620,0.89682,0.12358,0.00010,0.00002,
3.738,5.09750,0.02530,3.05572,1.21234,0.12897,0.00010,0.00002,
3.739,5.09750,0.02384,2.19884,2.48012,0.12151,0.00010,0.00002,
3.740,5.09500,0.02384,2.50376,2.96930,0.12145,0.00010,0.00002,
3.741,5.09875,0.02363,1.81973,0.90334,0.12047,0.00010,0.00002,
3.742,5.09500,0.02488,3.08833,0.20708,0.12678,0.00010,0.00002,
3.743,5.09875,0.02467,3.05409,0.00897,0.12581,0.00010,0.00002,
3.744,5.09625,0.02446,1.36806,1.11858,0.12468,0.00010,0.00002,
3.745,5.09750,0.02614,1.36806,1.11858,0.13324,0.00010,0.00002,
3.746,5.09750,0.02551,1.67950,1.75451,0.13004,0.00010,0.00002,
3.747,5.09500,0.02488,1.30854,0.02609,0.12678,0.00010,0.00002,
3.748,5.09500,0.02593,1.30854,0.02609,0.13211,0.00010,0.00002,
3.749,5.09625,0.02593,1.88251,1.94610,0.13214,0.00010,0.00002,
3.750,5.10000,0.02572,0.85116,0.95389,0.13117,0.00010,0.00002,
3.751,5.09500,0.02509,0.55603,1.05336,0.12784,0.00010,0.00002,
3.752,5.09375,0.02593,3.06223,1.43002,0.13207,0.00010,0.00002,
3.753,5.09250,0.02509,3.05490,0.00815,0.12778,0.00010,0.00002,
3.754,5.09625,0.02488,2.96114,1.12429,0.12681,0.00010,0.00002,
3.755,5.09625,0.02488,2.11323,0.45249,0.12681,0.00010,0.00002,
3.756,5.09500,0.02614,3.09485,0.89437,0.13317,0.00010,0.00002,
3.757,5.09500,0.02446,3.08588,1.61346,0.12465,0.00010,0.00002,
3.758,5.09750,0.02446,3.06305,1.43980,0.12471,0.00010,0.00002,
3.759,5.09500,0.02551,3.06305,1.43980,0.12997,0.00010,0.00002,
3.760,5.09625,0.02593,1.84172,2.20370,0.13214,0.00010,0.00002,
3.761,5.09500,0.02426,2.10505,0.00897,0.12358,0.00010,0.00002,
3.762,5.09500,0.02467,3.08746,1.38353,0.12571,0.00010,0.00002,
3.763,5.09750,0.02572,3.05404,0.02364,0.13110,0.00010,0.00002,
3.764,5.09375,0.02446,3.08909,1.09737,0.12462,0.00010,0.00002,
3.765,5.09625,0.02426,1.19357,1.25553,0.12361,0.00010,0.00002,
3.766,5.09625,0.02467,2.22327,2.85919,0.12574,0.00010,0.00002,
3.767,5.09375,0.02467,3.08502,0.13044,0.12568,0.00010,0.00002,
3.768,5.09625,0.02342,3.08013,0.08968,0.11935,0.00010,0.00002,
3.769,5.09625,0.02467,1.06802,1.42837,0.12574,0.00010,0.00002,
3.770,5.09500,0.02488,1.06802,1.42837,0.12678,0.00010,0.00002,
3.771,5.09500,0.02467,1.32640,1.43401,0.12571,0.00010,0.00002,
3.772,5.09500,0.02467,2.29328,0.00897,0.12571,0.00011,0.00002,
3.773,5.09500,0.02551,3.05064,0.02120,0.12997,0.00011,0.00002,
3.774,5.09625,0.02467,3.07591,1.87587,0.12574,0.00011,0.00002,
3.775,5.09625,0.02488,2.77346,1.50086,0.12681,0.00011,0.00002,
3.776,5.09750,0.02488,0.47366,1.37613,0.12684,0.00011,0.00002,
3.777,5.09375,0.02405,3.07428,0.05462,0.12249,0.00011,0.00002,
3.778,5.09500,0.02572,2.42453,2.96259,0.13104,0.00011,0.00002,
3.779,5.09625,0.02530,3.07673,0.07337,0.12894,0.00011,0.00002,
3.780,5.09375,0.02467,0.69785,1.50575,0.12568,0.00011,0.00002,
3.781,5.09875,0.02614,0.69785,1.50575,0.13327,0.00011,0.00002,
3.782,5.09625,0.02530,1.87168,0.12717,0.12894,0.00011,0.00002,
3.783,5.09500,0.02363,3.04800,0.01549,0.12039,0.00011,0.00002,
3.784,5.09500,0.02509,1.32224,0.14266,0.12784,0.00011,0.00002,
3.785,5.09625,0.02509,1.76652,0.40597,0.12787,0.00011,0.00002,
3.786,5.09625,0.02551,0.91954,1.40784,0.13001,0.00011,0.00002,
3.787,5.09500,0.02509,0.39537,1.90999,0.12784,0.00011,0.00002,
3.788,5.09375,0.02530,1.45512,1.58229,0.12888,0.00011,0.00002,
3.789,5.09625,0.02467,0.74998,1.04997,0.12574,0.00011,0.00002,
3.790,5.09750,0.02467,3.09039,0.35542,0.12577,0.00011,0.00002,
3.791,5.09625,0.02572,0.38640,1.22360,0.13107,0.00011,0.00002,
3.792,5.09375,0.02530,0.38640,1.22360,0.12888,0.00011,0.00002,
3.793,5.09625,0.02446,3.05775,0.01223,0.12468,0.00011,0.00002,
3.794,5.09750,0.02572,3.07487,0.03424,0.13110,0.00011,0.00002,
3.795,5.09750,0.02572,1.68580,1.75183,0.13110,0.00011,0.00002,
3.796,5.09375,0.02572,0.62525,2.12274,0.13101,0.00011,0.00002,
3.797,5.09750,0.02426,2.80586,1.89367,0.12364,0.00011,0.00002,
3.798,5.09500,0.02530,1.12903,1.09642,0.12891,0.00011,0.00002,
3.799,5.09875,0.02551,3.08139,1.78770,0.13007,0.00011,0.00002,
3.800,5.09625,0.02509,2.10236,2.80994,0.12787,0.00011,0.00002,
3.801,5.09375,0.02446,2.55234,1.88797,0.12462,0.00011,0.00002,
3.802,5.09750,0.02572,0.94072,1.52113,0.13110,0.00011,0.00002,
3.803,5.09750,0.02467,0.94072,1.52113,0.12577,0.00011,0.00002,
3.804,5.09750,0.02467,0.98067,1.58309,0.12577,0.00011,0.00002,
3.805,5.09625,0.02635,2.35833,1.55130,0.13427,0.00011,0.00002,
3.806,5.09625,0.02551,2.25154,1.77874,0.13001,0.00011,0.00002,
3.807,5.09750,0.02488,1.78281,2.34773,0.12684,0.00011,0.00002,
3.808,5.09750,0.02572,2.48143,2.70071,0.13110,0.00011,0.00002,
3.809,5.09875,0.02488,0.75405,1.49179,0.12687,0.00011,0.00002,
3.810,5.09625,0.02426,3.09526,0.57552,0.12361,0.00011,0.00002,
3.811,5.09250,0.02467,2.05508,2.78875,0.12565,0.00011,0.00002,
3.812,5.09250,0.02467,0.80785,0.89181,0.12565,0.00011,0.00002,
3.813,5.09750,0.02342,3.05287,0.01304,0.11938,0.00011,0.00002,
3.814,5.09750,0.02509,3.05287,0.01304,0.12791,0.00011,0.00002,
3.815,5.09875,0.02363,2.20345,0.99860,0.12047,0.00011,0.00002,
3.816,5.09750,0.02405,3.08630,0.24293,0.12258,0.00011,0.00002,
3.817,5.09375,0.02467,0.42471,1.95563,0.12568,0.00011,0.00002,
3.818,5.09500,0.02426,1.29533,1.13311,0.12358,0.00011,0.00002,
3.819,5.09625,0.02384,1.31979,0.06766,0.12148,0.00011,0.00002,
3.820,5.09625,0.02551,3.06999,1.70537,0.13001,0.00011,0.00002,
3.821,5.09625,0.02488,0.49400,1.25865,0.12681,0.00011,0.00002,
3.822,5.09500,0.02488,1.34832,1.46978,0.12678,0.00011,0.00002,
3.823,5.09500,0.02405,3.05206,0.02038,0.12252,0.00011,0.00002,
3.824,5.09750,0.02509,0.53150,1.11192,0.12791,0.00011,0.00002,
3.825,5.09625,0.02551,0.53150,1.11192,0.13001,0.00011,0.00002,
3.826,5.09500,0.02405,1.63528,1.78120,0.12252,0.00011,0.00002,
3.827,5.10125,0.02530,3.08632,1.63202,0.12907,0.00011,0.00002,
3.828,5.09750,0.02488,2.22629,1.78691,0.12684,0.00011,0.00002,
3.829,5.09625,0.02509,1.32143,1.73799,0.12787,0.00011,0.00002,
3.830,5.09625,0.02530,0.91546,0.56330,0.12894,0.00011,0.00002,
3.831,5.09500,0.02530,1.89125,2.23852,0.12891,0.00011,0.00002,
3.832,5.09750,0.02384,2.74720,2.37466,0.12151,0.00011,0.00002,
3.833,5.09625,0.02405,3.05453,0.02120,0.12255,0.00011,0.00002,
3.834,5.09625,0.02467,2.00212,1.58718,0.12574,0.00011,0.00002,
3.835,5.09500,0.02488,2.04777,0.17445,0.12678,0.00011,0.00002,
3.836,5.09750,0.02405,2.04777,0.17445,0.12258,0.00011,0.00002,
3.837,5.09500,0.02446,2.95833,0.87959,0.12465,0.00011,0.00002,
3.838,5.09500,0.02551,1.43148,2.49693,0.12997,0.00011,0.00002,
3.839,5.09500,0.02342,1.24154,0.06522,0.11932,0.00011,0.00002,
3.840,5.09625,0.02342,3.09528,0.78666,0.11935,0.00011,0.00002,
3.841,5.09500,0.02509,1.16083,1.27007,0.12784,0.00011,0.00002,
3.842,5.09750,0.02530,0.87470,0.96356,0.12897,0.00011,0.00002,
3.843,5.09625,0.02509,3.05045,0.02364,0.12787,0.00011,0.00002,
3.844,5.09625,0.02426,2.19776,2.49041,0.12361,0.00011,0.00002,
3.845,5.09375,0.02614,2.20428,1.16817,0.13314,0.00011,0.00002,
3.846,5.09625,0.02572,1.44533,0.00815,0.13107,0.00011,0.00002,
3.847,5.09625,0.02509,1.44533,0.00815,0.12787,0.00011,0.00002,
3.848,5.09625,0.02551,1.80321,1.33529,0.13001,0.00011,0.00002,
3.849,5.09500,0.02551,1.33366,0.02364,0.12997,0.00011,0.00002,
3.850,5.09625,0.02635,3.06920,1.65240,0.13427,0.00011,0.00002,
3.851,5.09250,0.02426,2.00374,2.34857,0.12352,0.00011,0.00002,
3.852,5.09750,0.02488,2.12195,1.18203,0.12684,0.00011,0.00002,
3.853,5.09750,0.02614,3.05045,0.01549,0.13324,0.00011,0.00002,
3.854,5.09500,0.02509,3.07491,0.04565,0.12784,0.00011,0.00002,
3.855,5.09500,0.02572,2.32656,0.21277,0.13104,0.00011,0.00002,
3.856,5.09500,0.02509,2.02412,1.35567,0.12784,0.00011,0.00002,
3.857,5.09500,0.02426,2.19858,2.48634,0.12358,0.00011,0.00002,
3.858,5.09625,0.02426,2.19858,2.48634,0.12361,0.00011,0.00002,
3.859,5.09500,0.02551,1.53420,0.13940,0.12997,0.00011,0.00002,
3.860,5.09500,0.02572,3.07980,0.03424,0.13104,0.00011,0.00002,
3.861,5.09500,0.02405,0.66927,0.76547,0.12252,0.00011,0.00002,
3.862,5.09500,0.02572,0.68558,1.25377,0.13104,0.00011,0.00002,
3.863,5.09750,0.02572,3.04638,0.00408,0.13110,0.00011,0.00002,
3.864,5.09500,0.02446,1.39398,0.06032,0.12465,0.00011,0.00002,
3.865,5.09750,0.02593,3.09122,1.29453,0.13217,0.00011,0.00002,
3.866,5.09750,0.02530,0.80623,1.42741,0.12897,0.00011,0.00002,
3.867,5.09250,0.02530,2.45292,2.67058,0.12885,0.00011,0.00002,
3.868,5.09750,0.02405,1.38420,0.02201,0.12258,0.00011,0.00002,
3.869,5.09875,0.02551,1.38420,0.02201,0.13007,0.00011,0.00002,
3.870,5.09625,0.02551,1.36546,0.06196,0.13001,0.00011,0.00002,
3.871,5.09500,0.02405,1.51790,1.06058,0.12252,0.00011,0.00002,
3.872,5.09375,0.02593,2.49778,1.80241,0.13207,0.00011,0.00002,
3.873,5.09500,0.02530,3.05211,0.01956,0.12891,0.00011,0.00002,
3.874,5.09625,0.02488,1.52932,0.13858,0.12681,0.00011,0.00002,
3.875,5.09625,0.02342,2.83853,1.77062,0.11935,0.00011,0.00002,
3.876,5.09625,0.02342,1.47144,0.15652,0.11935,0.00011,0.00002,
3.877,5.09625,0.02488,1.49508,1.93529,0.12681,0.00011,0.00002,
3.878,5.09625,0.02446,1.33204,1.12009,0.12468,0.00011,0.00002,
3.879,5.09625,0.02405,0.72145,2.16680,0.12255,0.00011,0.00002,
3.880,5.09500,0.02384,0.72145,2.16680,0.12145,0.00011,0.00002,
3.881,5.09625,0.02467,2.13419,0.67499,0.12574,0.00011,0.00002,
3.882,5.09750,0.02321,2.14561,1.70703,0.11831,0.00011,0.00002,
3.883,5.09625,0.02426,3.05537,0.02201,0.12361,0.00011,0.00002,
3.884,5.09625,0.02467,2.34778,2.59967,0.12574,0.00011,0.00002,
3.885,5.09750,0.02467,1.30269,0.15978,0.12577,0.00011,0.00002,
3.886,5.09125,0.02321,1.84806,1.47062,0.11817,0.00011,0.00002,
3.887,5.10000,0.02384,0.63912,2.01681,0.12157,0.00011,0.00002,
3.888,5.09625,0.02405,1.90757,0.03261,0.12255,0.00011,0.00002,
3.889,5.09750,0.02342,1.63774,1.00759,0.11938,0.00011,0.00002,
3.890,5.09875,0.02426,1.67442,2.60375,0.12367,0.00011,0.00002,
3.891,5.09625,0.02446,1.67442,2.60375,0.12468,0.00011,0.00002,
3.892,5.09500,0.02363,1.93366,0.32445,0.12039,0.00011,0.00002,
3.893,5.09500,0.02509,1.77632,0.00489,0.12784,0.00011,0.00002,
3.894,5.09625,0.02467,0.90976,1.51220,0.12574,0.00011,0.00002,
3.895,5.09625,0.02467,1.38095,1.47959,0.12574,0.00011,0.00002,
3.896,5.09500,0.02467,1.60105,1.28802,0.12571,0.00011,0.00002,
3.897,5.09875,0.02405,0.58124,1.85866,0.12261,0.00011,0.00002,
3.898,5.09750,0.02467,0.64319,1.38095,0.12577,0.00011,0.00002,
3.899,5.09750,0.02614,2.39343,1.61165,0.13324,0.00011,0.00002,
3.900,5.09750,0.02426,2.14398,0.10353,0.12364,0.00011,0.00002,
3.901,5.09375,0.02467,1.43149,1.11601,0.12568,0.00011,0.00002,
3.902,5.09375,0.02530,1.43149,1.11601,0.12888,0.00011,0.00002,
3.903,5.09625,0.02530,3.05700,0.01630,0.12894,0.00011,0.00002,
3.904,5.09750,0.02467,2.70891,2.33229,0.12577,0.00011,0.00002,
3.905,5.09500,0.02572,2.65755,0.73939,0.13104,0.00011,0.00002,
3.906,5.09500,0.02530,1.65893,0.04402,0.12891,0.00011,0.00002,
3.907,5.09750,0.02446,1.65893,0.04402,0.12471,0.00011,0.00002,
3.908,5.09875,0.02614,2.49370,2.70646,0.13327,0.00011,0.00002,
3.909,5.09500,0.02488,2.62005,0.66765,0.12678,0.00011,0.00002,
3.910,5.09500,0.02467,2.73255,0.87878,0.12571,0.00011,0.00002,
3.911,5.09500,0.02593,1.13639,1.50730,0.13211,0.00011,0.00002,
3.912,5.09500,0.02593,1.25052,1.14862,0.13211,0.00011,0.00002,
3.913,5.09750,0.02572,3.05618,0.02283,0.13110,0.00011,0.00002,
3.914,5.09750,0.02405,3.05618,0.02283,0.12258,0.00011,0.00002,
3.915,5.09500,0.02530,1.68582,1.28637,0.12891,0.00011,0.00002,
3.916,5.09625,0.02467,3.09447,0.53558,0.12574,0.00011,0.00002,
3.917,5.09750,0.02467,1.88798,0.34157,0.12577,0.00011,0.00002,
3.918,5.09625,0.02384,2.41949,1.65892,0.12148,0.00011,0.00002,
3.919,5.09875,0.02530,0.78258,1.95891,0.12900,0.00011,0.00002,
3.920,5.09875,0.02426,0.84535,0.76873,0.12367,0.00011,0.00002,
3.921,5.09625,0.02426,0.82905,1.85456,0.12361,0.00011,0.00002,
3.922,5.09375,0.02342,1.14534,1.23502,0.11929,0.00011,0.00002,
3.923,5.09750,0.02488,3.05697,0.01630,0.12684,0.00011,0.00002,
3.924,5.09500,0.02363,3.09284,0.44754,0.12039,0.00011,0.00002,
3.925,5.09500,0.02342,3.09284,0.44754,0.11932,0.00011,0.00002,
3.926,5.09375,0.02467,2.91419,2.07947,0.12568,0.00011,0.00002,
3.927,5.09625,0.02384,1.60749,1.73303,0.12148,0.00011,0.00002,
3.928,5.09500,0.02279,3.09434,0.76951,0.11612,0.00011,0.00002,
3.929,5.09500,0.02467,2.52944,1.83003,0.12571,0.00011,0.00002,
3.930,5.09625,0.02467,1.20807,1.19828,0.12574,0.00011,0.00002,
3.931,5.09500,0.02488,0.53964,1.73466,0.12678,0.00011,0.00002,
3.932,5.09500,0.02467,0.96841,1.07683,0.12571,0.00011,0.00002,
3.933,5.09750,0.02342,3.05603,0.02853,0.11938,0.00011,0.00002,
3.934,5.09750,0.02509,2.09333,2.79681,0.12791,0.00011,0.00002,
3.935,5.09500,0.02405,2.93213,2.00529,0.12252,0.00011,0.00002,
3.936,5.09875,0.02572,2.93213,2.00529,0.13114,0.00011,0.00002,
3.937,5.09625,0.02614,1.97007,0.08966,0.13320,0.00011,0.00002,
3.938,5.09625,0.02509,1.39135,1.12319,0.12787,0.00011,0.00002,
3.939,5.09625,0.02509,3.01338,0.86236,0.12787,0.00011,0.00002,
3.940,5.09625,0.02384,1.40603,0.82568,0.12148,0.00011,0.00002,
3.941,5.09750,0.02530,0.57382,0.93246,0.12897,0.00011,0.00002,
3.942,5.09625,0.02321,1.98392,1.34489,0.11828,0.00011,0.00002,
3.943,5.09750,0.02384,3.05250,0.01549,0.12151,0.00011,0.00002,
3.944,5.10000,0.02467,1.44434,0.07336,0.12584,0.00011,0.00002,
3.945,5.09750,0.02405,2.35234,1.05228,0.12258,0.00011,0.00002,
3.946,5.09500,0.02300,2.51455,2.51944,0.11719,0.00011,0.00002,
3.947,5.09500,0.02363,2.51455,2.51944,0.12039,0.00011,0.00002,
3.948,5.09625,0.02363,2.75391,0.53954,0.12042,0.00011,0.00002,
3.949,5.09500,0.02300,1.15161,2.36108,0.11719,0.00011,0.00002,
3.950,5.09500,0.02279,2.61455,1.19236,0.11612,0.00011,0.00002,
3.951,5.09750,0.02488,1.14101,1.28445,0.12684,0.00011,0.00002,
3.952,5.09375,0.02467,2.31218,2.52979,0.12568,0.00011,0.00002,
3.953,5.09500,0.02321,3.04732,0.01141,0.11826,0.00011,0.00002,
3.954,5.09250,0.02405,2.46296,1.91527,0.12246,0.00011,0.00002,
3.955,5.09500,0.02509,1.82073,1.45561,0.12784,0.00011,0.00002,
3.956,5.09625,0.02321,2.71316,2.30973,0.11828,0.00011,0.00002,
3.957,5.09625,0.02321,1.50451,1.80769,0.11828,0.00011,0.00002,
3.958,5.09625,0.02488,1.50451,1.80769,0.12681,0.00011,0.00002,
3.959,5.09500,0.02551,3.00902,1.62839,0.12997,0.00011,0.00002,
3.960,5.09625,0.02321,1.50777,2.53550,0.11828,0.00011,0.00002,
3.961,5.09875,0.02467,0.86310,2.22824,0.12581,0.00011,0.00002,
3.962,5.09250,0.02405,1.16547,0.03831,0.12246,0.00011,0.00002,
3.963,5.09500,0.02426,3.04977,0.01956,0.12358,0.00011,0.00002,
3.964,5.09500,0.02405,2.06524,1.08723,0.12252,0.00011,0.00002,
3.965,5.09500,0.02530,2.36761,1.63573,0.12891,0.00011,0.00002,
3.966,5.09500,0.02342,2.73436,2.20950,0.11932,0.00011,0.00002,
3.967,5.09750,0.02342,2.02856,1.24452,0.11938,0.00011,0.00002,
3.968,5.09500,0.02446,1.87453,0.32111,0.12465,0.00011,0.00002,
3.969,5.09500,0.02363,1.87453,0.32111,0.12039,0.00011,0.00002,
3.970,5.09500,0.02426,2.67079,0.63489,0.12358,0.00011,0.00002,
3.971,5.09500,0.02405,3.08726,0.24532,0.12252,0.00011,0.00002,
3.972,5.09625,0.02572,2.04079,0.12307,0.13107,0.00011,0.00002,
3.973,5.09750,0.02572,3.05466,0.02608,0.13110,0.00011,0.00002,
3.974,5.09500,0.02509,1.32358,2.05220,0.12784,0.00011,0.00002,
3.975,5.09500,0.02572,1.99189,1.39530,0.13104,0.00011,0.00002,
3.976,5.09500,0.02572,3.04570,1.07093,0.13104,0.00011,0.00002,
3.977,5.09750,0.02572,1.41242,0.06439,0.13110,0.00011,0.00002,
3.978,5.09625,0.02384,2.53958,1.95603,0.12148,0.00011,0.00002,
3.979,5.09875,0.02572,1.17036,0.04727,0.13114,0.00011,0.00002,
3.980,5.09500,0.02530,1.17036,0.04727,0.12891,0.00011,0.00002,
3.981,5.09625,0.02467,1.48173,0.07091,0.12574,0.00011,0.00002,
3.982,5.09500,0.02509,3.07268,0.06928,0.12784,0.00011,0.00002,
3.983,5.09625,0.02572,3.05067,0.02038,0.13107,0.00011,0.00002,
3.984,5.09625,0.02363,2.34567,1.53145,0.12042,0.00011,0.00002,
3.985,5.09500,0.02363,2.39783,0.83541,0.12039,0.00011,0.00002,
3.986,5.09375,0.02446,3.08980,1.51352,0.12462,0.00011,0.00002,
3.987,5.09625,0.02488,1.93652,0.30238,0.12681,0.00011,0.00002,
3.988,5.09750,0.02384,1.81427,0.16545,0.12151,0.00011,0.00002,
3.989,5.09750,0.02446,1.33177,0.01712,0.12471,0.00011,0.00002,
3.990,5.09500,0.02551,2.53231,1.33992,0.12997,0.00011,0.00002,
3.991,5.09875,0.02488,2.53231,1.33992,0.12687,0.00011,0.00002,
3.992,5.09500,0.02467,1.65780,1.63987,0.12571,0.00011,0.00002,
3.993,5.09500,0.02530,3.05152,0.01793,0.12891,0.00011,0.00002,
3.994,5.09875,0.02509,0.80037,1.89416,0.12794,0.00011,0.00002,
3.995,5.09875,0.02509,2.71246,0.58683,0.12794,0.00011,0.00002,
3.996,5.09500,0.02488,0.62351,1.31140,0.12678,0.00011,0.00002,
3.997,5.09750,0.02467,1.96262,0.94708,0.12577,0.00011,0.00002,
3.998,5.09750,0.02426,2.18839,1.74582,0.12364,0.00011,0.00002,
3.999,5.09625,0.02446,1.53473,0.16138,0.12468,0.00011,0.00002,
4.000,5.09625,0.02342,2.10933,0.11003,0.11935,0.00011,0.00002,
4.001,5.09750,0.02405,1.97485,2.32776,0.12258,0.00011,0.00002,
4.002,5.09750,0.02405,1.97485,2.32776,0.12258,0.00011,0.00002,
4.003,5.09500,0.02405,3.05423,0.01304,0.12252,0.00011,0.00002,
4.004,5.09750,0.02509,1.44682,0.16710,0.12791,0.00011,0.00002,
4.005,5.09375,0.02572,2.63933,2.18695,0.13101,0.00011,0.00002,
4.006,5.09625,0.02488,2.43474,0.76376,0.12681,0.00011,0.00002,
4.007,5.09500,0.02426,2.12011,0.02853,0.12358,0.00011,0.00002,
4.008,5.09750,0.02572,1.34412,1.11833,0.13110,0.00011,0.00002,
4.009,5.09375,0.02488,1.73130,0.14672,0.12675,0.00011,0.00002,
4.010,5.09750,0.02488,2.39724,0.79881,0.12684,0.00011,0.00002,
4.011,5.09750,0.02488,1.22104,2.40377,0.12684,0.00011,0.00002,
4.012,5.09750,0.02488,2.11440,0.02445,0.12684,0.00011,0.00002,
4.013,5.09625,0.02509,2.11440,0.02445,0.12787,0.00011,0.00002,
4.014,5.09750,0.02488,2.75116,0.63745,0.12684,0.00011,0.00002,
4.015,5.09625,0.02509,2.60687,0.78092,0.12787,0.00011,0.00002,
4.016,5.09625,0.02488,1.46076,2.50987,0.12681,0.00011,0.00002,
4.017,5.09500,0.02488,1.71998,0.08396,0.12678,0.00011,0.00002,
4.018,5.09625,0.02530,2.42917,1.67596,0.12894,0.00011,0.00002,
4.019,5.09750,0.02635,1.87160,0.02445,0.13430,0.00011,0.00002,
4.020,5.09750,0.02467,1.85285,0.09537,0.12577,0.00011,0.00002,
4.021,5.09625,0.02467,2.78295,2.00366,0.12574,0.00011,0.00002,
4.022,5.09875,0.02572,1.38088,0.06847,0.13114,0.00011,0.00002,
4.023,5.09750,0.02572,3.05195,0.01304,0.13110,0.00011,0.00002,
4.024,5.09875,0.02405,3.05195,0.01304,0.12261,0.00011,0.00002,
4.025,5.10000,0.02488,2.10852,1.27522,0.12690,0.00011,0.00002,
4.026,5.09375,0.02572,2.22675,2.86681,0.13101,0.00011,0.00002,
4.027,5.09875,0.02363,1.33311,1.75221,0.12047,0.00011,0.00002,
4.028,5.09500,0.02572,1.36328,0.02446,0.13104,0.00011,0.00002,
4.029,5.09500,0.02656,1.15292,0.05544,0.13530,0.00011,0.00002,
4.030,5.09625,0.02656,1.64050,1.72204,0.13533,0.00011,0.00002,
4.031,5.09750,0.02446,0.63353,0.79171,0.12471,0.00011,0.00002,
4.032,5.09625,0.02551,2.23653,1.77667,0.13001,0.00011,0.00002,
4.033,5.09875,0.02572,3.05597,0.02038,0.13114,0.00011,0.00002,
4.034,5.09250,0.02446,1.47091,0.86754,0.12459,0.00011,0.00002,
4.035,5.09500,0.02614,1.47091,0.86754,0.13317,0.00011,0.00002,
4.036,5.09625,0.02446,0.90832,1.30540,0.12468,0.00011,0.00002,
4.037,5.09750,0.02530,2.18191,2.47055,0.12897,0.00011,0.00002,
4.038,5.09750,0.02426,1.65111,2.69478,0.12364,0.00011,0.00002,
4.039,5.09750,0.02426,1.57936,0.04240,0.12364,0.00011,0.00002,
4.040,5.09375,0.02467,3.01440,1.59648,0.12568,0.00011,0.00002,
4.041,5.09625,0.02530,1.06079,1.16108,0.12894,0.00011,0.00002,
4.042,5.09625,0.02467,0.84309,0.77133,0.12574,0.00011,0.00002,
4.043,5.09875,0.02572,3.05272,0.02365,0.13114,0.00011,0.00002,
4.044,5.09625,0.02551,2.20311,0.25032,0.13001,0.00011,0.00002,
4.045,5.09875,0.02467,1.88186,1.47907,0.12581,0.00011,0.00002,
4.046,5.09625,0.02467,1.88186,1.47907,0.12574,0.00011,0.00002,
4.047,5.09625,0.02551,2.17242,1.44502,0.13001,0.00011,0.00002,
4.048,5.09875,0.02551,0.81466,1.88782,0.13007,0.00011,0.00002,
4.049,5.09750,0.02467,2.30453,0.78041,0.12577,0.00011,0.00002,
4.050,5.09625,0.02572,1.94490,1.99546,0.13107,0.00011,0.00002,
4.051,5.09625,0.02530,1.72962,0.04077,0.12894,0.00011,0.00002,
4.052,5.09500,0.02467,1.86172,0.32374,0.12571,0.00011,0.00002,
4.053,5.09625,0.02593,3.05558,0.02120,0.13214,0.00011,0.00002,
4.054,5.09625,0.02593,0.73800,1.51189,0.13214,0.00011,0.00002,
4.055,5.09625,0.02488,2.17813,1.00792,0.12681,0.00011,0.00002,
4.056,5.09625,0.02593,2.44886,2.67067,0.13214,0.00011,0.00002,
4.057,5.09625,0.02593,2.44886,2.67067,0.13214,0.00011,0.00002,
4.058,5.09750,0.02530,2.16018,1.23381,0.12897,0.00012,0.00002,
4.059,5.09625,0.02530,1.13269,0.06442,0.12894,0.00012,0.00002,
4.060,5.09750,0.02530,1.83563,0.08970,0.12897,0.00012,0.00002,
4.061,5.09750,0.02530,2.03705,0.03180,0.12897,0.00012,0.00002,
4.062,5.09875,0.02488,1.66030,0.06850,0.12687,0.00012,0.00002,
4.063,5.09625,0.02572,3.05557,0.02039,0.13107,0.00012,0.00002,
4.064,5.09625,0.02467,3.10287,1.06011,0.12574,0.00012,0.00002,
4.065,5.09625,0.02509,1.76794,1.58772,0.12787,0.00012,0.00002,
4.066,5.09625,0.02509,2.18873,2.84355,0.12787,0.00012,0.00002,
4.067,5.09500,0.02467,1.78425,0.60508,0.12571,0.00012,0.00002,
4.068,5.09375,0.02467,1.78425,0.60508,0.12568,0.00012,0.00002,
4.069,5.09500,0.02405,1.78425,0.60508,0.12252,0.00012,0.00002,
4.070,5.09500,0.02342,1.87640,0.00408,0.11932,0.00012,0.00002,
4.071,5.09750,0.02509,1.74184,1.86743,0.12791,0.00012,0.00002,
4.072,5.09625,0.02509,1.47437,1.92125,0.12787,0.00012,0.00002,
4.073,5.09500,0.02321,3.05475,0.01305,0.11826,0.00012,0.00002,
4.074,5.09500,0.02488,0.86766,0.71517,0.12678,0.00012,0.00002,
4.075,5.09500,0.02488,2.14795,1.24930,0.12678,0.00012,0.00002,
4.076,5.09250,0.02488,2.04438,0.02854,0.12672,0.00012,0.00002,
4.077,5.09625,0.02342,1.29333,0.02365,0.11935,0.00012,0.00002,
4.078,5.09250,0.02363,1.47437,0.06850,0.12033,0.00012,0.00002,
4.079,5.09500,0.02405,2.12185,0.02773,0.12252,0.00012,0.00002,
4.080,5.09750,0.02405,2.12185,0.02773,0.12258,0.00012,0.00002,
4.081,5.10000,0.02446,1.51998,1.36586,0.12477,0.00012,0.00002,
4.082,5.09500,0.02405,1.30633,0.05463,0.12252,0.00012,0.00002,
4.083,5.09500,0.02363,3.06116,0.02120,0.12039,0.00012,0.00002,
4.084,5.09500,0.02363,1.15629,1.68307,0.12039,0.00012,0.00002,
4.085,5.09750,0.02467,1.44985,0.70291,0.12577,0.00012,0.00002,
4.086,5.09500,0.02467,1.28595,1.38951,0.12571,0.00012,0.00002,
4.087,5.09500,0.02384,1.66350,0.06279,0.12145,0.00012,0.00002,
4.088,5.09375,0.02384,0.63115,1.44414,0.12142,0.00012,0.00002,
4.089,5.09625,0.02488,1.38135,0.15249,0.12681,0.00012,0.00002,
4.090,5.09625,0.02551,1.31286,0.05953,0.13001,0.00012,0.00002,
4.091,5.09500,0.02446,1.31286,0.05953,0.12465,0.00012,0.00002,
4.092,5.09875,0.02509,2.51615,0.87894,0.12794,0.00012,0.00002,
4.093,5.09875,0.02530,3.05673,0.01957,0.12900,0.00012,0.00002,
4.094,5.09625,0.02426,1.22954,1.17654,0.12361,0.00012,0.00002,
4.095,5.09625,0.02426,0.99717,1.18062,0.12361,0.00012,0.00002,
4.096,5.09750,0.02509,2.55692,1.95031,0.12791,0.00012,0.00002,
4.097,5.09500,0.02467,1.42278,1.89649,0.12571,0.00012,0.00002,
4.098,5.09625,0.02405,1.64047,2.24791,0.12255,0.00012,0.00002,
4.099,5.09500,0.02572,1.86388,0.90259,0.13104,0.00012,0.00002,
4.100,5.09625,0.02530,1.28009,0.02038,0.12894,0.00012,0.00002,
4.101,5.09750,0.02467,1.90220,1.97150,0.12577,0.00012,0.00002,
4.102,5.09750,0.02467,1.90220,1.97150,0.12577,0.00012,0.00002,
4.103,5.09625,0.02530,3.05621,0.02120,0.12894,0.00012,0.00002,
4.104,5.09875,0.02572,2.37714,1.59292,0.13114,0.00012,0.00002,
4.105,5.09625,0.02405,2.76681,2.32823,0.12255,0.00012,0.00002,
4.106,5.09750,0.02509,1.56683,1.75351,0.12791,0.00012,0.00002,
4.107,5.10000,0.02530,0.53804,1.73476,0.12904,0.00012,0.00002,
4.108,5.09875,0.02405,2.24101,0.25353,0.12261,0.00012,0.00002,
4.109,5.09375,0.02614,1.78693,0.07826,0.13314,0.00012,0.00002,
4.110,5.09500,0.02467,2.52551,0.86086,0.12571,0.00012,0.00002,
4.111,5.09500,0.02384,2.10079,1.90595,0.12145,0.00012,0.00002,
4.112,5.09500,0.02384,1.79183,0.55026,0.12145,0.00012,0.00002,
4.113,5.09625,0.02467,1.79183,0.55026,0.12574,0.00012,0.00002,
4.114,5.09625,0.02488,2.59155,0.67418,0.12681,0.00012,0.00002,
4.115,5.09750,0.02342,2.31030,1.04347,0.11938,0.00012,0.00002,
4.116,5.09625,0.02426,2.79046,1.56113,0.12361,0.00012,0.00002,
4.117,5.09875,0.02446,1.84563,0.03831,0.12474,0.00012,0.00002,
4.118,5.09750,0.02363,2.44644,1.92389,0.12045,0.00012,0.00002,
4.119,5.09750,0.02405,1.61330,0.07663,0.12258,0.00012,0.00002,
4.120,5.09750,0.02488,1.72824,0.16060,0.12684,0.00012,0.00002,
4.121,5.09625,0.02488,1.82770,1.57743,0.12681,0.00012,0.00002,
4.122,5.09875,0.02426,1.71520,1.67118,0.12367,0.00012,0.00002,
4.123,5.09750,0.02509,3.05622,0.01875,0.12791,0.00012,0.00002,
4.124,5.09750,0.02426,3.05622,0.01875,0.12364,0.00012,0.00002,
4.125,5.09625,0.02530,1.57254,1.38505,0.12894,0.00012,0.00002,
4.126,5.09500,0.02446,0.80217,0.90733,0.12465,0.00012,0.00002,
4.127,5.09500,0.02446,2.05515,0.03505,0.12465,0.00012,0.00002,
4.128,5.09250,0.02426,1.63205,0.06114,0.12352,0.00012,0.00002,
4.129,5.09250,0.02342,2.04292,1.32309,0.11926,0.00012,0.00002,
4.130,5.09375,0.02342,1.78450,0.07337,0.11929,0.00012,0.00002,
4.131,5.09625,0.02446,1.35814,2.01276,0.12468,0.00012,0.00002,
4.132,5.09500,0.02446,3.09454,0.64728,0.12465,0.00012,0.00002,
4.133,5.09500,0.02342,3.05541,0.01467,0.11932,0.00012,0.00002,
4.134,5.09625,0.02342,2.42199,1.52689,0.11935,0.00012,0.00002,
4.135,5.09500,0.02635,2.42199,1.52689,0.13424,0.00012,0.00002,
4.136,5.09500,0.02509,1.10054,0.33261,0.12784,0.00012,0.00002,
4.137,5.09875,0.02467,1.22852,1.17553,0.12581,0.00012,0.00002,
4.138,5.09875,0.02551,1.85134,0.89429,0.13007,0.00012,0.00002,
4.139,5.09375,0.02551,1.62961,0.43206,0.12994,0.00012,0.00002,
4.140,5.09750,0.02614,2.91112,2.09998,0.13324,0.00012,0.00002,
4.141,5.09875,0.02467,1.02227,1.12744,0.12581,0.00012,0.00002,
4.142,5.09500,0.02509,1.37608,0.06277,0.12784,0.00012,0.00002,
4.143,5.09625,0.02530,3.05704,0.01386,0.12894,0.00012,0.00002,
4.144,5.09625,0.02426,2.67389,1.22119,0.12361,0.00012,0.00002,
4.145,5.09625,0.02384,2.21737,1.73232,0.12148,0.00012,0.00002,
4.146,5.09625,0.02467,2.21737,1.73232,0.12574,0.00012,0.00002,
4.147,5.09625,0.02446,1.56601,1.65080,0.12468,0.00012,0.00002,
4.148,5.09875,0.02446,2.00623,2.18150,0.12474,0.00012,0.00002,
4.149,5.09500,0.02384,2.08041,0.02935,0.12145,0.00012,0.00002,
4.150,5.09875,0.02509,1.04347,1.38585,0.12794,0.00012,0.00002,
4.151,5.09750,0.02342,2.22470,1.16738,0.11938,0.00012,0.00002,
4.152,5.09500,0.02405,1.64753,1.73802,0.12252,0.00012,0.00002,
4.153,5.09625,0.02467,3.05214,0.01386,0.12574,0.00012,0.00002,
4.154,5.09500,0.02426,1.69726,0.15407,0.12358,0.00012,0.00002,
4.155,5.09625,0.02426,1.54889,1.79753,0.12361,0.00012,0.00002,
4.156,5.09625,0.02551,1.79264,1.85704,0.13001,0.00012,0.00002,
4.157,5.09875,0.02551,1.79264,1.85704,0.13007,0.00012,0.00002,
4.158,5.09750,0.02488,3.08964,0.96765,0.12684,0.00012,0.00002,
4.159,5.09250,0.02509,1.22363,0.05706,0.12778,0.00012,0.00002,
4.160,5.09500,0.02572,1.24401,1.37037,0.13104,0.00012,0.00002,
4.161,5.09625,0.02509,1.34183,1.76003,0.12787,0.00012,0.00002,
4.162,5.09625,0.02488,1.62634,0.41657,0.12681,0.00012,0.00002,
4.163,5.09500,0.02551,3.05948,0.01304,0.12997,0.00012,0.00002,
4.164,5.09500,0.02530,2.64127,0.76385,0.12891,0.00012,0.00002,
4.165,5.09500,0.02530,2.04536,1.99889,0.12891,0.00012,0.00002,
4.166,5.09750,0.02530,1.37852,0.75488,0.12897,0.00012,0.00002,
4.167,5.09625,0.02509,2.77578,1.51955,0.12787,0.00012,0.00002,
4.168,5.09500,0.02509,2.77578,1.51955,0.12784,0.00012,0.00002,
4.169,5.09500,0.02467,2.63067,1.87824,0.12571,0.00012,0.00002,
4.170,5.09750,0.02426,1.44699,0.04402,0.12364,0.00012,0.00002,
4.171,5.09750,0.02426,2.20432,1.15433,0.12364,0.00012,0.00002,
4.172,5.09625,0.02405,2.46356,1.46574,0.12255,0.00012,0.00002,
4.173,5.09750,0.02446,3.05540,0.01793,0.12471,0.00012,0.00002,
4.174,5.09750,0.02446,2.32253,1.68911,0.12471,0.00012,0.00002,
4.175,5.09500,0.02446,1.57498,0.00734,0.12465,0.00012,0.00002,
4.176,5.09625,0.02342,3.09045,1.31982,0.11935,0.00012,0.00002,
4.177,5.09500,0.02467,1.50976,0.04647,0.12571,0.00012,0.00002,
4.178,5.09875,0.02405,1.76737,0.91874,0.12261,0.00012,0.00002,
4.179,5.09625,0.02342,1.76737,0.91874,0.11935,0.00012,0.00002,
4.180,5.09500,0.02384,1.96628,2.13911,0.12145,0.00012,0.00002,
4.181,5.09375,0.02488,2.17335,1.20243,0.12675,0.00012,0.00002,
4.182,5.09500,0.02384,1.69727,0.02690,0.12145,0.00012,0.00002,
4.183,5.09500,0.02426,3.05133,0.02609,0.12358,0.00012,0.00002,
4.184,5.09375,0.02426,2.79454,1.58558,0.12355,0.00012,0.00002,
4.185,5.09500,0.02509,2.47824,1.64672,0.12784,0.00012,0.00002,
4.186,5.09625,0.02384,2.57035,1.27417,0.12148,0.00012,0.00002,
4.187,5.09625,0.02446,1.31656,0.02120,0.12468,0.00012,0.00002,
4.188,5.09625,0.02530,1.52036,0.02364,0.12894,0.00012,0.00002,
4.189,5.09375,0.02446,2.70568,1.30760,0.12462,0.00012,0.00002,
4.190,5.09625,0.02384,2.70568,1.30760,0.12148,0.00012,0.00002,
4.191,5.09625,0.02405,0.88287,0.95461,0.12255,0.00012,0.00002,
4.192,5.09625,0.02426,1.84074,0.89347,0.12361,0.00012,0.00002,
4.193,5.09500,0.02426,3.05866,0.01793,0.12358,0.00012,0.00002,
4.194,5.09625,0.02488,1.46004,1.61819,0.12681,0.00012,0.00002,
4.195,5.09625,0.02488,2.11465,1.91085,0.12681,0.00012,0.00002,
4.196,5.09500,0.02384,2.27932,1.77145,0.12145,0.00012,0.00002,
4.197,5.09750,0.02384,1.41194,1.49265,0.12151,0.00012,0.00002,
4.198,5.09625,0.02384,2.09835,0.10679,0.12148,0.00012,0.00002,
4.199,5.09500,0.02446,1.44944,1.53667,0.12465,0.00012,0.00002,
4.200,5.09875,0.02509,1.42172,1.99074,0.12794,0.00012,0.00002,
4.201,5.09875,0.02488,1.42172,1.99074,0.12687,0.00012,0.00002,
4.202,5.09875,0.02488,1.47308,0.86167,0.12687,0.00012,0.00002,
4.203,5.09625,0.02509,3.05051,0.01793,0.12787,0.00012,0.00002,
4.204,5.09750,0.02572,0.95216,1.21873,0.13110,0.00012,0.00002,
4.205,5.09375,0.02426,1.91248,2.21492,0.12355,0.00012,0.00002,
4.206,5.09500,0.02488,2.78149,1.53014,0.12678,0.00012,0.00002,
4.207,5.09500,0.02593,1.64672,0.08478,0.13211,0.00012,0.00002,
4.208,5.09625,0.02488,1.92389,0.90896,0.12681,0.00012,0.00002,
4.209,5.09750,0.02551,0.93912,1.22526,0.13004,0.00012,0.00002,
4.210,5.09750,0.02572,1.36547,2.00541,0.13110,0.00012,0.00002,
4.211,5.09750,0.02572,1.87905,1.40542,0.13110,0.00012,0.00002,
4.212,5.09625,0.02467,1.87905,1.40542,0.12574,0.00012,0.00002,
4.213,5.09625,0.02572,3.05452,0.02119,0.13107,0.00012,0.00002,
4.214,5.09625,0.02467,2.20917,1.85619,0.12574,0.00012,0.00002,
4.215,5.09625,0.02405,2.65263,1.92467,0.12255,0.00012,0.00002,
4.216,5.09375,0.02593,2.69910,1.27822,0.13207,0.00012,0.00002,
4.217,5.09750,0.02530,3.11811,1.17225,0.12897,0.00012,0.00002,
4.218,5.09750,0.02426,1.24235,1.35892,0.12364,0.00012,0.00002,
4.219,5.09750,0.02593,1.45349,1.82766,0.13217,0.00012,0.00002,
4.220,5.09750,0.02593,2.47737,0.79807,0.13217,0.00012,0.00002,
4.221,5.09500,0.02551,2.13499,1.99640,0.12997,0.00012,0.00002,
4.222,5.09875,0.02572,3.05941,1.49832,0.13114,0.00012,0.00002,
4.223,5.09500,0.02530,3.05941,1.49832,0.12891,0.00012,0.00002,
4.224,5.09125,0.02572,1.42333,1.65892,0.13094,0.00012,0.00002,
4.225,5.09625,0.02446,2.54503,0.84943,0.12468,0.00012,0.00002,
4.226,5.09375,0.02446,2.10727,1.23665,0.12462,0.00012,0.00002,
4.227,5.09750,0.02530,1.29453,0.04239,0.12897,0.00012,0.00002,
4.228,5.09750,0.02509,1.41028,1.12415,0.12791,0.00012,0.00002,
4.229,5.09500,0.02509,2.81568,0.81845,0.12784,0.00012,0.00002,
4.230,5.09500,0.02488,2.81568,0.81845,0.12678,0.00012,0.00002,
4.231,5.09750,0.02530,2.11054,1.06301,0.12897,0.00012,0.00002,
4.232,5.09500,0.02384,2.79367,2.44558,0.12145,0.00012,0.00002,
4.233,5.09500,0.02342,3.05534,0.01467,0.11932,0.00012,0.00002,
4.234,5.09750,0.02446,1.95972,1.33610,0.12471,0.00012,0.00002,
4.235,5.09750,0.02488,1.95972,1.33610,0.12684,0.00012,0.00002,
4.236,5.09500,0.02342,1.98010,0.00652,0.11932,0.00012,0.00002,
4.237,5.09500,0.02405,2.01271,0.12962,0.12252,0.00012,0.00002,
4.238,5.09375,0.02405,3.09447,1.28148,0.12249,0.00012,0.00002,
4.239,5.09625,0.02467,1.40050,0.14021,0.12574,0.00012,0.00002,
4.240,5.09750,0.02384,2.04939,1.21627,0.12151,0.00012,0.00002,
4.241,5.09500,0.02405,2.46758,0.80785,0.12252,0.00012,0.00002,
4.242,5.09500,0.02530,0.88367,1.08991,0.12891,0.00012,0.00002,
4.243,5.09375,0.02321,3.05289,0.02119,0.11823,0.00012,0.00002,
4.244,5.09500,0.02426,1.62060,1.76326,0.12358,0.00012,0.00002,
4.245,5.09875,0.02426,2.80834,2.20265,0.12367,0.00012,0.00002,
4.246,5.09750,0.02467,2.80834,2.20265,0.12577,0.00012,0.00002,
4.247,5.09750,0.02467,1.63280,1.77627,0.12577,0.00012,0.00002,
4.248,5.09750,0.02405,1.05891,1.61649,0.12258,0.00012,0.00002,
4.249,5.09500,0.02488,2.30124,0.21358,0.12678,0.00012,0.00002,
4.250,5.09375,0.02530,1.41922,1.82192,0.12888,0.00012,0.00002,
4.251,5.09750,0.02551,2.04201,1.17304,0.13004,0.00012,0.00002,
4.252,5.09250,0.02572,1.38498,2.01837,0.13098,0.00012,0.00002,
4.253,5.09500,0.02467,3.05365,0.02282,0.12571,0.00012,0.00002,
4.254,5.09750,0.02488,2.39743,2.59878,0.12684,0.00012,0.00002,
4.255,5.09375,0.02530,1.87572,0.52823,0.12888,0.00012,0.00002,
4.256,5.09375,0.02467,2.73328,1.39313,0.12568,0.00012,0.00002,
4.257,5.09500,0.02467,2.73328,1.39313,0.12571,0.00012,0.00002,
4.258,5.09125,0.02614,1.98813,0.49724,0.13307,0.00012,0.00002,
4.259,5.09500,0.02467,2.29463,0.24454,0.12571,0.00012,0.00002,
4.260,5.09250,0.02426,1.37270,0.16466,0.12352,0.00012,0.00002,
4.261,5.09375,0.02446,1.83733,2.57422,0.12462,0.00012,0.00002,
4.262,5.09375,0.02572,3.03315,1.51454,0.13101,0.00012,0.00002,
4.263,5.09625,0.02446,3.05434,0.02445,0.12468,0.00012,0.00002,
4.264,5.09500,0.02572,1.37922,0.02038,0.13104,0.00012,0.00002,
4.265,5.09500,0.02363,1.89928,1.47867,0.12039,0.00012,0.00002,
4.266,5.09500,0.02363,2.25224,1.80310,0.12039,0.00012,0.00002,
4.267,5.09875,0.02509,1.71669,1.57404,0.12794,0.00012,0.00002,
4.268,5.09500,0.02405,1.71669,1.57404,0.12252,0.00012,0.00002,
4.269,5.09875,0.02405,2.76313,2.11677,0.12261,0.00012,0.00002,
4.270,5.09500,0.02467,1.99858,2.18034,0.12571,0.00012,0.00002,
4.271,5.09375,0.02488,2.76720,2.42487,0.12675,0.00012,0.00002,
4.272,5.09625,0.02446,0.96669,1.89262,0.12468,0.00012,0.00002,
4.273,5.09875,0.02530,3.05411,0.01467,0.12900,0.00012,0.00002,
4.274,5.09875,0.02446,1.63342,0.44340,0.12474,0.00012,0.00002,
4.275,5.09500,0.02446,1.92115,1.41498,0.12465,0.00012,0.00002,
4.276,5.09500,0.02509,1.45655,1.90322,0.12784,0.00012,0.00002,
4.277,5.09625,0.02530,1.67825,0.15813,0.12894,0.00012,0.00002,
4.278,5.09500,0.02488,1.54947,1.75895,0.12678,0.00012,0.00002,
4.279,5.09625,0.02446,1.54947,1.75895,0.12468,0.00012,0.00002,
4.280,5.09750,0.02551,1.91218,1.41824,0.13004,0.00012,0.00002,
4.281,5.09500,0.02488,1.86002,1.91789,0.12678,0.00012,0.00002,
4.282,5.09500,0.02405,2.05319,2.04830,0.12252,0.00012,0.00002,
4.283,5.09500,0.02530,3.05167,0.01386,0.12891,0.00012,0.00002,
4.284,5.09375,0.02530,3.04352,1.55762,0.12888,0.00012,0.00002,
4.285,5.09750,0.02551,0.82731,1.51524,0.13004,0.00012,0.00002,
4.286,5.09750,0.02467,2.65880,0.63413,0.12577,0.00012,0.00002,
4.287,5.09375,0.02551,2.58463,0.67652,0.12994,0.00012,0.00002,
4.288,5.09500,0.02509,1.35059,2.04178,0.12784,0.00012,0.00002,
4.289,5.09500,0.02446,1.34733,2.06542,0.12465,0.00012,0.00002,
4.290,5.09500,0.02530,1.34733,2.06542,0.12891,0.00012,0.00002,
4.291,5.09625,0.02530,1.58861,2.84467,0.12894,0.00012,0.00002,
4.292,5.09625,0.02488,1.86737,1.52748,0.12681,0.00012,0.00002,
4.293,5.09500,0.02488,3.05170,0.01549,0.12678,0.00012,0.00002,
4.294,5.09625,0.02593,1.65871,1.63018,0.13214,0.00012,0.00002,
4.295,5.09875,0.02593,1.65056,1.70028,0.13220,0.00012,0.00002,
4.296,5.09375,0.02488,2.61889,0.78004,0.12675,0.00012,0.00002,
4.297,5.09750,0.02509,2.08174,1.09385,0.12791,0.00012,0.00002,
4.298,5.09625,0.02488,1.68968,1.69539,0.12681,0.00012,0.00002,
4.299,5.09625,0.02405,1.31719,1.42885,0.12255,0.00012,0.00002,
4.300,5.09500,0.02488,1.96763,0.04320,0.12678,0.00012,0.00002,
4.301,5.09500,0.02509,1.96763,0.04320,0.12784,0.00012,0.00002,
4.302,5.09625,0.02509,0.44422,0.90883,0.12787,0.00012,0.00002,
4.303,5.09500,0.02405,3.05170,0.02201,0.12252,0.00012,0.00002,
4.304,5.09500,0.02467,2.94166,2.05566,0.12571,0.00012,0.00002,
4.305,5.09625,0.02509,2.66860,0.61621,0.12787,0.00012,0.00002,
4.306,5.09500,0.02426,1.87715,2.24068,0.12358,0.00012,0.00002,
4.307,5.09500,0.02446,1.36038,1.69457,0.12465,0.00012,0.00002,
4.308,5.09500,0.02467,0.90393,1.17454,0.12571,0.00012,0.00002,
4.309,5.09625,0.02446,1.59432,1.73533,0.12468,0.00012,0.00002,
4.310,5.09625,0.02509,2.91558,1.96192,0.12787,0.00012,0.00002,
4.311,5.09500,0.02509,1.85840,1.40114,0.12784,0.00012,0.00002,
4.312,5.09625,0.02446,1.85840,1.40114,0.12468,0.00012,0.00002,
4.313,5.09500,0.02405,3.05740,0.02853,0.12252,0.00012,0.00002,
4.314,5.09625,0.02467,1.57638,1.79809,0.12574,0.00012,0.00002,
4.315,5.10125,0.02488,2.66861,0.60561,0.12693,0.00012,0.00002,
4.316,5.09750,0.02342,1.54704,0.00489,0.11938,0.00012,0.00002,
4.317,5.09625,0.02405,2.74359,0.65452,0.12255,0.00012,0.00002,
4.318,5.09875,0.02530,1.39543,2.01572,0.12900,0.00012,0.00002,
4.319,5.09875,0.02363,3.00116,1.72555,0.12047,0.00012,0.00002,
4.320,5.09500,0.02363,1.98556,1.40033,0.12039,0.00012,0.00002,
4.321,5.09500,0.02363,1.52992,1.37832,0.12039,0.00012,0.00002,
4.322,5.09500,0.02572,2.23742,0.97322,0.13104,0.00012,0.00002,
4.323,5.09750,0.02446,2.23742,0.97322,0.12471,0.00012,0.00002,
4.324,5.09500,0.02363,2.34012,1.65463,0.12039,0.00012,0.00002,
4.325,5.09625,0.02446,2.08907,1.26013,0.12468,0.00012,0.00002,
4.326,5.09625,0.02488,1.35631,2.00675,0.12681,0.00012,0.00002,
4.327,5.10000,0.02384,2.16732,0.42629,0.12157,0.00012,0.00002,
4.328,5.10000,0.02342,1.18432,1.57231,0.11944,0.00012,0.00002,
4.329,5.09500,0.02342,1.30822,1.72391,0.11932,0.00012,0.00002,
4.330,5.09375,0.02446,1.34653,0.15894,0.12462,0.00012,0.00002,
4.331,5.09375,0.02572,1.29273,1.71250,0.13101,0.00012,0.00002,
4.332,5.09375,0.02467,1.49080,1.86818,0.12568,0.00012,0.00002,
4.333,5.09750,0.02572,3.05251,0.02038,0.13110,0.00012,0.00002,
4.334,5.10125,0.02572,3.05251,0.02038,0.13120,0.00012,0.00002,
4.335,5.09750,0.02467,1.62692,1.35631,0.12577,0.00012,0.00002,
4.336,5.09750,0.02593,2.27899,1.76875,0.13217,0.00012,0.00002,
4.337,5.09750,0.02593,2.06544,1.30170,0.13217,0.00012,0.00002,
4.338,5.09625,0.02593,1.64078,1.70598,0.13214,0.00012,0.00002,
4.339,5.09625,0.02405,2.48684,0.78493,0.12255,0.00012,0.00002,
4.340,5.09625,0.02572,2.74278,1.40277,0.13107,0.00012,0.00002,
4.341,5.09625,0.02614,2.00023,0.72299,0.13320,0.00012,0.00002,
4.342,5.09500,0.02426,2.24557,1.58943,0.12358,0.00012,0.00002,
4.343,5.09750,0.02635,3.04681,0.02038,0.13430,0.00013,0.00002,
4.344,5.09500,0.02551,2.85037,2.34175,0.12997,0.00013,0.00002,
4.345,5.09750,0.02426,2.85037,2.34175,0.12364,0.00013,0.00002,
4.346,5.09750,0.02530,1.84047,0.89741,0.12897,0.00013,0.00002,
4.347,5.09625,0.02530,1.71739,1.68479,0.12894,0.00013,0.00002,
4.348,5.09625,0.02551,1.90976,1.46064,0.13001,0.00013,0.00002,
4.349,5.09625,0.02530,2.54553,0.70098,0.12894,0.00013,0.00002,
4.350,5.09625,0.02509,2.75256,1.44678,0.12787,0.00013,0.00002,
4.351,5.09750,0.02509,2.04914,1.20796,0.12791,0.00013,0.00002,
4.352,5.09750,0.02405,2.82592,2.48439,0.12258,0.00013,0.00002,
4.353,5.09500,0.02551,3.05414,0.01793,0.12997,0.00013,0.00002,
4.354,5.10000,0.02530,2.21297,1.87715,0.12904,0.00013,0.00002,
4.355,5.10000,0.02551,0.52818,1.16150,0.13010,0.00013,0.00002,
4.356,5.09625,0.02551,0.52818,1.16150,0.13001,0.00013,0.00002,
4.357,5.09500,0.02426,1.28866,1.43049,0.12358,0.00013,0.00002,
4.358,5.09625,0.02509,1.64486,1.69865,0.12787,0.00013,0.00002,
4.359,5.09375,0.02467,2.20890,1.16640,0.12568,0.00013,0.00002,
4.360,5.09500,0.02363,1.64323,0.15324,0.12039,0.00013,0.00002,
4.361,5.09875,0.02488,1.83477,1.54949,0.12687,0.00013,0.00002,
4.362,5.09750,0.02572,1.63182,1.47695,0.13110,0.00013,0.00002,
4.363,5.09750,0.02530,3.05171,0.02201,0.12897,0.00013,0.00002,
4.364,5.09750,0.02467,1.79565,1.85026,0.12577,0.00013,0.00002,
4.365,5.09375,0.02467,1.62366,1.23324,0.12568,0.00013,0.00002,
4.366,5.09500,0.02488,1.32290,1.71495,0.12678,0.00013,0.00002,
4.367,5.09625,0.02488,1.32290,1.71495,0.12681,0.00013,0.00002,
4.368,5.09625,0.02530,2.43797,1.88696,0.12894,0.00013,0.00002,
4.369,5.09500,0.02530,1.52424,1.86658,0.12891,0.00013,0.00002,
4.370,5.09625,0.02488,1.47697,0.14346,0.12681,0.00013,0.00002,
4.371,5.09750,0.02446,1.47860,0.85830,0.12471,0.00013,0.00002,
4.372,5.09625,0.02509,1.19902,1.29927,0.12787,0.00013,0.00002,
4.373,5.09625,0.02467,3.05093,0.01304,0.12574,0.00013,0.00002,
4.374,5.09625,0.02467,1.31639,2.09481,0.12574,0.00013,0.00002,
4.375,5.09500,0.02446,1.95543,1.16804,0.12465,0.00013,0.00002,
4.376,5.09500,0.02467,2.27332,1.07675,0.12571,0.00013,0.00002,
4.377,5.09750,0.02363,2.41433,0.81755,0.12045,0.00013,0.00002,
4.378,5.09500,0.02530,2.41433,0.81755,0.12891,0.00013,0.00002,
4.379,5.09875,0.02488,2.89448,2.60674,0.12687,0.00013,0.00002,
4.380,5.09250,0.02467,1.51856,0.15243,0.12565,0.00013,0.00002,
4.381,5.09750,0.02446,2.38340,2.57740,0.12471,0.00013,0.00002,
4.382,5.09875,0.02572,2.14457,1.96117,0.13114,0.00013,0.00002,
4.383,5.09875,0.02342,2.87655,0.01630,0.11941,0.00013,0.00002,
4.384,5.09750,0.02342,2.25298,1.79652,0.11938,0.00013,0.00002,
4.385,5.09750,0.02572,1.95384,0.50048,0.13110,0.00013,0.00002,
4.386,5.09750,0.02572,1.86010,1.92775,0.13110,0.00013,0.00002,
4.387,5.09500,0.02446,1.82505,1.57481,0.12465,0.00013,0.00002,
4.388,5.09875,0.02363,2.20245,1.16806,0.12047,0.00013,0.00002,
4.389,5.09750,0.02530,2.20245,1.16806,0.12897,0.00013,0.00002,
4.390,5.09750,0.02426,1.45906,0.69366,0.12364,0.00013,0.00002,
4.391,5.09750,0.02384,2.11930,1.23572,0.12151,0.00013,0.00002,
4.392,5.09750,0.02384,2.11930,1.23572,0.12151,0.00013,0.00002,
4.393,5.09625,0.02467,2.81623,2.46736,0.12574,0.00013,0.00002,
4.394,5.09750,0.02426,1.45417,1.91552,0.12364,0.00013,0.00002,
4.395,5.09500,0.02426,1.90085,2.72575,0.12358,0.00013,0.00002,
4.396,5.09500,0.02405,1.89759,1.47455,0.12252,0.00013,0.00002,
4.397,5.09875,0.02446,0.89744,1.16969,0.12474,0.00013,0.00002,
4.398,5.10000,0.02509,2.36628,0.94064,0.12797,0.00013,0.00002,
4.399,5.09875,0.02384,2.16250,1.81200,0.12154,0.00013,0.00002,
4.400,5.09750,0.02509,2.65565,0.74665,0.12791,0.00013,0.00002,
4.401,5.09750,0.02509,2.65565,0.74665,0.12791,0.00013,0.00002,
4.402,5.09500,0.02530,2.77870,2.15025,0.12891,0.00013,0.00002,
4.403,5.09375,0.02426,3.03790,0.01875,0.12355,0.00013,0.00002,
4.404,5.09500,0.02446,1.99782,1.37508,0.12465,0.00013,0.00002,
4.405,5.10000,0.02530,2.02635,1.32781,0.12904,0.00013,0.00002,
4.406,5.09750,0.02446,2.11683,1.26667,0.12471,0.00013,0.00002,
4.407,5.09375,0.02572,2.72979,0.66839,0.13101,0.00013,0.00002,
4.408,5.09625,0.02446,1.34492,1.48023,0.12468,0.00013,0.00002,
4.409,5.09875,0.02446,3.03219,1.61636,0.12474,0.00013,0.00002,
4.410,5.09875,0.02467,2.49830,0.77517,0.12581,0.00013,0.00002,
4.411,5.09625,0.02467,2.59774,1.22021,0.12574,0.00013,0.00002,
4.412,5.09625,0.02593,2.59774,1.22021,0.13214,0.00013,0.00003,
4.413,5.09750,0.02467,3.05326,0.01793,0.12577,0.00013,0.00003,
4.414,5.09750,0.02530,2.28465,0.26408,0.12897,0.00013,0.00003,
4.415,5.09500,0.02488,0.93163,0.75313,0.12678,0.00013,0.00003,
4.416,5.09500,0.02426,2.18113,1.06448,0.12358,0.00013,0.00003,
4.417,5.09625,0.02551,1.41904,1.98470,0.13001,0.00013,0.00003,
4.418,5.10000,0.02509,1.44186,1.90319,0.12797,0.00013,0.00003,
4.419,5.10000,0.02384,2.23574,1.14844,0.12157,0.00013,0.00003,
4.420,5.09875,0.02384,2.38979,0.99683,0.12154,0.00013,0.00003,
4.421,5.09625,0.02551,1.48506,1.92602,0.13001,0.00013,0.00003,
4.422,5.09750,0.02551,1.97248,1.38073,0.13004,0.00013,0.00003,
4.423,5.09625,0.02488,1.97248,1.38073,0.12681,0.00013,0.00003,
4.424,5.09625,0.02551,1.71887,2.79551,0.13001,0.00013,0.00003,
4.425,5.09625,0.02551,2.92835,2.63576,0.13001,0.00013,0.00003,
4.426,5.09750,0.02467,1.96990,1.43035,0.12577,0.00013,0.00003,
4.427,5.09750,0.02572,0.99351,1.30973,0.13110,0.00013,0.00003,
4.428,5.09750,0.02446,1.94463,1.34396,0.12471,0.00013,0.00003,
4.429,5.09500,0.02446,1.86639,0.53058,0.12465,0.00013,0.00003,
4.430,5.09875,0.02446,2.56160,0.69684,0.12474,0.00013,0.00003,
4.431,5.09625,0.02363,2.12556,1.21600,0.12042,0.00013,0.00003,
4.432,5.09625,0.02426,2.33910,1.04811,0.12361,0.00013,0.00003,
4.433,5.09625,0.02446,1.75066,0.01793,0.12468,0.00013,0.00003,
4.434,5.09750,0.02446,1.75066,0.01793,0.12471,0.00013,0.00003,
4.435,5.09750,0.02509,3.06604,0.01875,0.12791,0.00013,0.00003,
4.436,5.09500,0.02446,1.73269,0.01060,0.12465,0.00013,0.00003,
4.437,5.09500,0.02300,1.91362,1.41729,0.11719,0.00013,0.00003,
4.438,5.09625,0.02300,1.91607,1.35698,0.11722,0.00013,0.00003,
4.439,5.09875,0.02426,1.67564,1.62674,0.12367,0.00013,0.00003,
4.440,5.09625,0.02509,1.74492,1.58925,0.12787,0.00013,0.00003,
4.441,5.09750,0.02405,2.44990,0.89569,0.12258,0.00013,0.00003,
4.442,5.09625,0.02467,1.41647,1.97638,0.12574,0.00013,0.00003,
4.443,5.09625,0.02467,2.80116,0.01956,0.12574,0.00013,0.00003,
4.444,5.09500,0.02446,1.48901,0.01141,0.12465,0.00013,0.00003,
4.445,5.09750,0.02467,1.48901,0.01141,0.12577,0.00013,0.00003,
4.446,5.09750,0.02426,1.81339,0.03831,0.12364,0.00013,0.00003,
4.447,5.09750,0.02426,2.75716,1.47271,0.12364,0.00013,0.00003,
4.448,5.09500,0.02426,1.54688,1.81013,0.12358,0.00013,0.00003,
4.449,5.09750,0.02446,2.47110,0.77426,0.12471,0.00013,0.00003,
4.450,5.09500,0.02426,1.83050,1.30319,0.12358,0.00013,0.00003,
4.451,5.09625,0.02426,1.77997,1.35291,0.12361,0.00013,0.00003,
4.452,5.09625,0.02363,1.44908,1.90711,0.12042,0.00013,0.00003,
4.453,5.09625,0.02530,2.96010,0.01793,0.12894,0.00013,0.00003,
4.454,5.09750,0.02321,1.82561,1.53303,0.11831,0.00013,0.00003,
4.455,5.09750,0.02426,1.91282,0.00000,0.12364,0.00013,0.00003,
4.456,5.09500,0.02426,1.91282,0.00000,0.12358,0.00013,0.00003,
4.457,5.09625,0.02426,1.74819,3.00820,0.12361,0.00013,0.00003,
4.458,5.09625,0.02530,1.87370,0.32845,0.12894,0.00013,0.00003,
4.459,5.09625,0.02405,2.60232,0.66097,0.12255,0.00013,0.00003,
4.460,5.09875,0.02551,1.84844,1.28771,0.13007,0.00013,0.00003,
4.461,5.09750,0.02467,1.78079,2.42302,0.12577,0.00013,0.00003,
4.462,5.09625,0.02321,2.12880,2.64796,0.11828,0.00013,0.00003,
4.463,5.09750,0.02467,1.43523,1.65039,0.12577,0.00013,0.00003,
4.464,5.09750,0.02509,1.34069,1.64061,0.12791,0.00013,0.00003,
4.465,5.09500,0.02509,1.61290,0.00978,0.12784,0.00013,0.00003,
4.466,5.09625,0.02342,1.76123,2.78977,0.11935,0.00013,0.00003,
4.467,5.09375,0.02405,1.76123,2.78977,0.12249,0.00013,0.00003,
4.468,5.09500,0.02509,1.58684,1.50860,0.12784,0.00013,0.00003,
4.469,5.09500,0.02384,2.78084,1.55098,0.12145,0.00013,0.00003,
4.470,5.09500,0.02426,0.75878,1.34396,0.12358,0.00013,0.00003,
4.471,5.09750,0.02488,1.42954,1.51104,0.12684,0.00013,0.00003,
4.472,5.09500,0.02300,1.39042,1.66834,0.11719,0.00013,0.00003,
4.473,5.09500,0.02405,2.05874,0.01630,0.12252,0.00013,0.00003,
4.474,5.09500,0.02405,2.80448,2.44342,0.12252,0.00013,0.00003,
4.475,5.09500,0.02488,1.72213,0.00408,0.12678,0.00013,0.00003,
4.476,5.09875,0.02384,0.89244,1.22416,0.12154,0.00013,0.00003,
4.477,5.09750,0.02342,2.89005,2.57872,0.11938,0.00013,0.00003,
4.478,5.09625,0.02446,2.89005,2.57872,0.12468,0.00013,0.00003,
4.479,5.09875,0.02488,0.94137,1.25271,0.12687,0.00013,0.00003,
4.480,5.09500,0.02405,1.59177,1.73277,0.12252,0.00013,0.00003,
4.481,5.09500,0.02405,2.30329,0.95115,0.12252,0.00013,0.00003,
4.482,5.09500,0.02426,2.74015,0.65284,0.12358,0.00013,0.00003,
4.483,5.09875,0.02426,1.61948,2.07182,0.12367,0.00013,0.00003,
4.484,5.09500,0.02405,2.02048,0.01141,0.12252,0.00013,0.00003,
4.485,5.09750,0.02509,3.07106,0.03342,0.12791,0.00013,0.00003,
4.486,5.09750,0.02384,2.73363,2.42474,0.12151,0.00013,0.00003,
4.487,5.09500,0.02488,2.70266,2.81269,0.12678,0.00013,0.00003,
4.488,5.09875,0.02551,2.39784,0.99190,0.13007,0.00013,0.00003,
4.489,5.09750,0.02509,2.39784,0.99190,0.12791,0.00013,0.00003,
4.490,5.09625,0.02384,1.43622,0.01304,0.12148,0.00013,0.00003,
4.491,5.09625,0.02551,1.65304,1.75085,0.13001,0.00013,0.00003,
4.492,5.09625,0.02551,1.58049,1.72477,0.13001,0.00013,0.00003,
4.493,5.09750,0.02488,2.21057,0.01712,0.12684,0.00013,0.00003,
4.494,5.09625,0.02551,0.91210,1.29928,0.13001,0.00013,0.00003,
4.495,5.09750,0.02551,2.92460,0.01060,0.13004,0.00013,0.00003,
4.496,5.09750,0.02551,1.97337,1.17946,0.13004,0.00013,0.00003,
4.497,5.09625,0.02488,1.83481,1.45089,0.12681,0.00013,0.00003,
4.498,5.09750,0.02572,1.56664,1.82910,0.13110,0.00013,0.00003,
4.499,5.09750,0.02530,2.13639,1.29602,0.12897,0.00013,0.00003,
4.500,5.09750,0.02467,2.13639,1.29602,0.12577,0.00013,0.00003,
4.501,5.09750,0.02467,1.63860,1.86686,0.12577,0.00013,0.00003,
4.502,5.09625,0.02572,0.85762,1.42501,0.13107,0.00013,0.00003,
4.503,5.09875,0.02593,3.07910,1.61985,0.13220,0.00013,0.00003,
4.504,5.09750,0.02467,3.07421,0.03913,0.12577,0.00013,0.00003,
4.505,5.09875,0.02467,0.70598,1.82284,0.12581,0.00013,0.00003,
4.506,5.09625,0.02488,1.64920,2.83290,0.12681,0.00013,0.00003,
4.507,5.09625,0.02551,2.53046,0.71332,0.13001,0.00013,0.00003,
4.508,5.09500,0.02509,2.30708,1.04838,0.12784,0.00013,0.00003,
4.509,5.09500,0.02488,2.00138,1.15843,0.12678,0.00013,0.00003,
4.510,5.09625,0.02488,2.52312,1.70708,0.12681,0.00013,0.00003,
4.511,5.09750,0.02426,2.52312,1.70708,0.12364,0.00013,0.00003,
4.512,5.09500,0.02572,0.74194,2.03747,0.13104,0.00013,0.00003,
4.513,5.09750,0.02509,0.62698,0.01794,0.12791,0.00013,0.00003,
4.514,5.09625,0.02426,1.59720,1.35668,0.12361,0.00013,0.00003,
4.515,5.09625,0.02446,2.03910,0.00978,0.12468,0.00013,0.00003,
4.516,5.09875,0.02488,1.63470,2.84952,0.12687,0.00013,0.00003,
4.517,5.09375,0.02446,1.77901,1.59312,0.12462,0.00013,0.00003,
4.518,5.09375,0.02405,1.65427,1.70971,0.12249,0.00013,0.00003,
4.519,5.09750,0.02405,2.20542,0.44516,0.12258,0.00013,0.00003,
4.520,5.09625,0.02467,1.56866,0.92294,0.12574,0.00013,0.00003,
4.521,5.09625,0.02405,1.24743,1.36891,0.12255,0.00013,0.00003,
4.522,5.09750,0.02426,1.24743,1.36891,0.12364,0.00013,0.00003,
4.523,5.09625,0.02551,2.18341,0.01957,0.13001,0.00013,0.00003,
4.524,5.09500,0.02405,1.22623,0.06278,0.12252,0.00013,0.00003,
4.525,5.09625,0.02426,1.73172,1.08029,0.12361,0.00013,0.00003,
4.526,5.09625,0.02426,2.65058,1.91680,0.12361,0.00013,0.00003,
4.527,5.09625,0.02551,2.73945,2.35462,0.13001,0.00013,0.00003,
4.528,5.09750,0.02551,2.69542,0.70280,0.13004,0.00013,0.00003,
4.529,5.09875,0.02530,1.52871,1.53931,0.12900,0.00013,0.00003,
4.530,5.09875,0.02363,2.95225,2.75983,0.12047,0.00013,0.00003,
4.531,5.09875,0.02467,2.35136,1.65509,0.12581,0.00013,0.00003,
4.532,5.09750,0.02572,1.92006,1.23357,0.13110,0.00013,0.00003,
4.533,5.09750,0.02384,1.92006,1.23357,0.12151,0.00013,0.00003,
4.534,5.09875,0.02530,3.09494,0.90989,0.12900,0.00013,0.00003,
4.535,5.09625,0.02551,1.32652,1.61106,0.13001,0.00013,0.00003,
4.536,5.09500,0.02467,3.09249,0.52180,0.12571,0.00013,0.00003,
4.537,5.09500,0.02467,2.20217,0.46310,0.12571,0.00013,0.00003,
4.538,5.10125,0.02509,2.04400,1.29309,0.12800,0.00013,0.00003,
4.539,5.09500,0.02593,1.77983,3.01667,0.13211,0.00013,0.00003,
4.540,5.09875,0.02488,2.93432,2.75006,0.12687,0.00013,0.00003,
4.541,5.09750,0.02551,1.82957,1.09823,0.13004,0.00013,0.00003,
4.542,5.09500,0.02572,2.31142,1.58579,0.13104,0.00013,0.00003,
4.543,5.09500,0.02509,1.59965,1.26619,0.12784,0.00013,0.00003,
4.544,5.09750,0.02530,1.59965,1.26619,0.12897,0.00013,0.00003,
4.545,5.09625,0.02593,0.76395,0.85119,0.13214,0.00013,0.00003,
4.546,5.09625,0.02446,0.71340,2.16629,0.12468,0.00013,0.00003,
4.547,5.09500,0.02446,2.05052,2.68157,0.12465,0.00013,0.00003,
4.548,5.09750,0.02467,1.62166,1.71624,0.12577,0.00013,0.00003,
4.549,5.09500,0.02551,1.89072,0.87320,0.12997,0.00013,0.00003,
4.550,5.09375,0.02405,0.65959,2.07987,0.12249,0.00013,0.00003,
4.551,5.09500,0.02363,2.54215,1.73662,0.12039,0.00013,0.00003,
4.552,5.09625,0.02530,2.82670,2.24212,0.12894,0.00013,0.00003,
4.553,5.09500,0.02426,2.20380,0.01875,0.12358,0.00013,0.00003,
4.554,5.09750,0.02384,1.62411,0.01223,0.12151,0.00013,0.00003,
4.555,5.09750,0.02405,1.62411,0.01223,0.12258,0.00013,0.00003,
4.556,5.09625,0.02405,1.62411,0.01223,0.12255,0.00013,0.00003,
4.557,5.09500,0.02530,2.69789,2.37339,0.12891,0.00013,0.00003,
4.558,5.09625,0.02405,1.42436,2.01954,0.12255,0.00013,0.00003,
4.559,5.09500,0.02488,1.69668,1.92007,0.12678,0.00013,0.00003,
4.560,5.09750,0.02551,2.25598,1.78392,0.13004,0.00013,0.00003,
4.561,5.09500,0.02593,1.17487,1.47409,0.13211,0.00013,0.00003,
4.562,5.09500,0.02446,2.20543,0.42478,0.12465,0.00013,0.00003,
4.563,5.09375,0.02656,3.05663,0.02609,0.13527,0.00013,0.00003,
4.564,5.09375,0.02488,1.71787,3.02238,0.12675,0.00013,0.00003,
4.565,5.09375,0.02488,1.74152,0.00489,0.12675,0.00013,0.00003,
4.566,5.09750,0.02446,2.42068,1.60047,0.12471,0.00013,0.00003,
4.567,5.09625,0.02509,2.42068,1.60047,0.12787,0.00013,0.00003,
4.568,5.09625,0.02405,1.08028,1.16181,0.12255,0.00013,0.00003,
4.569,5.09750,0.02342,1.90701,1.41782,0.11938,0.00013,0.00003,
4.570,5.09625,0.02530,2.27145,1.03789,0.12894,0.00013,0.00003,
4.571,5.09750,0.02384,0.84711,1.19687,0.12151,0.00013,0.00003,
4.572,5.09625,0.02405,2.38315,1.59963,0.12255,0.00013,0.00003,
4.573,5.09625,0.02384,3.03213,0.02364,0.12148,0.00013,0.00003,
4.574,5.09625,0.02384,2.83401,2.38559,0.12148,0.00013,0.00003,
4.575,5.09750,0.02446,3.09246,0.44108,0.12471,0.00013,0.00003,
4.576,5.09625,0.02384,2.59513,0.68160,0.12148,0.00013,0.00003,
4.577,5.09750,0.02363,1.55235,1.77493,0.12045,0.00013,0.00003,
4.578,5.09500,0.02426,1.55235,1.77493,0.12358,0.00013,0.00003,
4.579,5.09500,0.02426,2.32765,1.69987,0.12358,0.00013,0.00003,
4.580,5.09625,0.02405,2.48255,0.76229,0.12255,0.00013,0.00003,
4.581,5.09875,0.02426,1.99093,1.28489,0.12367,0.00013,0.00003,
4.582,5.09875,0.02363,2.75323,0.85198,0.12047,0.00013,0.00003,
4.583,5.09625,0.02363,3.20897,0.01794,0.12042,0.00013,0.00003,
4.584,5.09625,0.02405,2.09040,1.27837,0.12255,0.00013,0.00003,
4.585,5.09500,0.02467,3.07689,0.07011,0.12571,0.00013,0.00003,
4.586,5.09750,0.02321,2.05615,2.00561,0.11831,0.00013,0.00003,
4.587,5.09625,0.02363,1.84010,3.00189,0.12042,0.00013,0.00003,
4.588,5.09625,0.02426,2.38553,1.62650,0.12361,0.00013,0.00003,
4.589,5.09500,0.02384,2.38553,1.62650,0.12145,0.00013,0.00003,
4.590,5.09875,0.02509,2.10172,0.00734,0.12794,0.00013,0.00003,
4.591,5.09875,0.02551,2.29738,0.94161,0.13007,0.00013,0.00003,
4.592,5.09750,0.02551,2.83870,2.52076,0.13004,0.00013,0.00003,
4.593,5.09625,0.02593,3.05475,0.01549,0.13214,0.00013,0.00003,
4.594,5.09500,0.02467,1.15032,1.26038,0.12571,0.00013,0.00003,
4.595,5.09750,0.02530,1.84573,0.00489,0.12897,0.00013,0.00003,
4.596,5.09625,0.02530,2.28189,1.40712,0.12894,0.00013,0.00003,
4.597,5.09500,0.02509,2.92431,2.65446,0.12784,0.00013,0.00003,
4.598,5.10000,0.02488,3.07513,0.06033,0.12690,0.00013,0.00003,
4.599,5.09500,0.02593,2.03976,1.98840,0.13211,0.00013,0.00003,
4.600,5.09500,0.02488,2.03976,1.98840,0.12678,0.00013,0.00003,
4.601,5.09500,0.02488,2.06422,0.01141,0.12678,0.00013,0.00003,
4.602,5.09625,0.02530,2.04792,2.70012,0.12894,0.00013,0.00003,
4.603,5.09625,0.02572,3.05394,0.02120,0.13107,0.00013,0.00003,
4.604,5.09750,0.02405,2.72947,2.04873,0.12258,0.00013,0.00003,
4.605,5.09500,0.02488,3.19661,0.00734,0.12678,0.00013,0.00003,
4.606,5.09375,0.02572,2.15064,0.43371,0.13101,0.00013,0.00003,
4.607,5.09625,0.02509,1.90443,0.00000,0.12787,0.00013,0.00003,
4.608,5.09500,0.02488,2.84605,2.51832,0.12678,0.00013,0.00003,
4.609,5.09500,0.02488,1.87997,0.88455,0.12678,0.00013,0.00003,
4.610,5.09625,0.02488,1.31500,2.06504,0.12681,0.00013,0.00003,
4.611,5.09500,0.02405,1.31500,2.06504,0.12252,0.00013,0.00003,
4.612,5.09750,0.02446,2.35689,0.00000,0.12471,0.00013,0.00003,
4.613,5.09625,0.02593,3.05311,0.01957,0.13214,0.00013,0.00003,
4.614,5.09500,0.02426,2.91289,1.39408,0.12358,0.00013,0.00003,
4.615,5.09875,0.02551,0.63427,1.43810,0.13007,0.00013,0.00003,
4.616,5.09750,0.02572,2.79957,2.43352,0.13110,0.00013,0.00003,
4.617,5.09500,0.02405,1.40142,1.51963,0.12252,0.00013,0.00003,
4.618,5.09500,0.02551,2.12699,2.94958,0.12997,0.00013,0.00003,
4.619,5.09625,0.02551,2.23297,1.38511,0.13001,0.00013,0.00003,
4.620,5.09500,0.02467,1.95742,2.30634,0.12571,0.00013,0.00003,
4.621,5.09375,0.02446,1.08836,1.17070,0.12462,0.00013,0.00003,
4.622,5.09500,0.02446,1.08836,1.17070,0.12465,0.00013,0.00003,
4.623,5.09375,0.02488,3.05557,0.01957,0.12675,0.00013,0.00003,
4.624,5.09500,0.02530,2.22238,1.14788,0.12891,0.00013,0.00003,
4.625,5.09375,0.02342,2.17673,0.00408,0.11929,0.00013,0.00003,
4.626,5.09750,0.02363,2.85421,2.31206,0.12045,0.00013,0.00003,
4.627,5.09750,0.02467,1.37370,0.00489,0.12577,0.00013,0.00003,
4.628,5.09750,0.02467,2.23543,1.70062,0.12577,0.00013,0.00003,
4.629,5.09750,0.02488,2.40745,1.82291,0.12684,0.00014,0.00003,
4.630,5.09875,0.02467,2.16695,2.64061,0.12581,0.00014,0.00003,
4.631,5.09875,0.02467,0.68318,1.06961,0.12581,0.00014,0.00003,
4.632,5.09375,0.02446,2.12129,2.66262,0.12462,0.00014,0.00003,
4.633,5.09250,0.02426,2.12129,2.66262,0.12352,0.00014,0.00003,
4.634,5.09750,0.02509,3.07351,0.04076,0.12791,0.00014,0.00003,
4.635,5.09625,0.02509,2.70991,2.44495,0.12787,0.00014,0.00003,
4.636,5.09625,0.02446,3.07677,0.10680,0.12468,0.00014,0.00003,
4.637,5.09750,0.02446,0.71742,1.79030,0.12471,0.00014,0.00003,
4.638,5.09625,0.02509,2.60555,1.82780,0.12787,0.00014,0.00003,
4.639,5.09625,0.02551,1.89465,2.73273,0.13001,0.00014,0.00003,
4.640,5.09875,0.02405,2.08297,1.27343,0.12261,0.00014,0.00003,
4.641,5.09875,0.02509,2.65447,2.84035,0.12794,0.00014,0.00003,
4.642,5.09750,0.02593,2.00553,1.29544,0.13217,0.00014,0.00003,
4.643,5.09625,0.02509,3.05476,0.02283,0.12787,0.00014,0.00003,
4.644,5.09500,0.02530,3.05476,0.02283,0.12891,0.00014,0.00003,
4.645,5.09500,0.02572,2.96671,1.13810,0.13104,0.00014,0.00003,
4.646,5.09625,0.02572,1.40713,1.13647,0.13107,0.00014,0.00003,
4.647,5.09750,0.02426,1.56203,0.01060,0.12364,0.00014,0.00003,
4.648,5.09750,0.02572,1.89139,2.42620,0.13110,0.00014,0.00003,
4.649,5.09500,0.02530,2.19874,2.63817,0.12891,0.00014,0.00003,
4.650,5.09500,0.02426,1.51311,1.85552,0.12358,0.00014,0.00003,
4.651,5.09625,0.02530,2.72948,2.33000,0.12894,0.00014,0.00003,
4.652,5.09500,0.02530,1.31256,0.00734,0.12891,0.00014,0.00003,
4.653,5.09500,0.02446,3.05150,0.02201,0.12465,0.00014,0.00003,
4.654,5.09500,0.02635,2.86399,2.33571,0.13424,0.00014,0.00003,
4.655,5.09625,0.02635,2.86399,2.33571,0.13427,0.00014,0.00003,
4.656,5.09625,0.02509,2.17020,0.00000,0.12787,0.00014,0.00003,
4.657,5.09500,0.02384,2.52076,1.70714,0.12145,0.00014,0.00003,
4.658,5.09250,0.02384,2.75637,2.80855,0.12139,0.00014,0.00003,
4.659,5.09500,0.02446,1.71937,2.54767,0.12465,0.00014,0.00003,
4.660,5.09750,0.02405,2.05444,1.11771,0.12258,0.00014,0.00003,
4.661,5.09750,0.02446,2.73517,2.33570,0.12471,0.00014,0.00003,
4.662,5.09500,0.02446,2.07074,2.12944,0.12465,0.00014,0.00003,
4.663,5.09500,0.02488,3.05149,0.01712,0.12678,0.00014,0.00003,
4.664,5.09500,0.02488,1.69084,2.82648,0.12678,0.00014,0.00003,
4.665,5.09625,0.02426,1.64600,0.00652,0.12361,0.00014,0.00003,
4.666,5.09750,0.02572,1.64600,0.00652,0.13110,0.00014,0.00003,
4.667,5.09500,0.02300,3.16564,0.01304,0.11719,0.00014,0.00003,
4.668,5.09750,0.02509,2.18488,0.42312,0.12791,0.00014,0.00003,
4.669,5.09750,0.02551,1.87346,2.99688,0.13004,0.00014,0.00003,
4.670,5.09500,0.02572,2.06586,1.31419,0.13104,0.00014,0.00003,
4.671,5.09500,0.02446,0.66769,1.91911,0.12465,0.00014,0.00003,
4.672,5.09875,0.02551,0.90412,1.90525,0.13007,0.00014,0.00003,
4.673,5.09875,0.02572,3.05313,0.02446,0.13114,0.00014,0.00003,
4.674,5.09750,0.02572,0.80710,1.19272,0.13110,0.00014,0.00003,
4.675,5.09875,0.02509,2.21994,0.00815,0.12794,0.00014,0.00003,
4.676,5.09500,0.02530,1.76014,2.79307,0.12891,0.00014,0.00003,
4.677,5.09875,0.02572,1.76014,2.79307,0.13114,0.00014,0.00003,
4.678,5.09750,0.02426,3.07107,0.03098,0.12364,0.00014,0.00003,
4.679,5.09250,0.02635,2.16939,2.93655,0.13417,0.00014,0.00003,
4.680,5.09750,0.02572,1.89139,1.47154,0.13110,0.00014,0.00003,
4.681,5.09875,0.02467,1.01418,1.82291,0.12581,0.00014,0.00003,
4.682,5.09875,0.02551,2.11151,2.03977,0.13007,0.00014,0.00003,
4.683,5.09875,0.02551,3.05395,0.02120,0.13007,0.00014,0.00003,
4.684,5.09500,0.02593,2.63246,2.15961,0.13211,0.00014,0.00003,
4.685,5.09500,0.02405,1.76584,0.00000,0.12252,0.00014,0.00003,
4.686,5.09375,0.02572,1.92156,1.20739,0.13101,0.00014,0.00003,
4.687,5.09875,0.02656,1.70714,0.00489,0.13540,0.00014,0.00003,
4.688,5.09625,0.02488,1.70714,0.00489,0.12681,0.00014,0.00003,
4.689,5.09625,0.02363,0.84868,1.09408,0.12042,0.00014,0.00003,
4.690,5.09625,0.02384,2.22892,1.38349,0.12148,0.00014,0.00003,
4.691,5.09625,0.02384,2.09195,2.95531,0.12148,0.00014,0.00003,
4.692,5.09625,0.02363,1.57997,1.75444,0.12042,0.00014,0.00003,
4.693,5.09500,0.02446,3.05477,0.01060,0.12465,0.00014,0.00003,
4.694,5.09375,0.02467,3.06782,0.00897,0.12568,0.00014,0.00003,
4.695,5.10000,0.02426,3.19989,0.01386,0.12370,0.00014,0.00003,
4.696,5.09500,0.02405,2.46208,2.86726,0.12252,0.00014,0.00003,
4.697,5.09750,0.02488,0.46877,1.00603,0.12684,0.00014,0.00003,
4.698,5.09500,0.02446,2.60557,2.13761,0.12465,0.00014,0.00003,
4.699,5.09375,0.02405,2.60557,2.13761,0.12249,0.00014,0.00003,
4.700,5.09375,0.02384,1.68352,1.89549,0.12142,0.00014,0.00003,
4.701,5.09500,0.02384,2.81836,2.79635,0.12145,0.00014,0.00003,
4.702,5.09750,0.02446,2.00066,0.00408,0.12471,0.00014,0.00003,
4.703,5.09500,0.02363,3.05153,0.02120,0.12039,0.00014,0.00003,
4.704,5.09500,0.02488,1.72510,1.95174,0.12678,0.00014,0.00003,
4.705,5.09625,0.02530,2.19958,0.00815,0.12894,0.00014,0.00003,
4.706,5.09500,0.02384,1.58161,0.00978,0.12145,0.00014,0.00003,
4.707,5.09500,0.02363,0.77858,1.29056,0.12039,0.00014,0.00003,
4.708,5.09500,0.02593,1.45280,0.00571,0.13211,0.00014,0.00003,
4.709,5.09500,0.02363,0.45573,0.96527,0.12039,0.00014,0.00003,
4.710,5.09750,0.02363,0.45573,0.96527,0.12045,0.00014,0.00003,
4.711,5.09500,0.02405,3.09555,0.38562,0.12252,0.00014,0.00003,
4.712,5.09500,0.02509,2.50612,1.99413,0.12784,0.00014,0.00003,
4.713,5.09750,0.02426,3.05234,0.01957,0.12364,0.00014,0.00003,
4.714,5.09625,0.02467,3.08495,0.17202,0.12574,0.00014,0.00003,
4.715,5.09750,0.02509,1.77238,0.00000,0.12791,0.00014,0.00003,
4.716,5.09750,0.02509,2.19876,1.54085,0.12791,0.00014,0.00003,
4.717,5.09750,0.02467,2.19876,1.54085,0.12577,0.00014,0.00003,
4.718,5.09750,0.02488,1.24491,1.65091,0.12684,0.00014,0.00003,
4.719,5.09375,0.02488,3.06865,0.02038,0.12675,0.00014,0.00003,
4.720,5.09875,0.02530,1.84739,1.10060,0.12900,0.00014,0.00003,
4.721,5.09500,0.02446,1.69575,3.02789,0.12465,0.00014,0.00003,
4.722,5.09625,0.02572,1.69575,3.02789,0.13107,0.00014,0.00003,
4.723,5.09750,0.02509,3.05886,0.01875,0.12791,0.00014,0.00003,
4.724,5.09625,0.02426,2.20691,0.43372,0.12361,0.00014,0.00003,
4.725,5.09750,0.02551,3.05560,1.27996,0.13004,0.00014,0.00003,
4.726,5.09875,0.02551,2.10663,0.00897,0.13007,0.00014,0.00003,
4.727,5.09875,0.02446,2.71645,2.44660,0.12474,0.00014,0.00003,
4.728,5.09750,0.02446,1.32398,1.46421,0.12471,0.00014,0.00003,
4.729,5.09625,0.02551,2.74009,2.35203,0.13001,0.00014,0.00003,
4.730,5.09750,0.02572,2.18571,1.93461,0.13110,0.00014,0.00003,
4.731,5.09750,0.02426,2.34550,1.67291,0.12364,0.00014,0.00003,
4.732,5.09750,0.02446,2.18816,1.78705,0.12471,0.00014,0.00003,
4.733,5.09750,0.02530,2.18816,1.78705,0.12897,0.00014,0.00003,
4.734,5.09625,0.02363,1.46415,1.62475,0.12042,0.00014,0.00003,
4.735,5.09500,0.02467,3.06771,0.01141,0.12571,0.00014,0.00003,
4.736,5.09500,0.02488,0.49647,1.24567,0.12678,0.00014,0.00003,
4.737,5.09625,0.02488,1.10219,1.18697,0.12681,0.00014,0.00003,
4.738,5.09500,0.02467,1.86688,2.48237,0.12571,0.00014,0.00003,
4.739,5.09375,0.02467,1.64432,1.31904,0.12568,0.00014,0.00003,
4.740,5.09500,0.02446,2.51335,2.52150,0.12465,0.00014,0.00003,
4.741,5.09375,0.02426,2.43754,1.87829,0.12355,0.00014,0.00003,
4.742,5.09500,0.02467,1.01822,1.13643,0.12571,0.00014,0.00003,
4.743,5.09625,0.02530,3.05548,0.01794,0.12894,0.00014,0.00003,
4.744,5.09250,0.02530,3.05548,0.01794,0.12885,0.00014,0.00003,
4.745,5.09250,0.02384,0.98227,1.56429,0.12139,0.00014,0.00003,
4.746,5.09500,0.02384,0.57550,1.25046,0.12145,0.00014,0.00003,
4.747,5.09625,0.02384,0.94151,1.26268,0.12148,0.00014,0.00003,
4.748,5.09750,0.02405,1.63684,1.87406,0.12258,0.00014,0.00003,
4.749,5.09875,0.02405,2.78215,2.40962,0.12261,0.00014,0.00003,
4.750,5.09500,0.02384,1.36703,1.51783,0.12145,0.00014,0.00003,
4.751,5.09625,0.02467,1.51294,0.00000,0.12574,0.00014,0.00003,
4.752,5.09625,0.02342,3.04137,1.11596,0.11935,0.00014,0.00003,
4.753,5.09750,0.02467,3.05441,0.01630,0.12577,0.00014,0.00003,
4.754,5.09750,0.02509,0.59099,1.34257,0.12791,0.00014,0.00003,
4.755,5.09750,0.02509,0.59099,1.34257,0.12791,0.00014,0.00003,
4.756,5.09625,0.02572,3.06812,0.02119,0.13107,0.00014,0.00003,
4.757,5.09875,0.02446,2.64589,1.69301,0.12474,0.00014,0.00003,
4.758,5.09625,0.02530,1.34658,0.00652,0.12894,0.00014,0.00003,
4.759,5.09750,0.02530,2.86679,2.55623,0.12897,0.00014,0.00003,
4.760,5.09500,0.02426,2.88961,2.58965,0.12358,0.00014,0.00003,
4.761,5.09750,0.02572,2.18779,2.92711,0.13110,0.00014,0.00003,
4.762,5.09750,0.02572,2.41277,0.00897,0.13110,0.00014,0.00003,
4.763,5.09750,0.02446,3.05182,0.01467,0.12471,0.00014,0.00003,
4.764,5.09875,0.02446,1.49901,1.67834,0.12474,0.00014,0.00003,
4.765,5.09750,0.02551,2.57416,2.84641,0.13004,0.00014,0.00003,
4.766,5.09500,0.02593,2.57416,2.84641,0.13211,0.00014,0.00003,
4.767,5.09375,0.02405,2.38669,0.01304,0.12249,0.00014,0.00003,
4.768,5.09750,0.02426,1.25855,1.37756,0.12364,0.00014,0.00003,
4.769,5.09750,0.02593,1.70769,0.01141,0.13217,0.00014,0.00003,
4.770,5.09625,0.02405,2.39892,0.01141,0.12255,0.00014,0.00003,
4.771,5.09750,0.02405,1.99543,2.06553,0.12258,0.00014,0.00003,
4.772,5.09750,0.02530,2.40707,0.00000,0.12897,0.00014,0.00003,
4.773,5.09750,0.02530,3.05346,0.01956,0.12897,0.00014,0.00003,
4.774,5.09625,0.02509,2.33778,2.92060,0.12787,0.00014,0.00003,
4.775,5.09500,0.02467,1.54303,0.17444,0.12571,0.00014,0.00003,
4.776,5.09625,0.02467,2.20981,0.00897,0.12574,0.00014,0.00003,
4.777,5.09250,0.02488,2.20981,0.00897,0.12672,0.00014,0.00003,
4.778,5.09750,0.02405,3.09508,0.63744,0.12258,0.00014,0.00003,
4.779,5.09500,0.02488,2.88069,2.58806,0.12678,0.00014,0.00003,
4.780,5.09750,0.02488,0.44751,0.90073,0.12684,0.00014,0.00003,
4.781,5.09750,0.02426,3.08611,0.21438,0.12364,0.00014,0.00003,
4.782,5.09750,0.02426,0.88850,1.34987,0.12364,0.00014,0.00003,
4.783,5.09500,0.02614,1.40937,0.01793,0.13317,0.00014,0.00003,
4.784,5.09500,0.02530,1.15749,1.71016,0.12891,0.00014,0.00003,
4.785,5.09375,0.02488,0.40675,1.64169,0.12675,0.00014,0.00003,
4.786,5.10125,0.02530,3.07225,1.83406,0.12907,0.00014,0.00003,
4.787,5.09500,0.02551,1.87889,0.00815,0.12997,0.00014,0.00003,
4.788,5.09375,0.02363,1.87889,0.00815,0.12036,0.00014,0.00003,
4.789,5.09750,0.02446,3.08366,0.08396,0.12471,0.00014,0.00003,
4.790,5.09750,0.02467,0.48175,1.03522,0.12577,0.00014,0.00003,
4.791,5.09500,0.02467,1.76396,3.02253,0.12571,0.00014,0.00003,
4.792,5.09625,0.02467,1.42241,0.00897,0.12574,0.00014,0.00003,
4.793,5.09625,0.02488,3.05187,0.01467,0.12681,0.00014,0.00003,
4.794,5.09625,0.02509,2.04844,0.00082,0.12787,0.00014,0.00003,
4.795,5.09625,0.02426,1.33438,1.15668,0.12361,0.00014,0.00003,
4.796,5.09500,0.02509,0.64477,1.96693,0.12784,0.00014,0.00003,
4.797,5.09500,0.02509,1.73135,1.74358,0.12784,0.00014,0.00003,
4.798,5.09625,0.02363,0.81025,1.19499,0.12042,0.00014,0.00003,
4.799,5.09625,0.02530,0.81025,1.19499,0.12894,0.00014,0.00003,
4.800,5.09750,0.02530,3.11152,0.01223,0.12897,0.00014,0.00003,
4.801,5.09625,0.02488,1.37520,1.68904,0.12681,0.00014,0.00003,
4.802,5.09625,0.02405,3.09277,0.00326,0.12255,0.00014,0.00003,
4.803,5.09750,0.02405,3.05771,0.01956,0.12258,0.00014,0.00003,
4.804,5.09875,0.02488,1.97516,0.00326,0.12687,0.00014,0.00003,
4.805,5.09625,0.02342,1.25374,0.06032,0.11935,0.00014,0.00003,
4.806,5.09500,0.02405,3.07483,1.86512,0.12252,0.00014,0.00003,
4.807,5.09500,0.02488,1.25618,1.54231,0.12678,0.00014,0.00003,
4.808,5.09500,0.02446,1.52763,1.77789,0.12465,0.00014,0.00003,
4.809,5.09625,0.02446,3.07972,0.17037,0.12468,0.00014,0.00003,
4.810,5.09500,0.02405,3.07972,0.17037,0.12252,0.00014,0.00003,
4.811,5.09750,0.02551,1.81546,0.01141,0.13004,0.00014,0.00003,
4.812,5.09500,0.02405,2.51979,2.00540,0.12252,0.00014,0.00003,
4.813,5.09625,0.02405,3.05538,0.01793,0.12255,0.00014,0.00003,
4.814,5.09625,0.02467,1.83013,0.00000,0.12574,0.00014,0.00003,
4.815,5.09500,0.02446,0.89754,1.16819,0.12465,0.00014,0.00003,
4.816,5.09750,0.02384,3.06680,0.02120,0.12151,0.00014,0.00003,
4.817,5.09625,0.02509,1.90187,0.00571,0.12787,0.00014,0.00003,
4.818,5.09625,0.02509,1.33693,0.00815,0.12787,0.00014,0.00003,
4.819,5.09500,0.02300,2.02170,0.01141,0.11719,0.00014,0.00003,
4.820,5.09625,0.02467,0.85107,1.44291,0.12574,0.00014,0.00003,
4.821,5.09625,0.02363,0.85107,1.44291,0.12042,0.00014,0.00003,
4.822,5.09750,0.02530,3.19838,0.01712,0.12897,0.00014,0.00003,
4.823,5.09875,0.02509,3.05245,0.01712,0.12794,0.00014,0.00003,
4.824,5.09250,0.02467,1.95262,0.00000,0.12565,0.00014,0.00003,
4.825,5.09500,0.02426,1.25065,1.21804,0.12358,0.00014,0.00003,
4.826,5.09750,0.02593,1.24984,1.37132,0.13217,0.00014,0.00003,
4.827,5.09750,0.02593,1.72026,0.01141,0.13217,0.00014,0.00003,
4.828,5.09375,0.02363,1.65096,0.01712,0.12036,0.00014,0.00003,
4.829,5.09625,0.02551,2.10916,0.00000,0.13001,0.00014,0.00003,
4.830,5.09500,0.02467,2.17438,0.01386,0.12571,0.00014,0.00003,
4.831,5.09625,0.02509,2.58773,2.08633,0.12787,0.00014,0.00003,
4.832,5.09625,0.02530,2.58773,2.08633,0.12894,0.00014,0.00003,
4.833,5.09375,0.02551,3.05833,0.01875,0.12994,0.00014,0.00003,
4.834,5.10125,0.02467,1.65921,1.33552,0.12587,0.00014,0.00003,
4.835,5.09875,0.02572,0.69059,1.51816,0.13114,0.00014,0.00003,
4.836,5.09875,0.02509,0.59357,0.87323,0.12794,0.00014,0.00003,
4.837,5.09500,0.02509,1.99350,0.00000,0.12784,0.00014,0.00003,
4.838,5.09750,0.02446,1.93887,0.01305,0.12471,0.00014,0.00003,
4.839,5.09875,0.02509,1.55240,1.81005,0.12794,0.00014,0.00003,
4.840,5.09625,0.02551,0.85937,1.04689,0.13001,0.00014,0.00003,
4.841,5.09625,0.02426,2.33839,1.52794,0.12361,0.00014,0.00003,
4.842,5.09750,0.02551,1.55403,0.00408,0.13004,0.00014,0.00003,
4.843,5.09625,0.02530,1.55403,0.00408,0.12894,0.00014,0.00003,
4.844,5.09625,0.02426,3.08860,0.20058,0.12361,0.00014,0.00003,
4.845,5.09625,0.02530,1.92752,2.72902,0.12894,0.00014,0.00003,
4.846,5.09750,0.02530,2.44364,0.90098,0.12897,0.00014,0.00003,
4.847,5.09500,0.02635,0.43703,0.90750,0.13424,0.00014,0.00003,
4.848,5.09750,0.02509,3.06903,0.02446,0.12791,0.00014,0.00003,
4.849,5.09625,0.02488,3.10001,0.01549,0.12681,0.00014,0.00003,
4.850,5.09750,0.02572,2.15664,0.00652,0.13110,0.00014,0.00003,
4.851,5.09375,0.02530,2.79670,2.17947,0.12888,0.00014,0.00003,
4.852,5.10125,0.02342,1.78483,0.00000,0.11947,0.00014,0.00003,
4.853,5.09625,0.02509,3.05598,0.02120,0.12787,0.00014,0.00003,
4.854,5.09625,0.02384,3.05598,0.02120,0.12148,0.00014,0.00003,
4.855,5.09875,0.02384,2.35477,1.66660,0.12154,0.00014,0.00003,
4.856,5.09750,0.02405,2.54719,2.85051,0.12258,0.00014,0.00003,
4.857,5.09625,0.02446,1.73754,0.01305,0.12468,0.00014,0.00003,
4.858,5.09625,0.02405,1.51005,0.00245,0.12255,0.00014,0.00003,
4.859,5.09625,0.02342,3.09349,0.83167,0.11935,0.00014,0.00003,
4.860,5.09625,0.02446,0.82841,1.12846,0.12468,0.00014,0.00003,
4.861,5.09250,0.02384,1.06323,0.44519,0.12139,0.00014,0.00003,
4.862,5.09625,0.02384,0.73383,1.74080,0.12148,0.00014,0.00003,
4.863,5.09625,0.02405,3.05353,0.01794,0.12255,0.00014,0.00003,
4.864,5.09625,0.02405,3.06332,0.00978,0.12255,0.00014,0.00003,
4.865,5.09625,0.02467,3.06332,0.00978,0.12574,0.00014,0.00003,
4.866,5.09750,0.02384,0.52346,2.03352,0.12151,0.00014,0.00003,
4.867,5.10000,0.02405,2.40206,0.00000,0.12264,0.00014,0.00003,
4.868,5.09375,0.02446,1.74325,0.00000,0.12462,0.00014,0.00003,
4.869,5.09750,0.02384,1.73673,0.00000,0.12151,0.00014,0.00003,
4.870,5.09500,0.02363,2.29117,2.88965,0.12039,0.00014,0.00003,
4.871,5.09875,0.02488,1.74407,2.79589,0.12687,0.00014,0.00003,
4.872,5.09875,0.02342,3.12203,0.01549,0.11941,0.00014,0.00003,
4.873,5.09375,0.02342,3.05517,0.01957,0.11929,0.00014,0.00003,
4.874,5.09625,0.02530,1.50272,0.00978,0.12894,0.00014,0.00003,
4.875,5.09625,0.02509,2.17784,0.71752,0.12787,0.00014,0.00003,
4.876,5.09250,0.02488,2.17784,0.71752,0.12672,0.00014,0.00003,
4.877,5.09500,0.02446,1.11623,1.30295,0.12465,0.00014,0.00003,
4.878,5.09375,0.02530,1.11623,1.30295,0.12888,0.00014,0.00003,
4.879,5.09750,0.02342,2.34743,2.58878,0.11938,0.00014,0.00003,
4.880,5.09750,0.02467,3.06821,1.67720,0.12577,0.00014,0.00003,
4.881,5.09750,0.02509,0.71670,2.05634,0.12791,0.00014,0.00003,
4.882,5.09625,0.02509,2.76082,2.10771,0.12787,0.00014,0.00003,
4.883,5.10000,0.02446,3.05598,0.01875,0.12477,0.00014,0.00003,
4.884,5.09500,0.02593,1.07383,1.39672,0.13211,0.00014,0.00003,
4.885,5.09625,0.02446,1.38938,1.50516,0.12468,0.00014,0.00003,
4.886,5.09625,0.02467,3.07147,0.02120,0.12574,0.00014,0.00003,
4.887,5.09750,0.02446,3.11387,0.01305,0.12471,0.00014,0.00003,
4.888,5.09500,0.02405,3.11387,0.01305,0.12252,0.00014,0.00003,
4.889,5.09500,0.02509,3.08855,0.24379,0.12784,0.00014,0.00003,
4.890,5.09500,0.02405,1.70572,2.79421,0.12252,0.00014,0.00003,
4.891,5.09375,0.02405,3.09589,0.43377,0.12249,0.00014,0.00003,
4.892,5.09750,0.02384,0.78763,1.28499,0.12151,0.00014,0.00003,
4.893,5.09500,0.02530,3.05757,0.02038,0.12891,0.00014,0.00003,
4.894,5.09750,0.02384,1.55324,0.01141,0.12151,0.00014,0.00003,
4.895,5.09625,0.02405,1.13252,2.33680,0.12255,0.00014,0.00003,
4.896,5.09500,0.02426,2.36615,0.00652,0.12358,0.00014,0.00003,
4.897,5.09625,0.02446,1.59646,0.00326,0.12468,0.00014,0.00003,
4.898,5.09500,0.02342,1.85656,0.00000,0.11932,0.00014,0.00003,
4.899,5.09500,0.02446,1.85656,0.00000,0.12465,0.00014,0.00003,
4.900,5.09750,0.02446,2.21687,0.00000,0.12471,0.00014,0.00003,
4.901,5.09500,0.02384,2.63676,0.63758,0.12145,0.00014,0.00003,
4.902,5.09500,0.02405,1.42193,1.58581,0.12252,0.00014,0.00003,
4.903,5.09375,0.02509,3.05829,0.01468,0.12781,0.00014,0.00003,
4.904,5.09750,0.02446,0.67754,1.88340,0.12471,0.00014,0.00003,
4.905,5.09750,0.02530,1.67305,0.02201,0.12897,0.00014,0.00003,
4.906,5.09750,0.02509,1.38768,1.52547,0.12791,0.00014,0.00003,
4.907,5.09625,0.02467,1.70811,1.93721,0.12574,0.00014,0.00003,
4.908,5.09625,0.02384,2.17447,0.00489,0.12148,0.00014,0.00003,
4.909,5.09625,0.02384,1.51651,0.00734,0.12148,0.00014,0.00003,
4.910,5.09500,0.02530,1.51651,0.00734,0.12891,0.00014,0.00003,
4.911,5.09625,0.02572,3.09472,0.53726,0.13107,0.00014,0.00003,
4.912,5.09750,0.02405,2.03325,2.95776,0.12258,0.00014,0.00003,
4.913,5.09625,0.02467,3.05722,0.02120,0.12574,0.00014,0.00003,
4.914,5.09625,0.02488,1.07533,0.43942,0.12681,0.00014,0.00003,
4.915,5.09625,0.02467,1.10875,1.45524,0.12574,0.00015,0.00003,
4.916,5.09750,0.02551,3.02624,0.82504,0.13004,0.00015,0.00003,
4.917,5.09750,0.02593,1.85960,1.19191,0.13217,0.00015,0.00003,
4.918,5.09875,0.02593,1.41447,0.00734,0.13220,0.00015,0.00003,
4.919,5.09750,0.02467,3.06863,0.03587,0.12577,0.00015,0.00003,
4.920,5.09500,0.02572,3.06863,0.02120,0.13104,0.00015,0.00003,
4.921,5.10125,0.02572,3.06863,0.02120,0.13120,0.00015,0.00003,
4.922,5.09375,0.02446,3.09458,0.95136,0.12462,0.00015,0.00003,
4.923,5.09625,0.02656,3.05627,0.02364,0.13533,0.00015,0.00003,
4.924,5.09500,0.02593,1.95327,0.00000,0.13211,0.00015,0.00003,
4.925,5.09500,0.02446,2.34295,1.55708,0.12465,0.00015,0.00003,
4.926,5.09500,0.02509,3.12149,0.01386,0.12784,0.00015,0.00003,
4.927,5.09875,0.02509,3.06605,0.01386,0.12794,0.00015,0.00003,
4.928,5.09375,0.02572,1.40870,1.52121,0.13101,0.00015,0.00003,
4.929,5.09750,0.02446,3.06687,0.02446,0.12471,0.00015,0.00003,
4.930,5.09750,0.02509,1.99893,0.00652,0.12791,0.00015,0.00003,
4.931,5.09500,0.02509,2.04702,0.00000,0.12784,0.00015,0.00003,
4.932,5.09500,0.02467,2.04702,0.00000,0.12571,0.00015,0.00003,
4.933,5.09750,0.02488,3.05546,0.01957,0.12684,0.00015,0.00003,
4.934,5.09625,0.02509,2.19948,0.00734,0.12787,0.00015,0.00003,
4.935,5.09625,0.02446,0.79158,0.91305,0.12468,0.00015,0.00003,
4.936,5.09625,0.02446,2.18317,1.89866,0.12468,0.00015,0.00003,
4.937,5.09500,0.02426,3.06606,0.01386,0.12358,0.00015,0.00003,
4.938,5.09750,0.02488,2.01687,2.96579,0.12684,0.00015,0.00003,
4.939,5.09500,0.02342,2.22393,0.00000,0.11932,0.00015,0.00003,
4.940,5.09625,0.02363,1.89051,0.00000,0.12042,0.00015,0.00003,
4.941,5.09500,0.02405,3.06851,0.03342,0.12252,0.00015,0.00003,
4.942,5.09250,0.02405,2.71715,2.29567,0.12246,0.00015,0.00003,
4.943,5.09625,0.02405,2.71715,2.29567,0.12255,0.00015,0.00003,
4.944,5.09625,0.02488,2.23780,1.34023,0.12681,0.00015,0.00003,
4.945,5.09625,0.02488,1.79024,0.58044,0.12681,0.00015,0.00003,
4.946,5.09625,0.02467,1.97122,2.71226,0.12574,0.00015,0.00003,
4.947,5.09625,0.02467,1.35165,0.00000,0.12574,0.00015,0.00003,
4.948,5.09500,0.02426,2.67639,2.25900,0.12358,0.00015,0.00003,
4.949,5.09750,0.02530,3.06933,0.03261,0.12897,0.00015,0.00003,
4.950,5.09625,0.02530,3.18591,0.00815,0.12894,0.00015,0.00003,
4.951,5.09750,0.02488,3.07504,0.03179,0.12684,0.00015,0.00003,
4.952,5.09875,0.02488,3.07178,0.02772,0.12687,0.00015,0.00003,
4.953,5.09750,0.02551,3.05629,0.01794,0.13004,0.00015,0.00003,
4.954,5.09750,0.02551,3.05629,0.01794,0.13004,0.00015,0.00003,
4.955,5.09625,0.02426,1.71117,1.80004,0.12361,0.00015,0.00003,
4.956,5.09500,0.02593,3.09463,0.40191,0.13211,0.00015,0.00003,
4.957,5.09500,0.02509,3.09299,0.56251,0.12784,0.00015,0.00003,
4.958,5.09500,0.02467,2.41798,1.85139,0.12571,0.00015,0.00003,
4.959,5.09750,0.02488,3.08566,0.23071,0.12684,0.00015,0.00003,
4.960,5.09875,0.02572,2.20439,0.00326,0.13114,0.00015,0.00003,
4.961,5.09625,0.02467,3.08321,0.11332,0.12574,0.00015,0.00003,
4.962,5.09750,0.02530,1.99080,0.01467,0.12897,0.00015,0.00003,
4.963,5.09750,0.02551,3.05386,0.02283,0.13004,0.00015,0.00003,
4.964,5.10000,0.02551,2.94951,0.00163,0.13010,0.00015,0.00003,
4.965,5.09500,0.02488,2.94951,0.00163,0.12678,0.00015,0.00003,
4.966,5.09625,0.02551,2.50772,1.81149,0.13001,0.00015,0.00003,
4.967,5.09875,0.02530,3.06616,0.01794,0.12900,0.00015,0.00003,
4.968,5.09500,0.02405,0.91716,1.28728,0.12252,0.00015,0.00003,
4.969,5.09500,0.02593,3.07676,0.09375,0.13211,0.00015,0.00003,
4.970,5.09625,0.02530,1.62561,2.58354,0.12894,0.00015,0.00003,
4.971,5.09500,0.02488,0.83482,0.93102,0.12678,0.00015,0.00003,
4.972,5.09500,0.02467,1.29951,2.42375,0.12571,0.00015,0.00003,
4.973,5.09500,0.02467,3.05557,0.01875,0.12571,0.00015,0.00003,
4.974,5.09375,0.02593,2.91371,0.01304,0.13207,0.00015,0.00003,
4.975,5.09750,0.02446,2.31124,0.77612,0.12471,0.00015,0.00003,
4.976,5.09875,0.02676,2.31124,0.77612,0.13647,0.00015,0.00003,
4.977,5.09750,0.02405,2.45575,2.96125,0.12258,0.00015,0.00003,
4.978,5.09625,0.02446,2.52098,2.51690,0.12468,0.00015,0.00003,
4.979,5.09500,0.02446,3.06806,0.02283,0.12465,0.00015,0.00003,
4.980,5.09750,0.02572,1.40399,2.48266,0.13110,0.00015,0.00003,
4.981,5.09750,0.02488,3.09415,0.01468,0.12684,0.00015,0.00003,
4.982,5.09750,0.02488,1.55074,0.00652,0.12684,0.00015,0.00003,
4.983,5.09375,0.02405,2.73215,0.02038,0.12249,0.00015,0.00003,
4.984,5.09750,0.02488,2.86994,0.01305,0.12684,0.00015,0.00003,
4.985,5.09500,0.02551,1.22298,0.06360,0.12997,0.00015,0.00003,
4.986,5.09750,0.02426,0.39625,1.67957,0.12364,0.00015,0.00003,
4.987,5.10125,0.02572,0.39625,1.67957,0.13120,0.00015,0.00003,
4.988,5.09500,0.02572,3.09094,0.38484,0.13104,0.00015,0.00003,
4.989,5.09750,0.02426,1.78477,0.00245,0.12364,0.00015,0.00003,
4.990,5.09750,0.02572,2.95559,0.00326,0.13110,0.00015,0.00003,
4.991,5.09500,0.02572,3.07219,0.02283,0.13104,0.00015,0.00003,
4.992,5.09750,0.02530,1.92582,0.00815,0.12897,0.00015,0.00003,
4.993,5.09625,0.02467,3.05588,0.01223,0.12574,0.00015,0.00003,
4.994,5.09500,0.02509,1.76031,0.00326,0.12784,0.00015,0.00003,
4.995,5.09750,0.02551,2.84878,1.82961,0.13004,0.00015,0.00003,
4.996,5.09625,0.02405,2.80965,1.86467,0.12255,0.00015,0.00003,
4.997,5.09375,0.02405,3.09012,0.75500,0.12249,0.00015,0.00003,
4.998,5.09500,0.02488,3.09012,0.75500,0.12678,0.00015,0.00003,
4.999,5.09500,0.02405,0.86361,0.74210,0.12252,0.00015,0.00003,
5.000,5.09750,0.02405,3.07931,0.10194,0.12258,0.00015,0.00003,
5.001,5.09625,0.02426,3.08828,0.19653,0.12361,0.00015,0.00003,
5.002,5.09625,0.02509,3.07686,1.88135,0.12787,0.00015,0.00003,
5.003,5.10000,0.02446,3.05484,0.01713,0.12477,0.00015,0.00003,
5.004,5.09750,0.02488,2.00041,0.00163,0.12684,0.00015,0.00003,
5.005,5.09375,0.02530,2.11458,0.04241,0.12888,0.00015,0.00003,
5.006,5.09750,0.02467,3.07849,0.06850,0.12577,0.00015,0.00003,
5.007,5.09625,0.02488,3.09236,0.91498,0.12681,0.00015,0.00003,
5.008,5.09625,0.02488,1.33089,0.00979,0.12681,0.00015,0.00003,
5.009,5.09875,0.02488,1.33089,0.00979,0.12687,0.00015,0.00003,
5.010,5.09875,0.02446,1.07971,2.30784,0.12474,0.00015,0.00003,
5.011,5.09875,0.02426,1.75086,0.00000,0.12367,0.00015,0.00003,
5.012,5.09750,0.02467,1.75004,0.00734,0.12577,0.00015,0.00003,
5.013,5.09500,0.02405,3.05564,0.01876,0.12252,0.00015,0.00003,
5.014,5.09875,0.02467,3.09071,1.25341,0.12581,0.00015,0.00003,
5.015,5.09625,0.02321,3.06054,1.41080,0.11828,0.00015,0.00003,
5.016,5.09500,0.02467,0.68012,1.26156,0.12571,0.00015,0.00003,
5.017,5.09500,0.02467,3.06462,0.01060,0.12571,0.00015,0.00003,
5.018,5.09750,0.02467,0.86687,1.41569,0.12577,0.00015,0.00003,
5.019,5.09875,0.02405,3.08908,0.52599,0.12261,0.00015,0.00003,
5.020,5.09500,0.02467,3.08908,0.52599,0.12571,0.00015,0.00003,
5.021,5.09875,0.02446,0.57002,1.26645,0.12474,0.00015,0.00003,
5.022,5.09500,0.02363,1.99876,0.01142,0.12039,0.00015,0.00003,
5.023,5.09875,0.02467,3.05807,0.01713,0.12581,0.00015,0.00003,
5.024,5.09875,0.02342,2.30212,0.00000,0.11941,0.00015,0.00003,
5.025,5.09875,0.02467,2.63810,1.17022,0.12581,0.00015,0.00003,
5.026,5.09875,0.02467,3.08825,0.23078,0.12581,0.00015,0.00003,
5.027,5.09750,0.02467,1.60325,0.00979,0.12577,0.00015,0.00003,
5.028,5.09500,0.02384,0.91579,1.26319,0.12145,0.00015,0.00003,
5.029,5.09750,0.02426,3.08743,0.20387,0.12364,0.00015,0.00003,
5.030,5.09875,0.02405,3.05807,1.38062,0.12261,0.00015,0.00003,
5.031,5.09375,0.02467,3.05807,1.38062,0.12568,0.00015,0.00003,
5.032,5.09625,0.02488,3.09477,1.37246,0.12681,0.00015,0.00003,
5.033,5.09625,0.02426,3.05807,0.01794,0.12361,0.00015,0.00003,
5.034,5.10000,0.02426,3.07112,0.03751,0.12370,0.00015,0.00003,
5.035,5.10000,0.02363,1.05932,0.18022,0.12050,0.00015,0.00003,
5.036,5.09750,0.02363,2.62260,1.18245,0.12045,0.00015,0.00003,
5.037,5.09375,0.02467,3.06541,0.01794,0.12568,0.00015,0.00003,
5.038,5.09375,0.02572,1.47848,0.00326,0.13101,0.00015,0.00003,
5.039,5.09375,0.02467,3.05399,1.29499,0.12568,0.00015,0.00003,
5.040,5.09750,0.02530,3.05399,1.29499,0.12897,0.00015,0.00003,
5.041,5.09875,0.02530,3.07030,0.01468,0.12900,0.00015,0.00003,
5.042,5.09500,0.02488,1.05524,1.44667,0.12678,0.00015,0.00003,
5.043,5.09625,0.02593,1.05524,1.44667,0.13214,0.00015,0.00003,
5.044,5.09625,0.02530,0.75512,0.84075,0.12894,0.00015,0.00003,
5.045,5.09375,0.02530,3.01968,0.97041,0.12888,0.00015,0.00003,
5.046,5.09750,0.02405,2.16833,1.80463,0.12258,0.00015,0.00003,
5.047,5.09750,0.02530,3.09551,0.49336,0.12897,0.00015,0.00003,
5.048,5.09875,0.02467,2.36404,0.00000,0.12581,0.00015,0.00003,
5.049,5.09250,0.02342,2.80765,1.89025,0.11926,0.00015,0.00003,
5.050,5.09500,0.02509,3.08410,1.61707,0.12784,0.00015,0.00003,
5.051,5.09750,0.02488,2.76607,0.00979,0.12684,0.00015,0.00003,
5.052,5.09625,0.02488,2.04927,0.00000,0.12681,0.00015,0.00003,
5.053,5.09625,0.02363,3.05882,0.01957,0.12042,0.00015,0.00003,
5.054,5.09625,0.02363,3.05882,0.01957,0.12042,0.00015,0.00003,
5.055,5.09625,0.02446,0.87483,1.08273,0.12468,0.00015,0.00003,
5.056,5.09500,0.02467,1.52381,0.00652,0.12571,0.00015,0.00003,
5.057,5.09750,0.02446,0.77210,2.17362,0.12471,0.00015,0.00003,
5.058,5.09750,0.02405,1.99180,0.00000,0.12258,0.00015,0.00003,
5.059,5.09500,0.02342,2.16057,0.00000,0.11932,0.00015,0.00003,
5.060,5.09750,0.02405,3.07290,0.02038,0.12258,0.00015,0.00003,
5.061,5.09500,0.02446,3.09492,0.56175,0.12465,0.00015,0.00003,
5.062,5.09500,0.02405,3.09084,0.44761,0.12252,0.00015,0.00003,
5.063,5.09500,0.02405,3.05578,0.01957,0.12252,0.00015,0.00003,
5.064,5.09625,0.02363,3.09410,0.61393,0.12042,0.00015,0.00003,
5.065,5.10000,0.02467,3.09410,0.61393,0.12584,0.00015,0.00003,
5.066,5.09625,0.02405,1.57942,1.04235,0.12255,0.00015,0.00003,
5.067,5.09500,0.02405,1.49304,0.00489,0.12252,0.00015,0.00003,
5.068,5.09625,0.02467,3.08061,0.13610,0.12574,0.00015,0.00003,
5.069,5.09625,0.02446,3.07246,0.05216,0.12468,0.00015,0.00003,
5.070,5.09625,0.02384,1.92579,2.07900,0.12148,0.00015,0.00003,
5.071,5.09625,0.02426,2.21103,0.00081,0.12361,0.00015,0.00003,
5.072,5.09500,0.02426,3.11891,0.00652,0.12358,0.00015,0.00003,
5.073,5.09625,0.02530,3.05860,0.01630,0.12894,0.00015,0.00003,
5.074,5.09500,0.02342,1.69026,0.01385,0.11932,0.00015,0.00003,
5.075,5.09500,0.02467,1.54601,1.67559,0.12571,0.00015,0.00003,
5.076,5.09750,0.02405,1.54601,1.67559,0.12258,0.00015,0.00003,
5.077,5.09875,0.02342,1.54216,0.02607,0.11941,0.00015,0.00003,
5.078,5.09750,0.02446,3.08675,1.34419,0.12471,0.00015,0.00003,
5.079,5.09500,0.02446,2.70875,2.26313,0.12465,0.00015,0.00003,
5.080,5.09500,0.02593,1.69694,1.91201,0.13211,0.00015,0.00003,
5.081,5.09625,0.02593,3.07128,0.04481,0.13214,0.00015,0.00003,
5.082,5.09500,0.02426,3.06883,0.02688,0.12358,0.00015,0.00003,
5.083,5.09625,0.02572,3.05172,0.01955,0.13107,0.00015,0.00003,
5.084,5.09875,0.02488,3.07698,0.13442,0.12687,0.00015,0.00003,
5.085,5.09875,0.02363,2.07332,2.39266,0.12047,0.00015,0.00003,
5.086,5.09625,0.02384,3.07942,0.11405,0.12148,0.00015,0.00003,
5.087,5.09750,0.02426,3.07942,0.11405,0.12364,0.00015,0.00003,
5.088,5.09750,0.02384,2.00328,0.98901,0.12151,0.00015,0.00003,
5.089,5.09750,0.02446,2.10593,0.00489,0.12471,0.00015,0.00003,
5.090,5.09625,0.02446,1.58861,0.00896,0.12468,0.00015,0.00003,
5.091,5.09875,0.02551,3.09331,0.84400,0.13007,0.00015,0.00003,
5.092,5.10000,0.02530,3.09086,0.48391,0.12904,0.00015,0.00003,
5.093,5.09625,0.02426,3.04931,0.01874,0.12361,0.00015,0.00003,
5.094,5.09500,0.02488,0.37638,1.75073,0.12678,0.00015,0.00003,
5.095,5.10000,0.02446,0.73891,1.10306,0.12477,0.00015,0.00003,
5.096,5.09500,0.02405,3.07701,0.12546,0.12252,0.00015,0.00003,
5.097,5.09625,0.02572,1.60001,2.02935,0.13107,0.00015,0.00003,
5.098,5.09625,0.02530,1.60001,2.02935,0.12894,0.00015,0.00003,
5.099,5.09500,0.02530,1.85585,0.02363,0.12891,0.00015,0.00003,
5.100,5.09500,0.02446,1.09168,1.16988,0.12465,0.00015,0.00003,
5.101,5.09500,0.02530,2.90109,1.21795,0.12891,0.00015,0.00003,
5.102,5.09750,0.02405,2.83184,1.76134,0.12258,0.00015,0.00003,
5.103,5.09625,0.02384,3.05262,0.02037,0.12148,0.00015,0.00003,
5.104,5.09750,0.02426,2.69497,2.34384,0.12364,0.00015,0.00003,
5.105,5.09250,0.02530,1.82733,0.17271,0.12885,0.00015,0.00003,
5.106,5.09625,0.02467,2.98011,1.04198,0.12574,0.00015,0.00003,
5.107,5.09500,0.02488,3.09498,0.66804,0.12678,0.00015,0.00003,
5.108,5.09500,0.02488,1.23262,1.22528,0.12678,0.00015,0.00003,
5.109,5.09750,0.02426,1.23262,1.22528,0.12364,0.00015,0.00003,
5.110,5.09500,0.02467,0.86849,2.21847,0.12571,0.00015,0.00003,
5.111,5.09500,0.02572,3.06822,0.02363,0.13104,0.00015,0.00003,
5.112,5.09625,0.02551,3.07147,1.75571,0.13001,0.00015,0.00003,
5.113,5.09500,0.02405,3.05029,0.01792,0.12252,0.00015,0.00003,
5.114,5.09500,0.02509,3.06903,0.04562,0.12784,0.00015,0.00003,
5.115,5.09625,0.02530,3.09347,1.05261,0.12894,0.00015,0.00003,
5.116,5.09750,0.02405,0.84567,1.82659,0.12258,0.00015,0.00003,
5.117,5.09750,0.02405,0.70799,1.34509,0.12258,0.00015,0.00003,
5.118,5.09625,0.02530,0.52549,1.13816,0.12894,0.00015,0.00003,
5.119,5.09625,0.02509,1.12349,2.33008,0.12787,0.00015,0.00003,
5.120,5.09625,0.02342,1.12349,2.33008,0.11935,0.00015,0.00003,
5.121,5.09625,0.02530,0.76181,1.02416,0.12894,0.00015,0.00003,
5.122,5.09375,0.02572,3.14418,0.01059,0.13101,0.00015,0.00003,
5.123,5.10000,0.02405,3.05293,0.02118,0.12264,0.00015,0.00003,
5.124,5.09750,0.02509,3.07248,1.87722,0.12791,0.00015,0.00003,
5.125,5.09500,0.02530,0.93617,1.04127,0.12891,0.00015,0.00003,
5.126,5.09500,0.02363,1.95055,0.10185,0.12039,0.00015,0.00003,
5.127,5.09625,0.02363,3.06189,1.47228,0.12042,0.00015,0.00003,
5.128,5.09750,0.02488,0.46523,1.47228,0.12684,0.00015,0.00003,
5.129,5.09500,0.02509,3.08959,1.09505,0.12784,0.00015,0.00003,
5.130,5.09625,0.02384,3.07167,0.03259,0.12148,0.00015,0.00003,
5.131,5.09625,0.02467,3.07167,0.03259,0.12574,0.00015,0.00003,
5.132,5.10000,0.02530,1.26056,1.37953,0.12904,0.00015,0.00003,
5.133,5.09625,0.02405,3.05322,0.02037,0.12255,0.00015,0.00003,
5.134,5.09375,0.02446,3.08419,0.44328,0.12462,0.00015,0.00003,
5.135,5.09375,0.02405,1.91570,0.90692,0.12249,0.00015,0.00003,
5.136,5.09625,0.02405,1.67125,1.65576,0.12255,0.00015,0.00003,
5.137,5.09500,0.02363,1.46183,1.58243,0.12039,0.00015,0.00003,
5.138,5.09625,0.02405,0.85559,1.78614,0.12255,0.00015,0.00003,
5.139,5.09500,0.02384,1.79918,2.66780,0.12145,0.00015,0.00003,
5.140,5.09625,0.02488,3.09152,0.42861,0.12681,0.00015,0.00003,
5.141,5.09500,0.02384,0.52965,1.23938,0.12145,0.00015,0.00003,
5.142,5.09625,0.02384,0.52965,1.23938,0.12148,0.00015,0.00003,
5.143,5.09625,0.02488,3.05411,0.01304,0.12681,0.00015,0.00003,
5.144,5.09625,0.02467,3.07041,0.04238,0.12574,0.00015,0.00003,
5.145,5.09875,0.02467,2.45502,1.70433,0.12581,0.00015,0.00003,
5.146,5.09750,0.02530,1.53887,0.66755,0.12897,0.00015,0.00003,
5.147,5.09750,0.02551,2.64412,2.58381,0.13004,0.00015,0.00003,
5.148,5.09625,0.02530,2.96282,1.09628,0.12894,0.00015,0.00003,
5.149,5.09625,0.02509,2.92043,1.32940,0.12787,0.00015,0.00003,
5.150,5.09625,0.02551,3.07285,0.04320,0.13001,0.00015,0.00003,
5.151,5.09500,0.02551,0.94060,2.26266,0.12997,0.00015,0.00003,
5.152,5.09875,0.02530,2.80306,1.90484,0.12900,0.00015,0.00003,
5.153,5.09875,0.02530,2.80306,1.90484,0.12900,0.00015,0.00003,
5.154,5.09625,0.02530,0.53246,1.69441,0.12894,0.00015,0.00003,
5.155,5.09875,0.02614,1.22718,1.74659,0.13327,0.00015,0.00003,
5.156,5.09750,0.02446,0.88716,2.00589,0.12471,0.00015,0.00003,
5.157,5.09875,0.02509,1.72295,1.79552,0.12794,0.00015,0.00003,
5.158,5.09750,0.02530,1.35683,1.46283,0.12897,0.00015,0.00003,
5.159,5.09625,0.02467,3.06265,0.01468,0.12574,0.00015,0.00003,
5.160,5.09625,0.02551,1.41309,0.00000,0.13001,0.00015,0.00003,
5.161,5.09875,0.02530,0.61563,0.83905,0.12900,0.00015,0.00003,
5.162,5.09875,0.02426,2.49269,2.96643,0.12367,0.00015,0.00003,
5.163,5.09375,0.02426,3.05613,0.01794,0.12355,0.00015,0.00003,
5.164,5.09750,0.02530,3.05613,0.01794,0.12897,0.00015,0.00003,
5.165,5.09625,0.02551,2.88979,1.98550,0.13001,0.00015,0.00003,
5.166,5.10000,0.02384,3.06999,0.03017,0.12157,0.00015,0.00003,
5.167,5.09750,0.02530,0.62052,1.98224,0.12897,0.00015,0.00003,
5.168,5.09750,0.02551,0.46723,1.39597,0.13004,0.00015,0.00003,
5.169,5.09625,0.02384,3.09282,0.43135,0.12148,0.00015,0.00003,
5.170,5.09500,0.02509,3.09445,0.46723,0.12784,0.00015,0.00003,
5.171,5.09500,0.02488,2.96480,1.11139,0.12678,0.00015,0.00003,
5.172,5.09625,0.02488,2.68920,2.02709,0.12681,0.00015,0.00003,
5.173,5.09750,0.02426,1.88358,0.13699,0.12364,0.00015,0.00003,
5.174,5.09500,0.02572,0.78768,0.87737,0.13104,0.00015,0.00003,
5.175,5.09625,0.02509,0.78768,0.87737,0.12787,0.00015,0.00003,
5.176,5.09875,0.02446,0.70043,1.51176,0.12474,0.00015,0.00003,
5.177,5.09500,0.02572,0.99887,2.28313,0.13104,0.00015,0.00003,
5.178,5.09500,0.02405,2.43154,2.96400,0.12252,0.00015,0.00003,
5.179,5.09500,0.02509,3.06592,0.00815,0.12784,0.00015,0.00003,
5.180,5.09500,0.02426,3.19557,0.00245,0.12358,0.00015,0.00003,
5.181,5.09750,0.02426,1.71969,1.35683,0.12364,0.00015,0.00003,
5.182,5.09625,0.02342,3.07571,0.05056,0.11935,0.00015,0.00003,
5.183,5.09625,0.02467,1.76046,0.01794,0.12574,0.00015,0.00003,
5.184,5.09625,0.02426,3.08794,0.37264,0.12361,0.00015,0.00003,
5.185,5.09750,0.02363,0.65069,0.76893,0.12045,0.00015,0.00003,
5.186,5.09750,0.02446,0.65069,0.76893,0.12471,0.00015,0.00003,
5.187,5.09875,0.02405,0.90347,1.42207,0.12261,0.00015,0.00003,
5.188,5.09750,0.02384,2.19752,2.84577,0.12151,0.00015,0.00003,
5.189,5.09750,0.02551,3.07164,0.04648,0.13004,0.00015,0.00003,
5.190,5.09625,0.02551,0.90510,1.70257,0.13001,0.00015,0.00003,
5.191,5.09375,0.02384,2.21791,2.85555,0.12142,0.00015,0.00003,
5.192,5.09625,0.02509,0.54225,1.08694,0.12787,0.00015,0.00003,
5.193,5.09625,0.02488,3.05777,0.01957,0.12681,0.00015,0.00003,
5.194,5.09500,0.02363,3.09121,1.24023,0.12039,0.00015,0.00003,
5.195,5.09500,0.02384,1.25899,1.15054,0.12145,0.00015,0.00003,
5.196,5.09750,0.02488,2.95993,1.13586,0.12684,0.00015,0.00003,
5.197,5.09750,0.02426,2.95993,1.13586,0.12364,0.00015,0.00003,
5.198,5.09750,0.02342,1.47345,0.06931,0.11938,0.00015,0.00003,
5.199,5.09875,0.02342,2.22934,0.01305,0.11941,0.00015,0.00003,
5.200,5.09250,0.02676,3.10836,0.01468,0.13630,0.00015,0.00003,
5.201,5.09750,0.02426,3.08308,0.17939,0.12364,0.00016,0.00003,
5.202,5.09500,0.02446,3.08308,0.17939,0.12465,0.00016,0.00003,
5.203,5.09500,0.02488,3.07003,0.02202,0.12678,0.00016,0.00003,
5.204,5.10000,0.02467,1.03639,1.34788,0.12584,0.00016,0.00003,
5.205,5.09750,0.02488,2.18123,1.25655,0.12684,0.00016,0.00003,
5.206,5.09875,0.02467,0.51290,1.16849,0.12581,0.00016,0.00003,
5.207,5.09875,0.02467,2.72185,2.25951,0.12581,0.00016,0.00003,
5.208,5.09500,0.02467,3.09042,1.40088,0.12571,0.00016,0.00003,
5.209,5.09500,0.02384,3.09042,1.40088,0.12145,0.00016,0.00003,
5.210,5.09750,0.02405,0.69799,2.05157,0.12258,0.00016,0.00003,
5.211,5.09500,0.02530,3.09040,0.31638,0.12891,0.00016,0.00003,
5.212,5.09500,0.02509,0.37509,1.91295,0.12784,0.00016,0.00003,
5.213,5.09875,0.02530,3.05778,0.01875,0.12900,0.00016,0.00003,
5.214,5.09625,0.02551,2.47313,2.97787,0.13001,0.00016,0.00003,
5.215,5.09625,0.02551,2.94689,1.98797,0.13001,0.00016,0.00003,
5.216,5.09625,0.02509,2.90204,1.43757,0.12787,0.00016,0.00003,
5.217,5.09625,0.02509,3.06512,1.57945,0.12787,0.00016,0.00003,
5.218,5.09625,0.02509,3.00070,0.94180,0.12787,0.00016,0.00003,
5.219,5.09750,0.02530,3.09448,1.24105,0.12897,0.00016,0.00003,
5.220,5.09625,0.02467,3.09448,1.24105,0.12574,0.00016,0.00003,
5.221,5.09625,0.02530,0.44683,1.40410,0.12894,0.00016,0.00003,
5.222,5.09750,0.02656,3.09441,1.35029,0.13537,0.00016,0.00003,
5.223,5.09250,0.02446,3.05119,0.01957,0.12459,0.00016,0.00003,
5.224,5.09625,0.02551,2.53586,2.96150,0.13001,0.00016,0.00003,
5.225,5.09625,0.02530,1.92514,0.16960,0.12894,0.00016,0.00003,
5.226,5.09625,0.02530,3.08788,0.28212,0.12894,0.00016,0.00003,
5.227,5.09625,0.02446,3.09359,0.39383,0.12468,0.00016,0.00003,
5.228,5.09750,0.02593,2.58316,2.82125,0.13217,0.00016,0.00003,
5.229,5.09625,0.02467,2.45596,2.97128,0.12574,0.00016,0.00003,
5.230,5.09500,0.02405,3.18654,0.00815,0.12252,0.00016,0.00003,
5.231,5.09500,0.02572,3.18654,0.00815,0.13104,0.00016,0.00003,
5.232,5.09375,0.02593,2.83417,1.76443,0.13207,0.00016,0.00003,
5.233,5.09750,0.02467,3.05839,0.02120,0.12577,0.00016,0.00003,
5.234,5.09750,0.02572,3.07062,0.00978,0.13110,0.00016,0.00003,
5.235,5.09875,0.02572,2.84314,1.75464,0.13114,0.00016,0.00003,
5.236,5.09875,0.02530,1.95114,1.32740,0.12900,0.00016,0.00003,
5.237,5.10000,0.02488,3.09590,0.76399,0.12690,0.00016,0.00003,
5.238,5.09500,0.02551,2.90674,0.94092,0.12997,0.00016,0.00003,
5.239,5.10000,0.02509,1.56059,1.99273,0.12797,0.00016,0.00003,
5.240,5.09625,0.02405,2.11095,2.80808,0.12255,0.00016,0.00003,
5.241,5.09750,0.02593,1.86471,2.69638,0.13217,0.00016,0.00003,
5.242,5.09500,0.02530,1.86471,2.69638,0.12891,0.00016,0.00003,
5.243,5.09625,0.02488,3.05504,0.01712,0.12681,0.00016,0.00003,
5.244,5.09625,0.02488,1.65022,2.06767,0.12681,0.00016,0.00003,
5.245,5.09750,0.02384,2.08479,1.26702,0.12151,0.00016,0.00003,
5.246,5.09750,0.02321,2.03506,0.03587,0.11831,0.00016,0.00003,
5.247,5.09625,0.02384,3.07623,0.04974,0.12148,0.00016,0.00003,
5.248,5.09500,0.02426,2.37179,1.60131,0.12358,0.00016,0.00003,
5.249,5.09750,0.02321,1.12841,2.34570,0.11831,0.00016,0.00003,
5.250,5.09875,0.02426,0.67020,1.31676,0.12367,0.00016,0.00003,
5.251,5.09750,0.02384,3.09173,0.38484,0.12151,0.00016,0.00003,
5.252,5.09750,0.02467,2.45169,0.01549,0.12577,0.00016,0.00003,
5.253,5.09750,0.02530,2.45169,0.01549,0.12897,0.00016,0.00003,
5.254,5.09625,0.02530,1.34611,0.13534,0.12894,0.00016,0.00003,
5.255,5.09625,0.02530,1.45129,1.81411,0.12894,0.00016,0.00003,
5.256,5.09625,0.02384,0.44436,2.00082,0.12148,0.00016,0.00003,
5.257,5.09750,0.02593,3.09337,1.00693,0.13217,0.00016,0.00003,
5.258,5.09750,0.02467,1.38117,0.16959,0.12577,0.00016,0.00003,
5.259,5.09750,0.02467,1.56217,1.03710,0.12577,0.00016,0.00003,
5.260,5.09625,0.02530,1.67469,1.83042,0.12894,0.00016,0.00003,
5.261,5.09625,0.02509,0.88626,0.98329,0.12787,0.00016,0.00003,
5.262,5.09625,0.02509,3.13169,0.01305,0.12787,0.00016,0.00003,
5.263,5.09500,0.02405,3.05423,0.01468,0.12252,0.00016,0.00003,
5.264,5.09750,0.02551,3.05423,0.01468,0.13004,0.00016,0.00003,
5.265,5.09500,0.02530,1.62822,2.84959,0.12891,0.00016,0.00003,
5.266,5.09750,0.02467,0.59112,2.09133,0.12577,0.00016,0.00003,
5.267,5.09750,0.02488,3.09338,0.41500,0.12684,0.00016,0.00003,
5.268,5.09500,0.02426,1.33796,0.02283,0.12358,0.00016,0.00003,
5.269,5.09750,0.02509,0.54057,1.73748,0.12791,0.00016,0.00003,
5.270,5.09625,0.02530,1.43906,1.89321,0.12894,0.00016,0.00003,
5.271,5.09625,0.02446,1.66165,2.61233,0.12468,0.00016,0.00003,
5.272,5.09875,0.02446,3.08033,0.01468,0.12474,0.00016,0.00003,
5.273,5.09375,0.02426,3.05506,0.01957,0.12355,0.00016,0.00003,
5.274,5.09500,0.02572,1.77906,2.15248,0.13104,0.00016,0.00003,
5.275,5.09625,0.02467,1.77906,2.15248,0.12574,0.00016,0.00003,
5.276,5.09500,0.02467,1.52631,1.21730,0.12571,0.00016,0.00003,
5.277,5.09625,0.02572,1.39259,0.00000,0.13107,0.00016,0.00003,
5.278,5.09500,0.02530,1.14555,0.06604,0.12891,0.00016,0.00003,
5.279,5.09625,0.02530,0.58786,1.85815,0.12894,0.00016,0.00003,
5.280,5.09625,0.02551,3.00532,0.88953,0.13001,0.00016,0.00003,
5.281,5.09625,0.02551,0.73462,1.36406,0.13001,0.00016,0.00003,
5.282,5.09875,0.02572,3.07626,0.03669,0.13114,0.00016,0.00003,
5.283,5.09500,0.02446,3.05424,0.02120,0.12465,0.00016,0.00003,
5.284,5.10000,0.02467,2.53243,1.95191,0.12584,0.00016,0.00003,
5.285,5.09750,0.02530,1.87364,1.52060,0.12897,0.00016,0.00003,
5.286,5.09625,0.02509,1.87364,1.52060,0.12787,0.00016,0.00003,
5.287,5.09625,0.02405,1.09828,1.38773,0.12255,0.00016,0.00003,
5.288,5.09875,0.02614,2.50396,2.71350,0.13327,0.00016,0.00003,
5.289,5.09875,0.02405,2.24712,2.44280,0.12261,0.00016,0.00003,
5.290,5.09625,0.02405,1.60380,0.02201,0.12255,0.00016,0.00003,
5.291,5.09500,0.02572,2.85293,0.87488,0.13104,0.00016,0.00003,
5.292,5.09875,0.02572,0.44111,1.48558,0.13114,0.00016,0.00003,
5.293,5.09500,0.02405,3.05595,0.01712,0.12252,0.00016,0.00003,
5.294,5.09625,0.02551,0.85612,1.81416,0.13001,0.00016,0.00003,
5.295,5.09875,0.02530,2.31887,1.06159,0.12900,0.00016,0.00003,
5.296,5.09500,0.02593,2.14520,1.68942,0.13211,0.00016,0.00003,
5.297,5.09500,0.02488,2.14520,1.68942,0.12678,0.00016,0.00003,
5.298,5.09500,0.02551,1.55003,1.76692,0.12997,0.00016,0.00003,
5.299,5.09625,0.02551,0.87000,0.97193,0.13001,0.00016,0.00003,
5.300,5.09500,0.02572,1.39592,1.87291,0.13104,0.00016,0.00003,
5.301,5.09625,0.02467,3.09597,0.99476,0.12574,0.00016,0.00003,
5.302,5.09750,0.02488,3.09434,0.59441,0.12684,0.00016,0.00003,
5.303,5.09875,0.02572,3.05358,0.02854,0.13114,0.00016,0.00003,
5.304,5.09750,0.02488,1.94141,0.93523,0.12684,0.00016,0.00003,
5.305,5.09500,0.02530,1.82399,0.97682,0.12891,0.00016,0.00003,
5.306,5.09750,0.02676,3.09027,0.43296,0.13643,0.00016,0.00003,
5.307,5.09750,0.02488,3.09516,0.68818,0.12684,0.00016,0.00003,
5.308,5.09625,0.02488,3.09516,0.68818,0.12681,0.00016,0.00003,
5.309,5.09500,0.02488,2.15440,1.22316,0.12678,0.00016,0.00003,
5.310,5.09250,0.02572,3.00490,0.90188,0.13098,0.00016,0.00003,
5.311,5.09250,0.02342,0.43137,1.98478,0.11926,0.00016,0.00003,
5.312,5.09500,0.02363,3.08400,0.12395,0.12039,0.00016,0.00003,
5.313,5.09625,0.02509,3.06035,0.02365,0.12787,0.00016,0.00003,
5.314,5.09250,0.02384,2.03371,2.36804,0.12139,0.00016,0.00003,
5.315,5.09625,0.02488,2.31585,1.57299,0.12681,0.00016,0.00003,
5.316,5.09625,0.02446,3.08971,1.22316,0.12468,0.00016,0.00003,
5.317,5.09750,0.02446,3.05627,1.31612,0.12471,0.00016,0.00003,
5.318,5.09250,0.02363,1.17179,1.31775,0.12033,0.00016,0.00003,
5.319,5.09875,0.02405,1.17179,1.31775,0.12261,0.00016,0.00003,
5.320,5.09875,0.02446,1.78255,0.14596,0.12474,0.00016,0.00003,
5.321,5.09750,0.02300,2.04186,2.77576,0.11725,0.00016,0.00003,
5.322,5.09500,0.02426,0.47948,1.31204,0.12358,0.00016,0.00003,
5.323,5.09500,0.02405,3.05790,0.01794,0.12252,0.00016,0.00003,
5.324,5.09500,0.02405,2.44877,2.67464,0.12252,0.00016,0.00003,
5.325,5.09500,0.02446,2.48872,0.76162,0.12465,0.00016,0.00003,
5.326,5.09375,0.02446,0.62952,1.47432,0.12462,0.00016,0.00003,
5.327,5.09250,0.02467,0.69802,2.06225,0.12565,0.00016,0.00003,
5.328,5.09875,0.02446,0.39467,1.23865,0.12474,0.00016,0.00003,
5.329,5.09625,0.02300,1.66187,2.08019,0.11722,0.00016,0.00003,
5.330,5.09500,0.02363,1.66187,2.08019,0.12039,0.00016,0.00003,
5.331,5.09875,0.02509,2.54336,1.86410,0.12794,0.00016,0.00003,
5.332,5.09875,0.02405,0.78038,1.62518,0.12261,0.00016,0.00003,
5.333,5.09500,0.02488,3.05791,0.01957,0.12678,0.00016,0.00003,
5.334,5.09500,0.02530,3.02529,0.97527,0.12891,0.00016,0.00003,
5.335,5.09750,0.02530,1.98560,2.70645,0.12897,0.00016,0.00003,
5.336,5.09875,0.02321,2.33053,0.98913,0.11834,0.00016,0.00003,
5.337,5.10125,0.02488,0.40935,1.63659,0.12693,0.00016,0.00003,
5.338,5.09750,0.02488,1.28432,1.38951,0.12684,0.00016,0.00003,
5.339,5.09875,0.02321,2.37049,2.62735,0.11834,0.00016,0.00003,
5.340,5.09750,0.02426,1.03235,1.50449,0.12364,0.00016,0.00003,
5.341,5.09750,0.02572,1.03235,1.50449,0.13110,0.00016,0.00003,
5.342,5.09500,0.02614,3.07666,1.81028,0.13317,0.00016,0.00003,
5.343,5.09500,0.02509,3.05139,0.01794,0.12784,0.00016,0.00003,
5.344,5.09625,0.02509,1.17016,1.24436,0.12787,0.00016,0.00003,
5.345,5.09750,0.02572,3.06525,1.57054,0.13110,0.00016,0.00003,
5.346,5.09750,0.02593,1.58359,1.49960,0.13217,0.00016,0.00003,
5.347,5.09875,0.02467,3.09134,0.61892,0.12581,0.00016,0.00003,
5.348,5.09750,0.02488,1.76869,2.15440,0.12684,0.00016,0.00003,
5.349,5.09250,0.02593,0.63360,1.49960,0.13204,0.00016,0.00003,
5.350,5.09625,0.02405,2.19354,1.27780,0.12255,0.00016,0.00003,
5.351,5.09875,0.02467,1.12613,1.05029,0.12581,0.00016,0.00003,
5.352,5.09875,0.02488,1.12613,1.05029,0.12687,0.00016,0.00003,
5.353,5.09625,0.02488,3.05872,0.02202,0.12681,0.00016,0.00003,
5.354,5.09750,0.02446,1.86818,2.24817,0.12471,0.00016,0.00003,
5.355,5.09375,0.02446,2.57761,0.58549,0.12462,0.00016,0.00003,
5.356,5.09625,0.02384,0.36124,1.83148,0.12148,0.00016,0.00003,
5.357,5.09500,0.02426,3.09460,0.71270,0.12358,0.00016,0.00003,
5.358,5.09875,0.02446,1.91873,0.03914,0.12474,0.00016,0.00003,
5.359,5.09875,0.02405,1.95869,0.08073,0.12261,0.00016,0.00003,
5.360,5.09625,0.02426,0.45991,1.19788,0.12361,0.00016,0.00003,
5.361,5.09625,0.02509,0.91982,1.02746,0.12787,0.00016,0.00003,
5.362,5.09750,0.02509,1.42539,1.54934,0.12791,0.00016,0.00003,
5.363,5.09875,0.02363,1.42539,1.54934,0.12047,0.00016,0.00003,
5.364,5.09250,0.02467,1.42539,1.54934,0.12565,0.00016,0.00003,
5.365,5.09625,0.02321,2.42920,0.72330,0.11828,0.00016,0.00003,
5.366,5.09625,0.02384,2.31911,1.06007,0.12148,0.00016,0.00003,
5.367,5.09875,0.02530,3.09296,0.60179,0.12900,0.00016,0.00003,
5.368,5.09500,0.02446,0.75754,0.84153,0.12465,0.00016,0.00003,
5.369,5.09750,0.02342,0.74857,1.38869,0.11938,0.00016,0.00003,
5.370,5.09750,0.02488,1.48329,1.17342,0.12684,0.00016,0.00003,
5.371,5.09750,0.02488,1.49959,2.51808,0.12684,0.00016,0.00003,
5.372,5.09625,0.02426,2.72439,2.23757,0.12361,0.00016,0.00003,
5.373,5.09500,0.02426,3.05545,0.01957,0.12358,0.00016,0.00003,
5.374,5.10000,0.02467,1.72384,2.13727,0.12584,0.00016,0.00003,
5.375,5.09875,0.02572,1.72384,2.13727,0.13114,0.00016,0.00003,
5.376,5.09750,0.02509,1.65609,0.03588,0.12791,0.00016,0.00003,
5.377,5.09250,0.02530,2.18937,0.00489,0.12885,0.00016,0.00003,
5.378,5.09500,0.02572,1.77188,2.65089,0.13104,0.00016,0.00003,
5.379,5.09500,0.02426,0.66863,0.77056,0.12358,0.00016,0.00003,
5.380,5.09875,0.02426,0.94342,1.39598,0.12367,0.00016,0.00003,
5.381,5.09625,0.02363,3.09773,0.88879,0.12042,0.00016,0.00003,
5.382,5.09500,0.02614,0.58709,0.89613,0.13317,0.00016,0.00003,
5.383,5.09625,0.02446,3.05451,0.01549,0.12468,0.00016,0.00003,
5.384,5.09500,0.02467,1.43104,1.54438,0.12571,0.00016,0.00003,
5.385,5.09750,0.02572,0.93935,1.27040,0.13110,0.00016,0.00003,
5.386,5.09500,0.02342,0.93935,1.27040,0.11932,0.00016,0.00003,
5.387,5.09500,0.02384,2.10437,0.04321,0.12145,0.00016,0.00003,
5.388,5.09500,0.02467,3.06483,1.56218,0.12571,0.00016,0.00003,
5.389,5.09750,0.02467,2.17123,2.84714,0.12577,0.00016,0.00003,
5.390,5.09500,0.02363,2.33837,1.53119,0.12039,0.00016,0.00003,
5.391,5.09625,0.02446,2.58379,2.85285,0.12468,0.00016,0.00003,
5.392,5.09750,0.02467,1.56136,1.23849,0.12577,0.00016,0.00003,
5.393,5.09625,0.02488,3.05831,0.02120,0.12681,0.00016,0.00003,
5.394,5.09750,0.02384,2.81779,1.82634,0.12151,0.00016,0.00003,
5.395,5.09625,0.02446,2.22586,1.10478,0.12468,0.00016,0.00003,
5.396,5.09375,0.02405,1.66817,2.60336,0.12249,0.00016,0.00003,
5.397,5.09250,0.02405,1.66817,2.60336,0.12246,0.00016,0.00003,
5.398,5.09250,0.02405,1.44130,0.02201,0.12246,0.00016,0.00003,
5.399,5.09500,0.02572,1.10869,0.11168,0.13104,0.00016,0.00003,
5.400,5.10000,0.02572,1.41358,1.97037,0.13117,0.00016,0.00003,
5.401,5.09750,0.02446,1.71766,0.56739,0.12471,0.00016,0.00003,
5.402,5.09750,0.02572,2.02418,1.36059,0.13110,0.00016,0.00003,
5.403,5.09750,0.02509,3.05705,0.02120,0.12791,0.00016,0.00003,
5.404,5.09625,0.02446,3.02771,0.83070,0.12468,0.00016,0.00003,
5.405,5.09750,0.02572,2.22391,1.03125,0.13110,0.00016,0.00003,
5.406,5.09750,0.02446,2.39755,1.62798,0.12471,0.00016,0.00003,
5.407,5.09750,0.02446,2.17499,2.39918,0.12471,0.00016,0.00003,
5.408,5.09750,0.02446,2.17499,2.39918,0.12471,0.00016,0.00003,
5.409,5.09625,0.02405,0.63179,1.46820,0.12255,0.00016,0.00003,
5.410,5.09625,0.02384,2.47337,1.76494,0.12148,0.00016,0.00003,
5.411,5.09875,0.02384,1.96467,2.30217,0.12154,0.00016,0.00003,
5.412,5.09500,0.02426,3.02282,1.55136,0.12358,0.00016,0.00003,
5.413,5.09625,0.02405,3.05380,0.01793,0.12255,0.00016,0.00003,
5.414,5.09625,0.02446,0.50054,1.58233,0.12468,0.00016,0.00003,
5.415,5.09625,0.02384,1.42989,1.64266,0.12148,0.00016,0.00003,
5.416,5.09625,0.02321,2.69184,1.23831,0.11828,0.00016,0.00003,
5.417,5.09500,0.02321,0.40109,1.18369,0.11826,0.00016,0.00003,
5.418,5.09500,0.02467,0.73369,2.02092,0.12571,0.00016,0.00003,
5.419,5.09500,0.02384,0.73369,2.02092,0.12145,0.00016,0.00003,
5.420,5.09750,0.02342,1.22690,1.34022,0.11938,0.00016,0.00003,
5.421,5.09500,0.02467,1.33696,1.82364,0.12571,0.00016,0.00003,
5.422,5.09500,0.02405,1.45517,1.10055,0.12252,0.00016,0.00003,
5.423,5.09750,0.02321,3.05299,0.02120,0.11831,0.00016,0.00003,
5.424,5.09750,0.02467,0.52745,1.10381,0.12577,0.00016,0.00003,
5.425,5.09750,0.02488,0.49810,1.07527,0.12684,0.00016,0.00003,
5.426,5.09375,0.02488,1.99892,0.98886,0.12675,0.00016,0.00003,
5.427,5.09750,0.02446,0.93343,0.51440,0.12471,0.00016,0.00003,
5.428,5.09375,0.02509,1.01984,1.53017,0.12781,0.00016,0.00003,
5.429,5.09375,0.02467,3.06767,1.57663,0.12568,0.00016,0.00003,
5.430,5.09500,0.02446,3.06767,1.57663,0.12465,0.00016,0.00003,
5.431,5.09625,0.02572,2.59974,1.21957,0.13107,0.00016,0.00003,
5.432,5.09750,0.02551,0.45245,1.97446,0.13004,0.00016,0.00003,
5.433,5.09500,0.02426,3.04974,0.01630,0.12358,0.00016,0.00003,
5.434,5.09500,0.02530,3.09458,0.57962,0.12891,0.00016,0.00003,
5.435,5.09750,0.02530,1.35734,1.69973,0.12897,0.00016,0.00003,
5.436,5.09500,0.02572,1.79593,0.00978,0.13104,0.00016,0.00003,
5.437,5.09625,0.02467,1.97039,0.10598,0.12574,0.00016,0.00003,
5.438,5.09750,0.02530,0.96522,1.25055,0.12897,0.00016,0.00003,
5.439,5.09625,0.02446,1.34756,1.46251,0.12468,0.00016,0.00003,
5.440,5.09625,0.02446,1.49837,0.01793,0.12468,0.00016,0.00003,
5.441,5.09375,0.02467,1.49837,0.01793,0.12568,0.00016,0.00003,
5.442,5.09625,0.02551,2.81593,1.66070,0.13001,0.00016,0.00003,
5.443,5.09625,0.02405,3.04991,0.01875,0.12255,0.00016,0.00003,
5.444,5.10000,0.02405,0.45736,1.42346,0.12264,0.00016,0.00003,
5.445,5.09500,0.02405,2.20285,1.90528,0.12252,0.00016,0.00003,
5.446,5.09500,0.02446,2.07322,2.88278,0.12465,0.00016,0.00003,
5.447,5.09500,0.02384,3.10454,1.27019,0.12145,0.00016,0.00003,
5.448,5.09625,0.02384,2.71076,0.85685,0.12148,0.00016,0.00003,
5.449,5.09375,0.02572,1.74386,2.63820,0.13101,0.00016,0.00003,
5.450,5.09625,0.02446,1.46993,0.16061,0.12468,0.00016,0.00003,
5.451,5.09750,0.02363,2.53222,1.85066,0.12045,0.00016,0.00003,
5.452,5.09750,0.02488,2.53222,1.85066,0.12684,0.00016,0.00003,
5.453,5.09875,0.02488,3.05649,0.02120,0.12687,0.00016,0.00003,
5.454,5.09875,0.02363,1.90450,0.00082,0.12047,0.00016,0.00003,
5.455,5.09500,0.02446,2.83881,2.37247,0.12465,0.00016,0.00003,
5.456,5.09875,0.02363,0.93594,1.40229,0.12047,0.00016,0.00003,
5.457,5.09625,0.02488,1.84988,0.02609,0.12681,0.00016,0.00003,
5.458,5.09500,0.02426,0.87235,1.75775,0.12358,0.00016,0.00003,
5.459,5.09500,0.02342,1.79281,0.03098,0.11932,0.00016,0.00003,
5.460,5.09625,0.02446,2.43036,0.82751,0.12468,0.00016,0.00003,
5.461,5.09625,0.02321,2.39938,1.62730,0.11828,0.00016,0.00003,
5.462,5.09875,0.02321,2.45237,1.71046,0.11834,0.00016,0.00003,
5.463,5.09750,0.02426,2.45237,1.71046,0.12364,0.00016,0.00003,
5.464,5.09625,0.02446,1.76626,0.92146,0.12468,0.00016,0.00003,
5.465,5.09625,0.02384,2.75459,0.64910,0.12148,0.00016,0.00003,
5.466,5.09500,0.02384,1.28026,0.02283,0.12145,0.00016,0.00003,
5.467,5.09500,0.02467,0.43219,1.34631,0.12571,0.00016,0.00003,
5.468,5.09500,0.02363,2.54991,1.94811,0.12039,0.00016,0.00003,
5.469,5.09875,0.02467,2.43738,2.66489,0.12581,0.00016,0.00003,
5.470,5.09875,0.02467,1.63008,0.45502,0.12581,0.00016,0.00003,
5.471,5.10000,0.02467,1.33407,0.16309,0.12584,0.00016,0.00003,
5.472,5.09625,0.02530,1.81030,0.16717,0.12894,0.00016,0.00003,
5.473,5.09875,0.02446,3.05060,0.01794,0.12474,0.00016,0.00003,
5.474,5.09750,0.02593,3.05060,0.01794,0.13217,0.00016,0.00003,
5.475,5.09750,0.02467,1.92793,0.00979,0.12577,0.00016,0.00003,
5.476,5.09500,0.02488,1.83332,2.01437,0.12678,0.00016,0.00003,
5.477,5.09750,0.02551,1.37499,0.05709,0.13004,0.00016,0.00003,
5.478,5.09625,0.02551,1.89938,0.02936,0.13001,0.00016,0.00003,
5.479,5.09625,0.02467,1.20944,1.24532,0.12574,0.00016,0.00003,
5.480,5.10000,0.02467,2.25903,0.21530,0.12584,0.00016,0.00003,
5.481,5.09750,0.02488,1.49651,0.02202,0.12684,0.00016,0.00003,
5.482,5.09750,0.02593,2.43763,1.90998,0.13217,0.00016,0.00003,
5.483,5.09750,0.02446,3.05092,0.02039,0.12471,0.00016,0.00003,
5.484,5.09500,0.02488,0.75355,0.84408,0.12678,0.00016,0.00003,
5.485,5.09625,0.02551,0.75355,0.84408,0.13001,0.00016,0.00003,
5.486,5.10000,0.02426,1.35542,1.46307,0.12370,0.00016,0.00003,
5.487,5.09625,0.02572,1.84882,2.24598,0.13107,0.00017,0.00003,
5.488,5.09625,0.02635,2.03068,1.01779,0.13427,0.00017,0.00003,
5.489,5.09625,0.02635,0.71767,0.80412,0.13427,0.00017,0.00003,
5.490,5.09625,0.02426,1.11973,0.07992,0.12361,0.00017,0.00003,
5.491,5.09500,0.02530,1.92140,0.92645,0.12891,0.00017,0.00003,
5.492,5.09625,0.02614,2.01437,0.03588,0.13320,0.00017,0.00003,
5.493,5.09875,0.02384,3.05255,0.01631,0.12154,0.00017,0.00003,
5.494,5.09750,0.02614,2.15709,0.11417,0.13324,0.00017,0.00003,
5.495,5.09625,0.02551,1.73464,0.00000,0.13001,0.00017,0.00003,
5.496,5.09500,0.02405,1.73464,0.00000,0.12252,0.00017,0.00003,
5.497,5.09500,0.02509,2.61704,2.15056,0.12784,0.00017,0.00003,
5.498,5.09625,0.02509,1.71425,2.12935,0.12787,0.00017,0.00003,
5.499,5.09750,0.02530,0.99739,1.17518,0.12897,0.00017,0.00003,
5.500,5.09500,0.02509,2.09592,0.09949,0.12784,0.00017,0.00003,
5.501,5.09500,0.02509,0.70299,1.51526,0.12784,0.00017,0.00003,
5.502,5.09500,0.02363,1.48916,0.14353,0.12039,0.00017,0.00003,
5.503,5.09500,0.02530,3.05253,0.01305,0.12891,0.00017,0.00003,
5.504,5.09500,0.02467,1.47774,1.60252,0.12571,0.00017,0.00003,
5.505,5.09625,0.02572,2.54772,2.01436,0.13107,0.00017,0.00003,
5.506,5.09625,0.02614,1.25592,1.38314,0.13320,0.00017,0.00003,
5.507,5.09750,0.02614,1.25592,1.38314,0.13324,0.00017,0.00003,
5.508,5.09875,0.02446,2.02415,0.60757,0.12474,0.00017,0.00003,
5.509,5.09500,0.02635,1.58132,0.16148,0.13424,0.00017,0.00003,
5.510,5.09500,0.02530,1.68163,1.90182,0.12891,0.00017,0.00003,
5.511,5.09500,0.02467,1.97685,0.95580,0.12571,0.00017,0.00003,
5.512,5.09750,0.02530,2.06574,0.11744,0.12897,0.00017,0.00003,
5.513,5.09625,0.02551,3.05172,0.02202,0.13001,0.00017,0.00003,
5.514,5.09625,0.02426,0.47138,1.50058,0.12361,0.00017,0.00003,
5.515,5.09625,0.02530,1.99806,1.28365,0.12894,0.00017,0.00003,
5.516,5.09625,0.02530,2.24761,0.21856,0.12894,0.00017,0.00003,
5.517,5.09875,0.02614,0.63530,1.49324,0.13327,0.00017,0.00003,
5.518,5.09875,0.02467,0.63530,1.49324,0.12581,0.00017,0.00003,
5.519,5.09875,0.02551,2.31121,1.04714,0.13007,0.00017,0.00003,
5.520,5.09750,0.02530,1.68244,1.74034,0.12897,0.00017,0.00003,
5.521,5.09250,0.02467,2.09183,0.09052,0.12565,0.00017,0.00003,
5.522,5.09875,0.02572,2.15382,0.18349,0.13114,0.00017,0.00003,
5.523,5.09875,0.02530,3.05334,0.02283,0.12900,0.00017,0.00003,
5.524,5.09875,0.02509,0.48116,1.52259,0.12794,0.00017,0.00003,
5.525,5.09375,0.02509,1.96380,0.48769,0.12781,0.00017,0.00003,
5.526,5.09875,0.02488,1.96380,0.48769,0.12687,0.00017,0.00003,
5.527,5.09625,0.02572,2.96527,1.91160,0.13107,0.00017,0.00003,
5.528,5.09500,0.02342,2.76628,0.64590,0.11932,0.00017,0.00003,
5.529,5.09500,0.02572,0.75437,1.38559,0.13104,0.00017,0.00003,
5.530,5.09625,0.02446,0.75437,1.38559,0.12468,0.00017,0.00003,
5.531,5.09875,0.02446,1.62616,0.46322,0.12474,0.00017,0.00003,
5.532,5.09500,0.02488,2.85270,1.71505,0.12678,0.00017,0.00003,
5.533,5.09500,0.02572,3.05740,0.01468,0.13104,0.00017,0.00003,
5.534,5.09500,0.02572,1.80476,2.17827,0.13104,0.00017,0.00003,
5.535,5.09500,0.02342,1.87489,0.52764,0.11932,0.00017,0.00003,
5.536,5.09875,0.02446,2.41966,0.82286,0.12474,0.00017,0.00003,
5.537,5.09875,0.02405,1.75664,0.03262,0.12261,0.00017,0.00003,
5.538,5.09875,0.02446,1.34643,1.84716,0.12474,0.00017,0.00003,
5.539,5.09500,0.02363,0.73968,1.08220,0.12039,0.00017,0.00003,
5.540,5.09750,0.02467,2.11710,1.22247,0.12577,0.00017,0.00003,
5.541,5.09500,0.02446,2.11710,1.22247,0.12465,0.00017,0.00003,
5.542,5.09500,0.02405,1.10581,1.26401,0.12252,0.00017,0.00003,
5.543,5.09750,0.02342,3.05483,0.01386,0.11938,0.00017,0.00003,
5.544,5.09500,0.02342,1.00958,1.53720,0.11932,0.00017,0.00003,
5.545,5.09500,0.02551,2.91457,2.60713,0.12997,0.00017,0.00003,
5.546,5.10000,0.02488,1.89031,2.24016,0.12690,0.00017,0.00003,
5.547,5.09750,0.02405,2.57777,1.93761,0.12258,0.00017,0.00003,
5.548,5.09625,0.02530,0.52355,1.65626,0.12894,0.00017,0.00003,
5.549,5.10000,0.02530,2.26380,1.39938,0.12904,0.00017,0.00003,
5.550,5.09625,0.02405,2.62833,1.16452,0.12255,0.00017,0.00003,
5.551,5.09500,0.02530,2.05422,0.13374,0.12891,0.00017,0.00003,
5.552,5.09500,0.02530,2.05422,0.13374,0.12891,0.00017,0.00003,
5.553,5.10000,0.02509,3.05936,0.01957,0.12797,0.00017,0.00003,
5.554,5.09500,0.02488,1.78000,1.92270,0.12678,0.00017,0.00003,
5.555,5.09750,0.02509,1.83464,2.77560,0.12791,0.00017,0.00003,
5.556,5.09625,0.02530,1.44406,1.15704,0.12894,0.00017,0.00003,
5.557,5.09875,0.02426,0.98826,1.10241,0.12367,0.00017,0.00003,
5.558,5.09625,0.02551,1.95531,0.08317,0.13001,0.00017,0.00003,
5.559,5.09625,0.02551,1.92433,0.13128,0.13001,0.00017,0.00003,
5.560,5.09500,0.02488,1.31441,1.11790,0.12678,0.00017,0.00003,
5.561,5.09500,0.02551,1.99038,1.38780,0.12997,0.00017,0.00003,
5.562,5.09500,0.02551,1.53620,0.14596,0.12997,0.00017,0.00003,
5.563,5.09625,0.02572,1.53620,0.14596,0.13107,0.00017,0.00003,
5.564,5.09750,0.02426,2.11498,1.17164,0.12364,0.00017,0.00003,
5.565,5.09250,0.02551,2.42726,0.82594,0.12991,0.00017,0.00003,
5.566,5.09625,0.02572,0.70771,1.18876,0.13107,0.00017,0.00003,
5.567,5.09375,0.02446,1.76194,0.17204,0.12462,0.00017,0.00003,
5.568,5.09750,0.02488,1.94947,0.65553,0.12684,0.00017,0.00003,
5.569,5.09500,0.02509,1.22137,1.26051,0.12784,0.00017,0.00003,
5.570,5.09500,0.02384,2.31229,2.58135,0.12145,0.00017,0.00003,
5.571,5.09625,0.02384,2.13129,0.72157,0.12148,0.00017,0.00003,
5.572,5.09750,0.02426,2.68735,0.88382,0.12364,0.00017,0.00003,
5.573,5.09875,0.02426,3.05099,0.01957,0.12367,0.00017,0.00003,
5.574,5.09750,0.02405,3.05099,0.01957,0.12258,0.00017,0.00003,
5.575,5.09875,0.02446,1.97638,2.97191,0.12474,0.00017,0.00003,
5.576,5.09500,0.02467,1.61682,0.02935,0.12571,0.00017,0.00003,
5.577,5.09625,0.02405,1.84756,1.48147,0.12255,0.00017,0.00003,
5.578,5.09500,0.02426,1.88588,0.03424,0.12358,0.00017,0.00003,
5.579,5.09500,0.02509,2.11662,0.27640,0.12784,0.00017,0.00003,
5.580,5.09500,0.02509,2.73791,0.64656,0.12784,0.00017,0.00003,
5.581,5.09875,0.02426,2.28050,0.27395,0.12367,0.00017,0.00003,
5.582,5.09750,0.02467,0.44844,1.44886,0.12577,0.00017,0.00003,
5.583,5.09500,0.02446,3.05426,0.01468,0.12465,0.00017,0.00003,
5.584,5.09875,0.02426,1.49044,1.14555,0.12367,0.00017,0.00003,
5.585,5.09500,0.02405,1.49044,1.14555,0.12252,0.00017,0.00003,
5.586,5.09875,0.02405,1.51980,1.84267,0.12261,0.00017,0.00003,
5.587,5.10000,0.02384,1.85327,1.46680,0.12157,0.00017,0.00003,
5.588,5.10000,0.02342,1.63639,1.69591,0.11944,0.00017,0.00003,
5.589,5.09625,0.02342,1.47821,1.57605,0.11935,0.00017,0.00003,
5.590,5.09625,0.02446,2.02857,0.63352,0.12468,0.00017,0.00003,
5.591,5.09875,0.02363,2.87245,1.93317,0.12047,0.00017,0.00003,
5.592,5.09500,0.02342,1.84756,0.90177,0.11932,0.00017,0.00003,
5.593,5.09625,0.02446,3.05019,0.01875,0.12468,0.00017,0.00003,
5.594,5.09500,0.02509,1.80109,0.04240,0.12784,0.00017,0.00003,
5.595,5.09500,0.02342,1.47006,1.90871,0.11932,0.00017,0.00003,
5.596,5.09625,0.02405,1.47006,1.90871,0.12255,0.00017,0.00003,
5.597,5.09625,0.02426,1.91934,1.46274,0.12361,0.00017,0.00003,
5.598,5.09750,0.02426,0.75420,1.42686,0.12364,0.00017,0.00003,
5.599,5.09625,0.02342,2.74936,0.63842,0.11935,0.00017,0.00003,
5.600,5.09875,0.02530,1.91118,0.03588,0.12900,0.00017,0.00003,
5.601,5.09750,0.02467,2.87819,1.93157,0.12577,0.00017,0.00003,
5.602,5.09750,0.02551,1.28499,1.19612,0.13004,0.00017,0.00003,
5.603,5.09875,0.02405,3.05023,0.01060,0.12261,0.00017,0.00003,
5.604,5.09625,0.02467,2.11421,0.10844,0.12574,0.00017,0.00003,
5.605,5.09500,0.02572,2.05795,1.97152,0.13104,0.00017,0.00003,
5.606,5.09500,0.02467,1.33718,1.56140,0.12571,0.00017,0.00003,
5.607,5.09750,0.02467,1.33718,1.56140,0.12577,0.00017,0.00003,
5.608,5.09750,0.02530,1.56384,1.78888,0.12897,0.00017,0.00003,
5.609,5.09500,0.02572,2.11502,0.03506,0.13104,0.00017,0.00003,
5.610,5.09875,0.02467,1.24015,0.20058,0.12581,0.00017,0.00003,
5.611,5.09875,0.02426,2.60097,0.67185,0.12367,0.00017,0.00003,
5.612,5.09875,0.02530,2.24629,0.18753,0.12900,0.00017,0.00003,
5.613,5.09875,0.02426,3.05267,0.02772,0.12367,0.00017,0.00003,
5.614,5.09500,0.02405,1.72202,1.35185,0.12252,0.00017,0.00003,
5.615,5.09500,0.02488,2.73713,2.08159,0.12678,0.00017,0.00003,
5.616,5.09625,0.02488,1.45214,0.13616,0.12681,0.00017,0.00003,
5.617,5.09875,0.02384,2.70207,0.58461,0.12154,0.00017,0.00003,
5.618,5.09500,0.02446,2.70207,0.58461,0.12465,0.00017,0.00003,
5.619,5.09750,0.02467,1.31190,1.73180,0.12577,0.00017,0.00003,
5.620,5.09875,0.02384,1.65761,1.71224,0.12154,0.00017,0.00003,
5.621,5.09625,0.02426,2.06610,0.67593,0.12361,0.00017,0.00003,
5.622,5.09625,0.02467,1.41300,1.65353,0.12574,0.00017,0.00003,
5.623,5.09625,0.02342,3.05104,0.01549,0.11935,0.00017,0.00003,
5.624,5.09625,0.02446,0.92705,0.52019,0.12468,0.00017,0.00003,
5.625,5.09500,0.02446,1.87857,2.29113,0.12465,0.00017,0.00003,
5.626,5.09750,0.02446,1.19775,0.02365,0.12471,0.00017,0.00003,
5.627,5.09375,0.02384,1.66168,0.44518,0.12142,0.00017,0.00003,
5.628,5.09625,0.02342,2.33598,0.22504,0.11935,0.00017,0.00003,
5.629,5.09625,0.02405,2.33598,0.22504,0.12255,0.00017,0.00003,
5.630,5.09625,0.02342,0.85449,1.09746,0.11935,0.00017,0.00003,
5.631,5.09750,0.02384,1.74648,0.92705,0.12151,0.00017,0.00003,
5.632,5.09625,0.02467,1.68778,1.76850,0.12574,0.00017,0.00003,
5.633,5.09625,0.02426,3.05267,0.01549,0.12361,0.00017,0.00003,
5.634,5.09625,0.02426,2.11502,0.11660,0.12361,0.00017,0.00003,
5.635,5.09625,0.02426,2.44279,0.80312,0.12361,0.00017,0.00003,
5.636,5.09500,0.02614,2.30173,1.73099,0.13317,0.00017,0.00003,
5.637,5.09750,0.02509,1.96010,0.67919,0.12791,0.00017,0.00003,
5.638,5.09500,0.02426,1.50921,1.59238,0.12358,0.00017,0.00003,
5.639,5.09750,0.02572,1.68614,0.98984,0.13110,0.00017,0.00003,
5.640,5.09750,0.02551,1.68614,0.98984,0.13004,0.00017,0.00003,
5.641,5.09625,0.02446,1.72855,1.61930,0.12468,0.00017,0.00003,
5.642,5.09625,0.02551,1.66414,0.97109,0.13001,0.00017,0.00003,
5.643,5.09500,0.02551,3.05188,0.01549,0.12997,0.00017,0.00003,
5.644,5.09500,0.02509,0.95886,0.43377,0.12784,0.00017,0.00003,
5.645,5.09625,0.02446,1.92424,2.22266,0.12468,0.00017,0.00003,
5.646,5.09750,0.02551,3.07715,0.07420,0.13004,0.00017,0.00003,
5.647,5.09750,0.02530,2.97523,1.81172,0.12897,0.00017,0.00003,
5.648,5.09625,0.02426,1.43258,0.13943,0.12361,0.00017,0.00003,
5.649,5.09625,0.02572,2.77710,1.52961,0.13107,0.00017,0.00003,
5.650,5.09875,0.02593,2.24875,0.25113,0.13220,0.00017,0.00003,
5.651,5.09875,0.02509,2.24875,0.25113,0.12794,0.00017,0.00003,
5.652,5.09750,0.02509,2.23815,1.10481,0.12791,0.00017,0.00003,
5.653,5.09750,0.02530,3.05514,0.02528,0.12897,0.00017,0.00003,
5.654,5.09625,0.02551,2.46727,2.97279,0.13001,0.00017,0.00003,
5.655,5.09500,0.02446,1.77421,0.56504,0.12465,0.00017,0.00003,
5.656,5.10000,0.02572,2.57571,0.78926,0.13117,0.00017,0.00003,
5.657,5.09625,0.02572,1.62827,1.70654,0.13107,0.00017,0.00003,
5.658,5.09625,0.02488,2.32050,0.25031,0.12681,0.00017,0.00003,
5.659,5.09750,0.02530,1.66985,0.08154,0.12897,0.00017,0.00003,
5.660,5.09750,0.02530,1.60625,0.14595,0.12897,0.00017,0.00003,
5.661,5.09750,0.02530,1.96664,1.41220,0.12897,0.00017,0.00003,
5.662,5.09750,0.02446,1.96664,1.41220,0.12471,0.00017,0.00003,
5.663,5.09750,0.02530,3.05446,0.01631,0.12897,0.00017,0.00003,
5.664,5.09250,0.02593,1.95042,0.03098,0.13204,0.00017,0.00003,
5.665,5.09625,0.02446,2.02217,0.47700,0.12468,0.00017,0.00003,
5.666,5.09500,0.02509,2.15753,1.22309,0.12784,0.00017,0.00003,
5.667,5.09625,0.02384,1.93819,1.45792,0.12148,0.00017,0.00003,
5.668,5.09750,0.02384,1.31278,0.16471,0.12151,0.00017,0.00003,
5.669,5.09750,0.02426,3.00146,1.73597,0.12364,0.00017,0.00003,
5.670,5.09500,0.02426,3.08626,1.27772,0.12358,0.00017,0.00003,
5.671,5.10000,0.02509,2.66063,0.61725,0.12797,0.00017,0.00003,
5.672,5.09875,0.02530,1.63975,0.40362,0.12900,0.00017,0.00003,
5.673,5.09625,0.02342,1.63975,0.40362,0.11935,0.00017,0.00003,
5.674,5.09625,0.02488,1.97494,1.41312,0.12681,0.00017,0.00003,
5.675,5.10000,0.02488,2.05159,0.47213,0.12690,0.00017,0.00003,
5.676,5.09500,0.02321,1.97005,0.32698,0.11826,0.00017,0.00003,
5.677,5.09875,0.02426,2.78302,1.55011,0.12367,0.00017,0.00003,
5.678,5.09875,0.02426,2.83195,1.74581,0.12367,0.00017,0.00003,
5.679,5.09750,0.02426,2.34107,0.23566,0.12364,0.00017,0.00003,
5.680,5.09500,0.02342,2.04589,0.31394,0.11932,0.00017,0.00003,
5.681,5.09375,0.02405,2.95100,1.96271,0.12249,0.00017,0.00003,
5.682,5.09500,0.02426,1.74418,0.09051,0.12358,0.00017,0.00003,
5.683,5.09125,0.02509,3.04967,0.02202,0.12775,0.00017,0.00003,
5.684,5.09500,0.02426,3.04967,0.02202,0.12358,0.00017,0.00003,
5.685,5.09625,0.02467,1.69859,3.03023,0.12574,0.00017,0.00003,
5.686,5.09750,0.02384,2.77580,0.63035,0.12151,0.00017,0.00003,
5.687,5.09750,0.02363,2.77580,0.63035,0.12045,0.00017,0.00003,
5.688,5.09750,0.02363,3.00250,0.95734,0.12045,0.00017,0.00003,
5.689,5.09375,0.02342,2.66083,1.92855,0.11929,0.00017,0.00003,
5.690,5.09625,0.02363,1.08782,0.11661,0.12042,0.00017,0.00003,
5.691,5.09750,0.02363,2.24902,1.07558,0.12045,0.00017,0.00003,
5.692,5.09875,0.02426,1.49065,0.06687,0.12367,0.00017,0.00003,
5.693,5.09625,0.02405,3.05306,0.01305,0.12255,0.00017,0.00003,
5.694,5.09750,0.02446,2.09327,2.00683,0.12471,0.00017,0.00003,
5.695,5.09625,0.02509,2.14546,2.92911,0.12787,0.00017,0.00003,
5.696,5.09875,0.02551,2.14546,2.92911,0.13007,0.00017,0.00003,
5.697,5.09875,0.02405,1.70918,1.68879,0.12261,0.00017,0.00003,
5.698,5.09750,0.02405,1.80377,0.02773,0.12258,0.00017,0.00003,
5.699,5.09625,0.02551,2.33544,0.24463,0.13001,0.00017,0.00003,
5.700,5.09750,0.02467,1.85678,1.53631,0.12577,0.00017,0.00003,
5.701,5.09500,0.02467,2.69016,1.99785,0.12571,0.00017,0.00003,
5.702,5.09625,0.02467,1.91141,1.37403,0.12574,0.00017,0.00003,
5.703,5.09500,0.02551,3.05712,0.02283,0.12997,0.00017,0.00003,
5.704,5.09500,0.02467,1.71163,0.41343,0.12571,0.00017,0.00003,
5.705,5.09625,0.02572,2.10223,0.45257,0.13107,0.00017,0.00003,
5.706,5.09625,0.02572,2.81737,1.66352,0.13107,0.00017,0.00003,
5.707,5.09500,0.02572,2.81737,1.66352,0.13104,0.00017,0.00003,
5.708,5.09625,0.02426,2.81486,1.68875,0.12361,0.00017,0.00003,
5.709,5.09500,0.02509,1.93257,2.28483,0.12784,0.00017,0.00003,
5.710,5.09500,0.02509,1.23864,0.06034,0.12784,0.00017,0.00003,
5.711,5.09875,0.02426,1.85999,0.16064,0.12367,0.00017,0.00003,
5.712,5.09500,0.02614,1.62352,0.13944,0.13317,0.00017,0.00003,
5.713,5.09625,0.02467,3.05134,0.01305,0.12574,0.00017,0.00003,
5.714,5.09750,0.02509,0.72492,1.50854,0.12791,0.00017,0.00003,
5.715,5.09750,0.02551,3.03911,0.90431,0.13004,0.00017,0.00003,
5.716,5.09750,0.02551,2.06222,0.10682,0.13004,0.00017,0.00003,
5.717,5.09750,0.02656,1.82493,0.14759,0.13537,0.00017,0.00003,
5.718,5.09625,0.02467,1.82493,0.14759,0.12574,0.00017,0.00003,
5.719,5.09625,0.02363,1.57291,1.30138,0.12042,0.00017,0.00003,
5.720,5.09500,0.02488,1.26306,0.06849,0.12678,0.00017,0.00003,
5.721,5.09875,0.02405,3.00638,1.70174,0.12261,0.00017,0.00003,
5.722,5.09625,0.02321,2.02138,2.04747,0.11828,0.00017,0.00003,
5.723,5.09500,0.02446,3.05123,0.02283,0.12465,0.00017,0.00003,
5.724,5.09500,0.02426,2.15755,1.02985,0.12358,0.00017,0.00003,
5.725,5.09750,0.02426,2.72018,2.05970,0.12364,0.00017,0.00003,
5.726,5.09750,0.02405,2.63374,0.87329,0.12258,0.00017,0.00003,
5.727,5.09875,0.02530,1.08693,1.32747,0.12900,0.00017,0.00003,
5.728,5.09750,0.02426,2.07275,1.22392,0.12364,0.00017,0.00003,
5.729,5.09625,0.02363,2.07275,1.22392,0.12042,0.00017,0.00003,
5.730,5.09625,0.02488,2.67852,1.96180,0.12681,0.00017,0.00003,
5.731,5.09625,0.02467,2.00665,0.03588,0.12574,0.00017,0.00003,
5.732,5.09750,0.02509,2.07596,0.02609,0.12791,0.00017,0.00003,
5.733,5.09750,0.02530,3.05115,0.01305,0.12897,0.00017,0.00003,
5.734,5.09500,0.02530,1.69844,1.42773,0.12891,0.00017,0.00003,
5.735,5.09625,0.02614,2.39232,1.61282,0.13320,0.00017,0.00003,
5.736,5.10000,0.02509,1.36087,0.00326,0.12797,0.00017,0.00003,
5.737,5.09750,0.02593,1.70659,0.36040,0.13217,0.00017,0.00003,
5.738,5.09750,0.02593,1.26465,1.62913,0.13217,0.00017,0.00003,
5.739,5.09625,0.02488,2.35319,1.66093,0.12681,0.00017,0.00003,
5.740,5.09625,0.02530,2.35319,1.66093,0.12894,0.00017,0.00003,
5.741,5.09500,0.02551,0.48677,1.05997,0.12997,0.00017,0.00003,
5.742,5.09500,0.02446,1.12683,1.23119,0.12465,0.00017,0.00003,
5.743,5.09625,0.02446,3.05026,0.02446,0.12468,0.00017,0.00003,
5.744,5.09750,0.02551,1.75710,1.63398,0.13004,0.00017,0.00003,
5.745,5.09750,0.02593,2.89290,2.59774,0.13217,0.00017,0.00003,
5.746,5.09750,0.02426,3.07146,0.01060,0.12364,0.00017,0.00003,
5.747,5.09750,0.02488,1.23364,0.05218,0.12684,0.00017,0.00003,
5.748,5.09750,0.02509,1.74813,1.53451,0.12791,0.00017,0.00003,
5.749,5.09625,0.02446,1.10074,1.46031,0.12468,0.00017,0.00003,
5.750,5.09500,0.02572,2.18027,0.42399,0.13104,0.00017,0.00003,
5.751,5.09500,0.02530,2.18027,0.42399,0.12891,0.00017,0.00003,
5.752,5.09500,0.02530,1.97236,2.01557,0.12891,0.00017,0.00003,
5.753,5.09625,0.02384,3.05516,0.02201,0.12148,0.00017,0.00003,
5.754,5.09750,0.02551,2.44935,0.79253,0.13004,0.00017,0.00003,
5.755,5.09625,0.02467,1.99356,0.00652,0.12574,0.00017,0.00003,
5.756,5.09375,0.02384,2.23246,1.85658,0.12142,0.00017,0.00003,
5.757,5.09625,0.02488,1.32333,0.05871,0.12681,0.00017,0.00003,
5.758,5.09500,0.02446,1.79950,1.59811,0.12465,0.00017,0.00003,
5.759,5.09500,0.02342,1.08688,1.43667,0.11932,0.00017,0.00003,
5.760,5.09500,0.02342,2.52844,0.86265,0.11932,0.00017,0.00003,
5.761,5.09625,0.02342,1.82478,1.56468,0.11935,0.00017,0.00003,
5.762,5.09875,0.02488,1.82478,1.56468,0.12687,0.00017,0.00003,
5.763,5.09500,0.02426,3.05434,0.01875,0.12358,0.00017,0.00003,
5.764,5.09625,0.02426,1.99111,0.08806,0.12361,0.00017,0.00003,
5.765,5.09750,0.02384,1.91528,2.98666,0.12151,0.00017,0.00003,
5.766,5.09750,0.02551,1.75139,1.58751,0.13004,0.00017,0.00003,
5.767,5.09625,0.02509,2.45994,1.73509,0.12787,0.00017,0.00003,
5.768,5.09625,0.02467,1.76362,1.58261,0.12574,0.00017,0.00003,
5.769,5.09625,0.02551,1.52717,1.90631,0.13001,0.00017,0.00003,
5.770,5.09500,0.02551,2.52925,0.85124,0.12997,0.00017,0.00003,
5.771,5.09500,0.02509,2.64584,0.74932,0.12784,0.00017,0.00003,
5.772,5.09750,0.02509,2.32378,0.24379,0.12791,0.00017,0.00003,
5.773,5.09625,0.02530,2.32378,0.24379,0.12894,0.00018,0.00003,
5.774,5.09625,0.02488,2.20473,1.35105,0.12681,0.00018,0.00003,
5.775,5.09500,0.02446,2.53414,1.72204,0.12465,0.00018,0.00003,
5.776,5.09625,0.02530,1.32414,2.09058,0.12894,0.00018,0.00003,
5.777,5.09500,0.02551,0.70121,1.49863,0.12997,0.00018,0.00003,
5.778,5.09500,0.02446,1.34208,2.08488,0.12465,0.00018,0.00003,
5.779,5.09500,0.02446,1.49374,1.86554,0.12465,0.00018,0.00003,
5.780,5.09750,0.02593,2.31073,1.04121,0.13217,0.00018,0.00003,
5.781,5.09625,0.02530,1.99763,1.34290,0.12894,0.00018,0.00003,
5.782,5.09750,0.02405,1.44726,0.06686,0.12258,0.00018,0.00003,
5.783,5.09875,0.02530,3.05189,0.02038,0.12900,0.00018,0.00003,
5.784,5.09625,0.02551,3.05189,0.02038,0.13001,0.00018,0.00003,
5.785,5.09750,0.02426,2.76977,2.07264,0.12364,0.00018,0.00003,
5.786,5.09750,0.02509,2.75509,1.45378,0.12791,0.00018,0.00003,
5.787,5.09750,0.02509,1.94463,0.13046,0.12791,0.00018,0.00003,
5.788,5.09875,0.02509,1.38692,2.00985,0.12794,0.00018,0.00003,
5.789,5.09500,0.02446,2.71840,0.68490,0.12465,0.00018,0.00003,
5.790,5.09625,0.02593,1.77585,1.56875,0.13214,0.00018,0.00003,
5.791,5.09625,0.02530,2.18434,1.90467,0.12894,0.00018,0.00003,
5.792,5.09500,0.02446,1.67393,0.15655,0.12465,0.00018,0.00003,
5.793,5.09625,0.02572,3.05514,0.02120,0.13107,0.00018,0.00003,
5.794,5.09750,0.02572,1.69023,1.59728,0.13110,0.00018,0.00003,
5.795,5.09500,0.02405,1.69023,1.59728,0.12252,0.00018,0.00003,
5.796,5.09500,0.02572,1.83292,1.50433,0.13104,0.00018,0.00003,
5.797,5.09750,0.02572,0.95967,0.47127,0.13110,0.00018,0.00003,
5.798,5.09500,0.02426,1.44073,1.49536,0.12358,0.00018,0.00003,
5.799,5.09750,0.02467,1.94462,1.36490,0.12577,0.00018,0.00003,
5.800,5.09625,0.02384,2.57326,0.82106,0.12148,0.00018,0.00003,
5.801,5.09625,0.02405,2.62544,0.65799,0.12255,0.00018,0.00003,
5.802,5.09500,0.02363,2.85619,1.84270,0.12039,0.00018,0.00003,
5.803,5.09500,0.02426,3.05432,0.01549,0.12358,0.00018,0.00003,
5.804,5.09250,0.02467,1.70083,2.81705,0.12565,0.00018,0.00003,
5.805,5.09250,0.02426,1.81987,0.01060,0.12352,0.00018,0.00003,
5.806,5.09500,0.02426,1.81987,0.01060,0.12358,0.00018,0.00003,
5.807,5.09750,0.02405,1.57119,1.72937,0.12258,0.00018,0.00003,
5.808,5.09625,0.02572,2.15580,0.41909,0.13107,0.00018,0.00003,
5.809,5.09625,0.02467,2.09873,1.29071,0.12574,0.00018,0.00003,
5.810,5.09875,0.02446,1.95441,0.00652,0.12474,0.00018,0.00003,
5.811,5.09750,0.02426,1.92016,0.19405,0.12364,0.00018,0.00003,
5.812,5.09500,0.02488,1.31191,2.08894,0.12678,0.00018,0.00003,
5.813,5.09750,0.02321,1.83700,0.03424,0.11831,0.00018,0.00003,
5.814,5.09750,0.02509,1.42198,0.71344,0.12791,0.00018,0.00003,
5.815,5.09625,0.02509,2.06285,0.00000,0.12787,0.00018,0.00003,
5.816,5.09750,0.02384,1.34044,1.43666,0.12151,0.00018,0.00003,
5.817,5.09500,0.02530,1.34044,1.43666,0.12891,0.00018,0.00003,
5.818,5.09625,0.02446,2.43302,1.61604,0.12468,0.00018,0.00003,
5.819,5.09625,0.02426,2.45585,1.47742,0.12361,0.00018,0.00003,
5.820,5.09750,0.02342,1.38692,0.72648,0.11938,0.00018,0.00003,
5.821,5.09875,0.02572,2.33436,0.89689,0.13114,0.00018,0.00003,
5.822,5.09625,0.02488,0.90831,0.57972,0.12681,0.00018,0.00003,
5.823,5.09375,0.02426,3.05188,0.01794,0.12355,0.00018,0.00003,
5.824,5.09375,0.02426,2.48928,0.90178,0.12355,0.00018,0.00003,
5.825,5.09750,0.02509,1.42035,0.00978,0.12791,0.00018,0.00003,
5.826,5.09375,0.02551,2.15988,1.95930,0.12994,0.00018,0.00003,
5.827,5.09750,0.02446,1.10562,0.11089,0.12471,0.00018,0.00003,
5.828,5.09875,0.02530,1.10562,0.11089,0.12900,0.00018,0.00003,
5.829,5.09875,0.02572,1.70246,3.03638,0.13114,0.00018,0.00003,
5.830,5.09625,0.02342,2.11422,1.26135,0.11935,0.00018,0.00003,
5.831,5.09750,0.02446,1.84678,1.43013,0.12471,0.00018,0.00003,
5.832,5.09750,0.02572,1.69431,0.95641,0.13110,0.00018,0.00003,
5.833,5.09750,0.02384,3.05513,0.02201,0.12151,0.00018,0.00003,
5.834,5.09875,0.02384,2.16884,1.19205,0.12154,0.00018,0.00003,
5.835,5.09875,0.02384,0.55118,1.22059,0.12154,0.00018,0.00003,
5.836,5.09750,0.02488,1.78073,0.00163,0.12684,0.00018,0.00003,
5.837,5.09625,0.02405,1.98784,0.12475,0.12255,0.00018,0.00003,
5.838,5.09625,0.02426,2.13134,1.12437,0.12361,0.00018,0.00003,
5.839,5.09875,0.02509,2.13134,1.12437,0.12794,0.00018,0.00003,
5.840,5.09750,0.02384,1.46112,0.00734,0.12151,0.00018,0.00003,
5.841,5.09750,0.02384,1.79541,1.50515,0.12151,0.00018,0.00003,
5.842,5.09750,0.02384,1.95441,0.58950,0.12151,0.00018,0.00003,
5.843,5.09375,0.02405,3.05351,0.01549,0.12249,0.00018,0.00003,
5.844,5.09250,0.02446,2.66377,0.62456,0.12459,0.00018,0.00003,
5.845,5.09875,0.02446,1.71388,0.00489,0.12474,0.00018,0.00003,
5.846,5.09750,0.02509,0.73137,2.02208,0.12791,0.00018,0.00003,
5.847,5.09625,0.02530,2.09383,0.12801,0.12894,0.00018,0.00003,
5.848,5.10125,0.02446,1.75791,1.64131,0.12480,0.00018,0.00003,
5.849,5.09375,0.02530,1.75791,1.64131,0.12888,0.00018,0.00003,
5.850,5.09625,0.02446,1.21325,1.61196,0.12468,0.00018,0.00003,
5.851,5.09625,0.02384,1.21325,1.61196,0.12148,0.00018,0.00003,
5.852,5.09500,0.02384,1.63234,0.81699,0.12145,0.00018,0.00003,
5.853,5.09875,0.02488,3.05758,0.01631,0.12687,0.00018,0.00003,
5.854,5.09500,0.02426,2.01556,0.02365,0.12358,0.00018,0.00003,
5.855,5.09500,0.02405,0.71425,1.77747,0.12252,0.00018,0.00003,
5.856,5.09500,0.02405,1.61603,1.70572,0.12252,0.00018,0.00003,
5.857,5.09750,0.02467,2.05796,1.33474,0.12577,0.00018,0.00003,
5.858,5.09750,0.02384,1.82395,0.54303,0.12151,0.00018,0.00003,
5.859,5.09500,0.02426,2.17048,2.65072,0.12358,0.00018,0.00003,
5.860,5.09500,0.02446,1.39018,1.99110,0.12465,0.00018,0.00003,
5.861,5.09875,0.02446,1.67963,1.72937,0.12474,0.00018,0.00003,
5.862,5.09750,0.02509,1.67963,1.72937,0.12791,0.00018,0.00003,
5.863,5.09875,0.02467,3.05427,0.02364,0.12581,0.00018,0.00003,
5.864,5.09750,0.02572,1.35021,0.15410,0.13110,0.00018,0.00003,
5.865,5.09750,0.02551,1.13088,0.26417,0.13004,0.00018,0.00003,
5.866,5.09500,0.02446,1.63802,1.69673,0.12465,0.00018,0.00003,
5.867,5.09375,0.02509,3.08444,1.29884,0.12781,0.00018,0.00003,
5.868,5.09625,0.02530,1.53773,1.87773,0.12894,0.00018,0.00003,
5.869,5.09625,0.02426,2.51941,1.17246,0.12361,0.00018,0.00003,
5.870,5.09375,0.02426,1.39505,1.49452,0.12355,0.00018,0.00004,
5.871,5.09500,0.02467,1.59318,1.71956,0.12571,0.00018,0.00004,
5.872,5.09750,0.02551,1.03059,1.35673,0.13004,0.00018,0.00004,
5.873,5.09500,0.02405,1.03059,1.35673,0.12252,0.00018,0.00004,
5.874,5.09375,0.02467,2.33665,1.52706,0.12568,0.00018,0.00004,
5.875,5.09750,0.02530,2.43693,1.86948,0.12897,0.00018,0.00004,
5.876,5.09625,0.02446,2.16543,0.41988,0.12468,0.00018,0.00004,
5.877,5.09625,0.02509,0.92455,1.12919,0.12787,0.00018,0.00004,
5.878,5.09625,0.02530,2.30485,1.44960,0.12894,0.00018,0.00004,
5.879,5.09625,0.02530,1.08272,1.43819,0.12894,0.00018,0.00004,
5.880,5.09625,0.02446,1.92818,0.32775,0.12468,0.00018,0.00004,
5.881,5.09750,0.02426,1.82301,0.97347,0.12364,0.00018,0.00004,
5.882,5.09625,0.02467,1.36807,2.05781,0.12574,0.00018,0.00004,
5.883,5.09625,0.02300,3.05982,0.01223,0.11722,0.00018,0.00004,
5.884,5.09750,0.02446,3.05982,0.01223,0.12471,0.00018,0.00004,
5.885,5.09875,0.02467,3.09137,1.36226,0.12581,0.00018,0.00004,
5.886,5.09375,0.02426,1.87993,0.33669,0.12355,0.00018,0.00004,
5.887,5.09375,0.02488,2.05520,1.28318,0.12675,0.00018,0.00004,
5.888,5.09625,0.02488,2.76935,0.62773,0.12681,0.00018,0.00004,
5.889,5.09625,0.02572,1.91417,0.59104,0.13107,0.00018,0.00004,
5.890,5.09750,0.02363,2.31200,1.04350,0.12045,0.00018,0.00004,
5.891,5.09375,0.02363,1.57422,1.70628,0.12036,0.00018,0.00004,
5.892,5.10000,0.02446,2.08292,1.25628,0.12477,0.00018,0.00004,
5.893,5.09625,0.02426,3.05224,0.01630,0.12361,0.00018,0.00004,
5.894,5.09625,0.02426,1.79922,1.59541,0.12361,0.00018,0.00004,
5.895,5.09500,0.02426,1.79922,1.59541,0.12358,0.00018,0.00004,
5.896,5.09500,0.02467,2.50675,1.67606,0.12571,0.00018,0.00004,
5.897,5.09375,0.02467,1.57089,1.73720,0.12568,0.00018,0.00004,
5.898,5.09500,0.02426,2.00458,1.37688,0.12358,0.00018,0.00004,
5.899,5.09625,0.02405,1.67279,1.61736,0.12255,0.00018,0.00004,
5.900,5.09625,0.02467,2.15295,1.19753,0.12574,0.00018,0.00004,
5.901,5.09750,0.02405,0.80134,1.56030,0.12258,0.00018,0.00004,
5.902,5.09250,0.02426,1.57660,1.76247,0.12352,0.00018,0.00004,
5.903,5.09750,0.02530,3.05130,0.01386,0.12897,0.00018,0.00004,
5.904,5.09625,0.02467,1.83013,1.57823,0.12574,0.00018,0.00004,
5.905,5.09625,0.02426,2.07632,0.00163,0.12361,0.00018,0.00004,
5.906,5.09625,0.02426,2.07632,0.00163,0.12361,0.00018,0.00004,
5.907,5.09625,0.02488,0.65869,2.07796,0.12681,0.00018,0.00004,
5.908,5.09625,0.02467,2.04128,0.19646,0.12574,0.00018,0.00004,
5.909,5.09875,0.02446,2.93311,2.09426,0.12474,0.00018,0.00004,
5.910,5.10000,0.02530,2.40649,0.81521,0.12904,0.00018,0.00004,
5.911,5.09625,0.02405,1.36139,0.78178,0.12255,0.00018,0.00004,
5.912,5.09875,0.02363,2.71953,0.58450,0.12047,0.00018,0.00004,
5.913,5.09750,0.02509,3.05295,0.01467,0.12791,0.00018,0.00004,
5.914,5.09750,0.02509,1.46492,1.89454,0.12791,0.00018,0.00004,
5.915,5.09625,0.02509,3.06843,0.03098,0.12787,0.00018,0.00004,
5.916,5.09500,0.02426,2.12932,1.19591,0.12358,0.00018,0.00004,
5.917,5.09500,0.02530,2.12932,1.19591,0.12891,0.00018,0.00004,
5.918,5.09500,0.02530,2.13178,2.66412,0.12891,0.00018,0.00004,
5.919,5.09375,0.02321,1.31331,0.14511,0.11823,0.00018,0.00004,
5.920,5.09375,0.02488,2.08287,2.68531,0.12675,0.00018,0.00004,
5.921,5.09500,0.02342,2.73096,2.33803,0.11932,0.00018,0.00004,
5.922,5.09375,0.02446,1.73233,2.76846,0.12462,0.00018,0.00004,
5.923,5.09375,0.02530,3.05297,0.01630,0.12888,0.00018,0.00004,
5.924,5.09500,0.02530,2.23287,0.24619,0.12891,0.00018,0.00004,
5.925,5.09625,0.02426,2.22146,0.00489,0.12361,0.00018,0.00004,
5.926,5.09750,0.02572,0.63179,2.08695,0.13110,0.00018,0.00004,
5.927,5.09625,0.02509,1.74619,2.73341,0.12787,0.00018,0.00004,
5.928,5.09500,0.02488,1.74619,2.73341,0.12678,0.00018,0.00004,
5.929,5.09750,0.02446,2.11388,1.15925,0.12471,0.00018,0.00004,
5.930,5.09625,0.02467,1.41849,1.82692,0.12574,0.00018,0.00004,
5.931,5.09625,0.02426,1.78452,1.06794,0.12361,0.00018,0.00004,
5.932,5.09625,0.02405,1.82203,1.51469,0.12255,0.00018,0.00004,
5.933,5.09500,0.02405,3.05546,0.02283,0.12252,0.00018,0.00004,
5.934,5.09875,0.02384,2.16116,0.30000,0.12154,0.00018,0.00004,
5.935,5.09625,0.02467,3.08725,0.33098,0.12574,0.00018,0.00004,
5.936,5.09500,0.02426,1.95002,2.73834,0.12358,0.00018,0.00004,
5.937,5.09625,0.02342,2.01768,0.47691,0.11935,0.00018,0.00004,
5.938,5.09625,0.02551,1.37039,2.02175,0.13001,0.00018,0.00004,
5.939,5.10000,0.02426,1.37039,2.02175,0.12370,0.00018,0.00004,
5.940,5.09625,0.02384,2.38456,2.57940,0.12148,0.00018,0.00004,
5.941,5.09625,0.02467,1.23590,1.62965,0.12574,0.00018,0.00004,
5.942,5.09500,0.02467,1.42829,1.52041,0.12571,0.00018,0.00004,
5.943,5.09500,0.02405,3.05142,0.02283,0.12252,0.00018,0.00004,
5.944,5.09625,0.02467,0.98236,1.14704,0.12574,0.00018,0.00004,
5.945,5.09500,0.02509,3.07017,0.01794,0.12784,0.00018,0.00004,
5.946,5.09750,0.02384,1.47558,0.02364,0.12151,0.00018,0.00004,
5.947,5.09500,0.02405,1.99651,0.75817,0.12252,0.00018,0.00004,
5.948,5.09500,0.02488,1.91499,1.45764,0.12678,0.00018,0.00004,
5.949,5.09250,0.02488,2.49706,0.89676,0.12672,0.00018,0.00004,
5.950,5.09250,0.02530,2.49706,0.89676,0.12885,0.00018,0.00004,
5.951,5.09625,0.02530,0.68075,1.07698,0.12894,0.00018,0.00004,
5.952,5.09500,0.02488,1.61995,1.67049,0.12678,0.00018,0.00004,
5.953,5.09625,0.02551,3.05483,0.02038,0.13001,0.00018,0.00004,
5.954,5.09750,0.02405,1.93627,1.45282,0.12258,0.00018,0.00004,
5.955,5.09750,0.02572,3.07439,0.08560,0.13110,0.00018,0.00004,
5.956,5.09625,0.02446,2.17270,0.49895,0.12468,0.00018,0.00004,
5.957,5.10000,0.02405,1.05986,0.44677,0.12264,0.00018,0.00004,
5.958,5.09500,0.02488,2.09118,1.07616,0.12678,0.00018,0.00004,
5.959,5.09500,0.02572,2.70671,1.29139,0.13104,0.00018,0.00004,
5.960,5.09625,0.02572,1.44793,1.48869,0.13107,0.00018,0.00004,
5.961,5.09500,0.02405,1.44793,1.48869,0.12252,0.00018,0.00004,
5.962,5.09625,0.02509,2.70262,0.00652,0.12787,0.00018,0.00004,
5.963,5.09750,0.02509,3.05074,0.02364,0.12791,0.00018,0.00004,
5.964,5.09625,0.02467,1.31911,1.66641,0.12574,0.00018,0.00004,
5.965,5.09500,0.02509,3.06542,0.00978,0.12784,0.00018,0.00004,
5.966,5.10000,0.02488,1.35335,1.70229,0.12690,0.00018,0.00004,
5.967,5.09500,0.02446,2.72790,0.81038,0.12465,0.00018,0.00004,
5.968,5.09500,0.02467,1.66397,1.71370,0.12571,0.00018,0.00004,
5.969,5.09750,0.02467,1.71451,1.68190,0.12577,0.00018,0.00004,
5.970,5.09750,0.02530,2.10014,0.58863,0.12897,0.00018,0.00004,
5.971,5.09500,0.02363,2.08139,2.06427,0.12039,0.00018,0.00004,
5.972,5.09375,0.02363,2.08139,2.06427,0.12036,0.00018,0.00004,
5.973,5.09875,0.02530,3.05647,0.02283,0.12900,0.00018,0.00004,
5.974,5.09625,0.02405,1.82948,1.50581,0.12255,0.00018,0.00004,
5.975,5.09625,0.02509,3.08663,0.23561,0.12787,0.00018,0.00004,
5.976,5.09625,0.02530,2.26320,1.63218,0.12894,0.00018,0.00004,
5.977,5.09625,0.02446,1.33868,1.46423,0.12468,0.00018,0.00004,
5.978,5.09625,0.02446,1.92976,1.45200,0.12468,0.00018,0.00004,
5.979,5.09500,0.02467,2.13357,1.21476,0.12571,0.00018,0.00004,
5.980,5.09500,0.02551,2.54936,0.71744,0.12997,0.00018,0.00004,
5.981,5.09375,0.02467,1.94198,1.16992,0.12568,0.00018,0.00004,
5.982,5.09750,0.02488,2.77764,2.43360,0.12684,0.00018,0.00004,
5.983,5.09500,0.02488,2.77764,2.43360,0.12678,0.00018,0.00004,
5.984,5.09750,0.02446,1.56125,0.92045,0.12471,0.00018,0.00004,
5.985,5.09625,0.02530,1.51397,0.00163,0.12894,0.00018,0.00004,
5.986,5.09500,0.02572,1.65908,2.82819,0.13104,0.00018,0.00004,
5.987,5.09500,0.02446,2.11156,0.44840,0.12465,0.00018,0.00004,
5.988,5.09750,0.02446,1.95584,0.49161,0.12471,0.00018,0.00004,
5.989,5.09750,0.02426,1.26938,1.67050,0.12364,0.00018,0.00004,
5.990,5.09750,0.02446,2.77112,2.13765,0.12471,0.00018,0.00004,
5.991,5.09750,0.02363,2.29092,1.60283,0.12045,0.00018,0.00004,
5.992,5.09625,0.02509,1.72023,2.55833,0.12787,0.00018,0.00004,
5.993,5.09375,0.02467,3.05402,0.02120,0.12568,0.00018,0.00004,
5.994,5.09750,0.02426,3.05402,0.02120,0.12364,0.00018,0.00004,
5.995,5.09750,0.02405,3.09886,0.53645,0.12258,0.00018,0.00004,
5.996,5.09750,0.02405,1.15688,1.54087,0.12258,0.00018,0.00004,
5.997,5.09500,0.02405,1.79931,1.52620,0.12252,0.00018,0.00004,
5.998,5.09875,0.02509,2.81841,2.45072,0.12794,0.00018,0.00004,
5.999,5.09500,0.02342,1.58653,2.84531,0.11932,0.00018,0.00004,
6.000,5.09750,0.02446,0.95306,0.73130,0.12471,0.00018,0.00004,
6.001,5.10000,0.02509,2.11890,1.88736,0.12797,0.00018,0.00004,
6.002,5.09375,0.02405,1.42347,1.50663,0.12249,0.00018,0.00004,
6.003,5.09625,0.02363,3.05565,0.01712,0.12042,0.00018,0.00004,
6.004,5.09500,0.02426,1.16340,1.29792,0.12358,0.00018,0.00004,
6.005,5.09500,0.02342,1.16340,1.29792,0.11932,0.00018,0.00004,
6.006,5.09750,0.02342,3.06624,0.01957,0.11938,0.00018,0.00004,
6.007,5.09625,0.02467,2.05693,1.28406,0.12574,0.00018,0.00004,
6.008,5.09750,0.02530,2.19227,1.19274,0.12897,0.00018,0.00004,
6.009,5.09625,0.02384,2.03492,2.04389,0.12148,0.00018,0.00004,
6.010,5.09500,0.02300,1.53271,0.66200,0.11719,0.00018,0.00004,
6.011,5.09625,0.02509,1.53271,0.66200,0.12787,0.00018,0.00004,
6.012,5.09500,0.02446,1.83926,2.55262,0.12465,0.00018,0.00004,
6.013,5.09375,0.02467,3.05564,0.01631,0.12568,0.00018,0.00004,
6.014,5.09375,0.02467,1.82784,1.86779,0.12568,0.00018,0.00004,
6.015,5.09500,0.02467,1.74468,0.00897,0.12571,0.00018,0.00004,
6.016,5.09750,0.02405,1.49684,0.68320,0.12258,0.00018,0.00004,
6.017,5.09625,0.02405,1.49684,0.68320,0.12255,0.00018,0.00004,
6.018,5.09750,0.02426,0.62612,1.42509,0.12364,0.00018,0.00004,
6.019,5.09500,0.02488,1.76261,2.80207,0.12678,0.00018,0.00004,
6.020,5.09625,0.02467,1.29383,1.61097,0.12574,0.00018,0.00004,
6.021,5.09750,0.02635,1.51476,1.38514,0.13430,0.00018,0.00004,
6.022,5.09625,0.02467,2.32432,1.45933,0.12574,0.00018,0.00004,
6.023,5.09625,0.02405,1.50987,0.00245,0.12255,0.00018,0.00004,
6.024,5.09500,0.02405,2.01860,2.02838,0.12252,0.00018,0.00004,
6.025,5.09750,0.02467,1.86941,0.00978,0.12577,0.00018,0.00004,
6.026,5.09375,0.02488,0.87478,1.92484,0.12675,0.00018,0.00004,
6.027,5.09625,0.02363,1.62401,0.96609,0.12042,0.00018,0.00004,
6.028,5.09750,0.02405,1.62401,0.96609,0.12258,0.00018,0.00004,
6.029,5.09625,0.02509,0.85274,1.42911,0.12787,0.00018,0.00004,
6.030,5.09875,0.02342,2.70413,0.58860,0.11941,0.00018,0.00004,
6.031,5.09875,0.02446,1.81716,1.08100,0.12474,0.00018,0.00004,
6.032,5.09875,0.02426,1.78210,1.57014,0.12367,0.00018,0.00004,
6.033,5.09375,0.02426,3.05142,0.01304,0.12355,0.00018,0.00004,
6.034,5.09625,0.02405,1.64025,1.69161,0.12255,0.00018,0.00004,
6.035,5.09750,0.02405,1.09241,1.17965,0.12258,0.00018,0.00004,
6.036,5.09500,0.02509,1.95086,0.00408,0.12784,0.00018,0.00004,
6.037,5.09750,0.02363,2.58103,2.08700,0.12045,0.00018,0.00004,
6.038,5.09750,0.02446,0.61876,1.01334,0.12471,0.00018,0.00004,
6.039,5.09625,0.02426,0.61876,1.01334,0.12361,0.00018,0.00004,
6.040,5.09750,0.02530,2.80426,2.44802,0.12897,0.00018,0.00004,
6.041,5.09750,0.02426,0.93829,1.23746,0.12364,0.00018,0.00004,
6.042,5.09500,0.02426,1.30920,2.08200,0.12358,0.00018,0.00004,
6.043,5.09500,0.02530,3.05290,0.01060,0.12891,0.00018,0.00004,
6.044,5.09500,0.02509,2.12765,1.25540,0.12784,0.00018,0.00004,
6.045,5.09500,0.02446,1.91978,1.20404,0.12465,0.00018,0.00004,
6.046,5.09750,0.02530,2.28009,1.79995,0.12897,0.00018,0.00004,
6.047,5.09750,0.02446,2.70888,2.29477,0.12471,0.00018,0.00004,
6.048,5.09750,0.02426,2.50590,1.67604,0.12364,0.00018,0.00004,
6.049,5.09500,0.02593,1.12497,1.20893,0.13211,0.00018,0.00004,
6.050,5.09500,0.02572,1.12497,1.20893,0.13104,0.00018,0.00004,
6.051,5.09625,0.02572,2.69698,1.99034,0.13107,0.00018,0.00004,
6.052,5.09750,0.02446,2.85510,2.34407,0.12471,0.00018,0.00004,
6.053,5.09625,0.02488,3.05316,0.01549,0.12681,0.00018,0.00004,
6.054,5.09625,0.02488,1.85830,2.31391,0.12681,0.00018,0.00004,
6.055,5.09875,0.02363,2.39297,0.00082,0.12047,0.00018,0.00004,
6.056,5.09625,0.02572,1.84200,1.54777,0.13107,0.00018,0.00004,
6.057,5.09500,0.02530,2.33103,1.51272,0.12891,0.00018,0.00004,
6.058,5.09500,0.02467,1.51924,1.44670,0.12571,0.00018,0.00004,
6.059,5.09500,0.02488,1.57141,1.29022,0.12678,0.00018,0.00004,
6.060,5.09750,0.02488,0.87128,1.93328,0.12684,0.00019,0.00004,
6.061,5.09250,0.02530,0.87128,1.93328,0.12885,0.00019,0.00004,
6.062,5.09500,0.02405,1.08809,0.38470,0.12252,0.00019,0.00004,
6.063,5.09500,0.02405,1.95938,0.00408,0.12252,0.00019,0.00004,
6.064,5.09875,0.02509,1.48991,0.00571,0.12794,0.00019,0.00004,
6.065,5.09750,0.02405,3.08740,1.41655,0.12258,0.00019,0.00004,
6.066,5.09625,0.02405,2.64076,2.17373,0.12255,0.00019,0.00004,
6.067,5.09750,0.02426,2.21449,0.43035,0.12364,0.00019,0.00004,
6.068,5.09750,0.02509,1.40270,0.00571,0.12791,0.00019,0.00004,
6.069,5.09750,0.02509,2.62935,1.87706,0.12791,0.00019,0.00004,
6.070,5.09875,0.02321,0.68301,1.86972,0.11834,0.00019,0.00004,
6.071,5.09875,0.02342,2.05718,1.33668,0.11941,0.00019,0.00004,
6.072,5.09750,0.02384,2.05718,1.33668,0.12151,0.00019,0.00004,
6.073,5.09625,0.02446,3.05807,0.01630,0.12468,0.00019,0.00004,
6.074,5.09750,0.02593,1.91700,1.14352,0.13217,0.00019,0.00004,
6.075,5.09500,0.02363,3.12001,0.01060,0.12039,0.00019,0.00004,
6.076,5.09500,0.02342,1.99524,1.34646,0.11932,0.00019,0.00004,
6.077,5.09500,0.02467,1.86484,1.19568,0.12571,0.00019,0.00004,
6.078,5.09625,0.02467,1.44264,1.70998,0.12574,0.00019,0.00004,
6.079,5.09625,0.02363,1.72709,0.58602,0.12042,0.00019,0.00004,
6.080,5.09875,0.02384,2.94070,2.74672,0.12154,0.00019,0.00004,
6.081,5.09500,0.02342,1.69286,1.64396,0.11932,0.00019,0.00004,
6.082,5.09625,0.02446,2.34327,2.89995,0.12468,0.00019,0.00004,
6.083,5.09250,0.02363,2.34327,2.89995,0.12033,0.00019,0.00004,
6.084,5.09750,0.02405,1.72957,0.00734,0.12258,0.00019,0.00004,
6.085,5.09625,0.02467,1.73120,1.95290,0.12574,0.00019,0.00004,
6.086,5.09625,0.02446,2.86415,2.54709,0.12468,0.00019,0.00004,
6.087,5.09625,0.02446,2.18112,0.00489,0.12468,0.00019,0.00004,
6.088,5.09500,0.02342,3.09074,0.46948,0.11932,0.00019,0.00004,
6.089,5.09750,0.02551,1.75729,0.48007,0.13004,0.00019,0.00004,
6.090,5.09750,0.02342,0.79551,1.23401,0.11938,0.00019,0.00004,
6.091,5.09750,0.02363,2.97826,1.81189,0.12045,0.00019,0.00004,
6.092,5.09625,0.02635,1.64807,1.32041,0.13427,0.00019,0.00004,
6.093,5.09500,0.02572,3.05161,0.01060,0.13104,0.00019,0.00004,
6.094,5.09875,0.02405,3.05161,0.01060,0.12261,0.00019,0.00004,
6.095,5.09875,0.02572,0.86643,2.23251,0.13114,0.00019,0.00004,
6.096,5.09625,0.02572,1.85431,2.00510,0.13107,0.00019,0.00004,
6.097,5.10000,0.02551,0.46215,0.98706,0.13010,0.00019,0.00004,
6.098,5.09875,0.02488,2.57240,0.83220,0.12687,0.00019,0.00004,
6.099,5.09750,0.02530,1.36934,0.78574,0.12897,0.00019,0.00004,
6.100,5.09750,0.02530,2.90088,2.76883,0.12897,0.00019,0.00004,
6.101,5.09625,0.02446,1.63098,1.78829,0.12468,0.00019,0.00004,
6.102,5.09875,0.02551,0.72461,1.44514,0.13007,0.00019,0.00004,
6.103,5.09500,0.02509,3.09731,0.44422,0.12784,0.00019,0.00004,
6.104,5.09500,0.02446,0.82731,1.16475,0.12465,0.00019,0.00004,
6.105,5.09375,0.02446,0.82731,1.16475,0.12462,0.00019,0.00004,
6.106,5.09625,0.02551,2.94587,2.76328,0.13001,0.00019,0.00004,
6.107,5.09500,0.02614,2.69726,0.60319,0.13317,0.00019,0.00004,
6.108,5.09750,0.02384,2.42663,1.60091,0.12151,0.00019,0.00004,
6.109,5.09500,0.02551,1.57564,1.36452,0.12997,0.00019,0.00004,
6.110,5.09500,0.02530,3.06243,0.01467,0.12891,0.00019,0.00004,
6.111,5.09750,0.02467,1.89680,1.36697,0.12577,0.00019,0.00004,
6.112,5.09875,0.02551,0.97489,1.18438,0.13007,0.00019,0.00004,
6.113,5.09875,0.02572,3.04939,0.01630,0.13114,0.00019,0.00004,
6.114,5.09875,0.02572,1.38653,0.00326,0.13114,0.00019,0.00004,
6.115,5.09750,0.02446,3.09259,0.00652,0.12471,0.00019,0.00004,
6.116,5.09625,0.02614,3.09259,0.00652,0.13320,0.00019,0.00004,
6.117,5.09625,0.02551,1.86266,0.00978,0.13001,0.00019,0.00004,
6.118,5.09625,0.02446,2.42757,1.61729,0.12468,0.00019,0.00004,
6.119,5.10000,0.02530,3.06911,0.02038,0.12904,0.00019,0.00004,
6.120,5.09750,0.02530,2.93705,2.67620,0.12897,0.00019,0.00004,
6.121,5.09625,0.02467,1.67517,1.73305,0.12574,0.00019,0.00004,
6.122,5.09500,0.02467,0.87141,0.98472,0.12571,0.00019,0.00004,
6.123,5.09500,0.02467,3.05362,0.01712,0.12571,0.00019,0.00004,
6.124,5.09500,0.02405,1.68821,0.01223,0.12252,0.00019,0.00004,
6.125,5.09750,0.02426,3.07074,0.02201,0.12364,0.00019,0.00004,
6.126,5.09625,0.02426,1.38986,0.81272,0.12361,0.00019,0.00004,
6.127,5.09750,0.02551,1.38986,0.81272,0.13004,0.00019,0.00004,
6.128,5.10125,0.02530,2.08697,0.00489,0.12907,0.00019,0.00004,
6.129,5.09500,0.02446,2.69350,0.59104,0.12465,0.00019,0.00004,
6.130,5.09875,0.02530,2.77583,2.41061,0.12900,0.00019,0.00004,
6.131,5.09875,0.02551,1.38262,0.81115,0.13007,0.00019,0.00004,
6.132,5.09875,0.02551,2.00952,2.22067,0.13007,0.00019,0.00004,
6.133,5.09750,0.02384,1.98181,0.01875,0.12151,0.00019,0.00004,
6.134,5.09500,0.02405,2.38127,0.00408,0.12252,0.00019,0.00004,
6.135,5.09500,0.02426,1.87012,0.00245,0.12358,0.00019,0.00004,
6.136,5.09875,0.02467,3.06931,0.02772,0.12581,0.00019,0.00004,
6.137,5.09500,0.02405,2.94785,0.00734,0.12252,0.00019,0.00004,
6.138,5.09500,0.02405,2.94785,0.00734,0.12252,0.00019,0.00004,
6.139,5.09625,0.02446,2.27628,0.00816,0.12468,0.00019,0.00004,
6.140,5.09875,0.02384,1.69885,1.90520,0.12154,0.00019,0.00004,
6.141,5.09875,0.02384,2.82109,2.46387,0.12154,0.00019,0.00004,
6.142,5.09500,0.02384,1.58141,2.83169,0.12145,0.00019,0.00004,
6.143,5.09875,0.02509,3.10165,0.00897,0.12794,0.00019,0.00004,
6.144,5.09625,0.02384,1.89296,0.00734,0.12148,0.00019,0.00004,
6.145,5.09875,0.02467,3.07800,0.07259,0.12581,0.00019,0.00004,
6.146,5.09375,0.02446,2.75095,2.13600,0.12462,0.00019,0.00004,
6.147,5.09625,0.02426,2.80560,2.44674,0.12361,0.00019,0.00004,
6.148,5.09625,0.02384,0.84494,1.47212,0.12148,0.00019,0.00004,
6.149,5.09750,0.02426,0.84494,1.47212,0.12364,0.00019,0.00004,
6.150,5.09750,0.02321,2.39861,0.00408,0.11831,0.00019,0.00004,
6.151,5.09500,0.02321,1.28780,1.69640,0.11826,0.00019,0.00004,
6.152,5.09375,0.02384,1.65236,1.87094,0.12142,0.00019,0.00004,
6.153,5.09500,0.02509,3.05679,0.01794,0.12784,0.00019,0.00004,
6.154,5.09625,0.02321,1.62137,0.00979,0.11828,0.00019,0.00004,
6.155,5.09375,0.02363,3.14732,0.00652,0.12036,0.00019,0.00004,
6.156,5.09500,0.02593,1.48517,1.43460,0.13211,0.00019,0.00004,
6.157,5.09875,0.02551,2.22734,2.62779,0.13007,0.00019,0.00004,
6.158,5.09750,0.02530,1.66215,0.00245,0.12897,0.00019,0.00004,
6.159,5.09750,0.02551,0.76991,1.30248,0.13004,0.00019,0.00004,
6.160,5.09875,0.02551,0.76991,1.30248,0.13007,0.00019,0.00004,
6.161,5.09750,0.02572,1.31633,0.00245,0.13110,0.00019,0.00004,
6.162,5.09750,0.02509,1.65560,3.03146,0.12791,0.00019,0.00004,
6.163,5.09625,0.02572,3.05838,0.01957,0.13107,0.00019,0.00004,
6.164,5.09500,0.02614,0.87510,0.97868,0.13317,0.00019,0.00004,
6.165,5.09625,0.02509,3.07224,0.01550,0.12787,0.00019,0.00004,
6.166,5.10000,0.02509,1.52837,0.90039,0.12797,0.00019,0.00004,
6.167,5.09750,0.02530,3.08611,0.21205,0.12897,0.00019,0.00004,
6.168,5.09750,0.02363,0.94687,1.25026,0.12045,0.00019,0.00004,
6.169,5.09625,0.02363,2.54131,2.02750,0.12042,0.00019,0.00004,
6.170,5.09375,0.02488,1.40767,1.68741,0.12675,0.00019,0.00004,
6.171,5.09750,0.02593,1.40767,1.68741,0.13217,0.00019,0.00004,
6.172,5.09625,0.02405,3.07875,0.04730,0.12255,0.00019,0.00004,
6.173,5.09750,0.02446,3.07875,0.04730,0.12471,0.00019,0.00004,
6.174,5.09625,0.02488,3.05918,0.02120,0.12681,0.00019,0.00004,
6.175,5.09500,0.02363,2.04625,1.31469,0.12039,0.00019,0.00004,
6.176,5.09625,0.02488,2.41896,0.98275,0.12681,0.00019,0.00004,
6.177,5.09625,0.02551,2.92543,2.62693,0.13001,0.00019,0.00004,
6.178,5.09500,0.02551,1.44273,1.60095,0.12997,0.00019,0.00004,
6.179,5.09750,0.02384,3.07386,0.02528,0.12151,0.00019,0.00004,
6.180,5.09500,0.02446,2.95315,2.68647,0.12465,0.00019,0.00004,
6.181,5.09625,0.02488,3.06896,0.01957,0.12681,0.00019,0.00004,
6.182,5.09750,0.02342,1.35791,0.77397,0.11938,0.00019,0.00004,
6.183,5.09625,0.02467,1.35791,0.77397,0.12574,0.00019,0.00004,
6.184,5.09625,0.02405,3.08339,0.13048,0.12255,0.00019,0.00004,
6.185,5.09375,0.02426,1.61549,0.00245,0.12355,0.00019,0.00004,
6.186,5.09375,0.02488,2.43996,1.61386,0.12675,0.00019,0.00004,
6.187,5.10000,0.02488,1.83405,0.00326,0.12690,0.00019,0.00004,
6.188,5.09875,0.02488,1.72640,1.39694,0.12687,0.00019,0.00004,
6.189,5.09500,0.02467,2.64710,2.10153,0.12571,0.00019,0.00004,
6.190,5.09625,0.02509,2.72946,2.04934,0.12787,0.00019,0.00004,
6.191,5.09625,0.02363,2.44322,0.80245,0.12042,0.00019,0.00004,
6.192,5.09625,0.02551,2.46687,1.92701,0.13001,0.00019,0.00004,
6.193,5.09500,0.02446,3.05566,0.01794,0.12465,0.00019,0.00004,
6.194,5.09625,0.02405,3.05566,0.01794,0.12255,0.00019,0.00004,
6.195,5.09625,0.02488,0.94503,2.27411,0.12681,0.00019,0.00004,
6.196,5.09375,0.02488,2.33690,0.21445,0.12675,0.00019,0.00004,
6.197,5.09500,0.02405,1.87946,1.19617,0.12252,0.00019,0.00004,
6.198,5.09750,0.02488,2.59293,2.12245,0.12684,0.00019,0.00004,
6.199,5.09625,0.02530,2.50242,1.69519,0.12894,0.00019,0.00004,
6.200,5.09625,0.02467,2.12082,0.00571,0.12574,0.00019,0.00004,
6.201,5.09750,0.02405,2.71605,2.03276,0.12258,0.00019,0.00004,
6.202,5.09625,0.02530,1.73922,1.96426,0.12894,0.00019,0.00004,
6.203,5.09625,0.02530,3.05607,0.02202,0.12894,0.00019,0.00004,
6.204,5.09625,0.02405,1.89169,0.01223,0.12255,0.00019,0.00004,
6.205,5.09500,0.02405,1.89169,0.01223,0.12252,0.00019,0.00004,
6.206,5.09500,0.02530,3.04426,0.00571,0.12891,0.00019,0.00004,
6.207,5.09875,0.02509,0.78735,1.26824,0.12794,0.00019,0.00004,
6.208,5.09500,0.02384,1.08159,0.38226,0.12145,0.00019,0.00004,
6.209,5.09500,0.02509,1.91132,0.00326,0.12784,0.00019,0.00004,
6.210,5.09750,0.02426,2.54381,2.04907,0.12364,0.00019,0.00004,
6.211,5.09500,0.02467,1.87383,0.00815,0.12571,0.00019,0.00004,
6.212,5.09750,0.02488,2.71416,2.82093,0.12684,0.00019,0.00004,
6.213,5.09750,0.02530,3.05404,0.01712,0.12897,0.00019,0.00004,
6.214,5.09875,0.02530,3.07605,0.09618,0.12900,0.00019,0.00004,
6.215,5.09625,0.02488,0.62678,0.79713,0.12681,0.00019,0.00004,
6.216,5.09500,0.02593,0.62678,0.79713,0.13211,0.00019,0.00004,
6.217,5.09625,0.02467,3.07116,0.02608,0.12574,0.00019,0.00004,
6.218,5.09750,0.02446,1.98142,1.38479,0.12471,0.00019,0.00004,
6.219,5.09625,0.02530,2.04989,0.00082,0.12894,0.00019,0.00004,
6.220,5.09500,0.02509,1.37012,1.65214,0.12784,0.00019,0.00004,
6.221,5.09875,0.02467,0.86641,1.00905,0.12581,0.00019,0.00004,
6.222,5.09875,0.02572,2.09553,2.94890,0.13114,0.00019,0.00004,
6.223,5.09750,0.02572,3.05323,0.01467,0.13110,0.00019,0.00004,
6.224,5.09500,0.02551,2.80301,0.00163,0.12997,0.00019,0.00004,
6.225,5.10000,0.02509,3.09154,0.31298,0.12797,0.00019,0.00004,
6.226,5.09500,0.02509,2.66526,2.24061,0.12784,0.00019,0.00004,
6.227,5.09500,0.02551,2.66526,2.24061,0.12997,0.00019,0.00004,
6.228,5.09625,0.02446,1.17614,1.26661,0.12468,0.00019,0.00004,
6.229,5.09875,0.02488,2.63429,1.16473,0.12687,0.00019,0.00004,
6.230,5.09875,0.02467,2.87718,0.01467,0.12581,0.00019,0.00004,
6.231,5.09875,0.02467,1.11093,1.19244,0.12581,0.00019,0.00004,
6.232,5.09625,0.02467,1.88443,0.87456,0.12574,0.00019,0.00004,
6.233,5.09500,0.02446,3.05323,0.01793,0.12465,0.00019,0.00004,
6.234,5.09625,0.02509,0.87701,0.99845,0.12787,0.00019,0.00004,
6.235,5.09625,0.02363,3.09724,0.79550,0.12042,0.00019,0.00004,
6.236,5.09750,0.02342,2.75573,2.14036,0.11938,0.00019,0.00004,
6.237,5.09875,0.02572,2.44682,1.88932,0.13114,0.00019,0.00004,
6.238,5.09625,0.02530,2.44682,1.88932,0.12894,0.00019,0.00004,
6.239,5.09250,0.02384,1.70268,0.00652,0.12139,0.00019,0.00004,
6.240,5.09250,0.02530,2.32620,1.54048,0.12885,0.00019,0.00004,
6.241,5.09500,0.02530,1.65296,0.00652,0.12891,0.00019,0.00004,
6.242,5.09375,0.02426,0.78654,1.59835,0.12355,0.00019,0.00004,
6.243,5.09375,0.02530,3.05406,0.01223,0.12888,0.00019,0.00004,
6.244,5.09500,0.02446,3.09155,0.48823,0.12465,0.00019,0.00004,
6.245,5.09625,0.02530,3.05895,1.48831,0.12894,0.00019,0.00004,
6.246,5.09750,0.02384,2.18601,1.20059,0.12151,0.00019,0.00004,
6.247,5.09750,0.02551,2.45906,1.91948,0.13004,0.00019,0.00004,
6.248,5.09750,0.02509,2.27974,1.77277,0.12791,0.00019,0.00004,
6.249,5.09750,0.02509,2.27974,1.77277,0.12791,0.00019,0.00004,
6.250,5.09875,0.02509,3.09482,0.51105,0.12794,0.00019,0.00004,
6.251,5.09750,0.02488,2.80466,2.45825,0.12684,0.00019,0.00004,
6.252,5.09875,0.02446,2.93752,2.74679,0.12474,0.00019,0.00004,
6.253,5.09625,0.02446,3.05489,0.02119,0.12468,0.00019,0.00004,
6.254,5.09625,0.02614,1.85347,1.47528,0.13320,0.00019,0.00004,
6.255,5.09500,0.02572,3.09564,0.71156,0.13104,0.00019,0.00004,
6.256,5.09750,0.02446,1.19978,1.69535,0.12471,0.00019,0.00004,
6.257,5.09500,0.02530,3.09319,0.40428,0.12891,0.00019,0.00004,
6.258,5.09500,0.02572,1.88770,0.87294,0.13104,0.00019,0.00004,
6.259,5.09500,0.02572,0.68873,1.50381,0.13104,0.00019,0.00004,
6.260,5.10000,0.02488,0.68873,1.50381,0.12690,0.00019,0.00004,
6.261,5.09625,0.02572,3.07203,0.02853,0.13107,0.00019,0.00004,
6.262,5.09750,0.02509,1.33428,1.63179,0.12791,0.00019,0.00004,
6.263,5.09750,0.02446,3.04921,0.01304,0.12471,0.00019,0.00004,
6.264,5.09500,0.02551,1.88854,0.01060,0.12997,0.00019,0.00004,
6.265,5.09750,0.02572,0.47030,1.35058,0.13110,0.00019,0.00004,
6.266,5.09500,0.02467,1.45491,1.70188,0.12571,0.00019,0.00004,
6.267,5.09750,0.02467,1.42883,0.00978,0.12577,0.00019,0.00004,
6.268,5.09750,0.02467,1.58940,1.27478,0.12577,0.00019,0.00004,
6.269,5.09875,0.02509,2.07356,0.00326,0.12794,0.00019,0.00004,
6.270,5.09750,0.02509,1.78176,0.00326,0.12791,0.00019,0.00004,
6.271,5.09500,0.02530,1.78176,0.00326,0.12891,0.00019,0.00004,
6.272,5.09500,0.02488,1.90324,0.36272,0.12678,0.00019,0.00004,
6.273,5.09750,0.02426,3.05334,0.01630,0.12364,0.00019,0.00004,
6.274,5.09500,0.02488,2.70774,2.35725,0.12678,0.00019,0.00004,
6.275,5.09500,0.02572,2.83978,1.73778,0.13104,0.00019,0.00004,
6.276,5.09750,0.02426,0.74581,1.10690,0.12364,0.00019,0.00004,
6.277,5.09750,0.02426,0.52084,1.16395,0.12364,0.00019,0.00004,
6.278,5.09625,0.02426,1.70110,2.85038,0.12361,0.00019,0.00004,
6.279,5.09625,0.02530,1.61959,0.00245,0.12894,0.00019,0.00004,
6.280,5.09250,0.02384,0.79227,1.24546,0.12139,0.00019,0.00004,
6.281,5.09625,0.02467,0.81346,1.19493,0.12574,0.00019,0.00004,
6.282,5.09875,0.02509,0.81346,1.19493,0.12794,0.00019,0.00004,
6.283,5.09500,0.02426,3.05601,0.01712,0.12358,0.00019,0.00004,
6.284,5.09875,0.02488,2.33867,0.00163,0.12687,0.00019,0.00004,
6.285,5.09750,0.02530,0.39535,1.67432,0.12897,0.00019,0.00004,
6.286,5.09750,0.02488,0.80945,1.20154,0.12684,0.00019,0.00004,
6.287,5.09500,0.02488,0.85591,1.43467,0.12678,0.00019,0.00004,
6.288,5.09750,0.02509,0.62033,2.02973,0.12791,0.00019,0.00004,
6.289,5.09875,0.02405,2.14956,0.00326,0.12261,0.00019,0.00004,
6.290,5.09625,0.02405,1.20643,0.09619,0.12255,0.00019,0.00004,
6.291,5.09625,0.02384,1.78600,0.00734,0.12148,0.00019,0.00004,
6.292,5.09750,0.02384,1.91887,0.00489,0.12151,0.00019,0.00004,
6.293,5.09500,0.02384,1.91887,0.00489,0.12145,0.00019,0.00004,
6.294,5.09625,0.02446,0.67821,0.77195,0.12468,0.00019,0.00004,
6.295,5.09625,0.02446,2.99813,0.95373,0.12468,0.00019,0.00004,
6.296,5.09625,0.02446,1.78356,0.00408,0.12468,0.00019,0.00004,
6.297,5.09625,0.02530,0.73527,2.03870,0.12894,0.00019,0.00004,
6.298,5.09750,0.02384,1.61237,0.93987,0.12151,0.00019,0.00004,
6.299,5.09625,0.02384,1.33441,0.00408,0.12148,0.00019,0.00004,
6.300,5.09750,0.02467,1.92784,0.00652,0.12577,0.00019,0.00004,
6.301,5.09625,0.02405,3.12693,0.00897,0.12255,0.00019,0.00004,
6.302,5.09750,0.02384,2.21722,2.92885,0.12151,0.00019,0.00004,
6.303,5.09750,0.02530,3.05356,0.01793,0.12897,0.00019,0.00004,
6.304,5.09750,0.02405,3.05356,0.01793,0.12258,0.00019,0.00004,
6.305,5.09625,0.02405,1.72569,0.16222,0.12255,0.00019,0.00004,
6.306,5.09500,0.02405,1.42326,0.00652,0.12252,0.00019,0.00004,
6.307,5.09500,0.02551,3.06662,0.01549,0.12997,0.00019,0.00004,
6.308,5.09750,0.02467,0.71978,1.08416,0.12577,0.00019,0.00004,
6.309,5.09625,0.02342,3.09026,1.28143,0.11935,0.00019,0.00004,
6.310,5.09750,0.02488,3.07070,0.04402,0.12684,0.00019,0.00004,
6.311,5.09750,0.02405,3.12776,0.00978,0.12258,0.00019,0.00004,
6.312,5.09875,0.02467,2.76664,2.80170,0.12581,0.00019,0.00004,
6.313,5.09875,0.02488,3.05358,0.03016,0.12687,0.00019,0.00004,
6.314,5.09625,0.02488,3.09434,0.53800,0.12681,0.00019,0.00004,
6.315,5.09625,0.02426,3.09434,0.53800,0.12361,0.00019,0.00004,
6.316,5.09375,0.02384,3.08619,0.19319,0.12142,0.00019,0.00004,
6.317,5.09875,0.02488,2.31342,1.69309,0.12687,0.00019,0.00004,
6.318,5.09625,0.02426,1.56429,0.91868,0.12361,0.00019,0.00004,
6.319,5.10125,0.02467,1.75993,0.00326,0.12587,0.00019,0.00004,
6.320,5.09875,0.02530,0.74832,1.35398,0.12900,0.00019,0.00004,
6.321,5.10000,0.02551,2.15202,0.00571,0.13010,0.00019,0.00004,
6.322,5.10000,0.02405,2.09496,0.00652,0.12264,0.00019,0.00004,
6.323,5.09500,0.02405,3.05766,0.02609,0.12252,0.00019,0.00004,
6.324,5.09625,0.02551,3.08864,0.20868,0.13001,0.00019,0.00004,
6.325,5.09625,0.02593,2.34766,1.56103,0.13214,0.00019,0.00004,
6.326,5.09750,0.02446,2.34766,1.56103,0.12471,0.00019,0.00004,
6.327,5.09750,0.02551,3.07321,0.04076,0.13004,0.00019,0.00004,
6.328,5.09625,0.02572,1.80725,0.56655,0.13107,0.00019,0.00004,
6.329,5.09375,0.02446,1.78035,0.00245,0.12462,0.00019,0.00004,
6.330,5.09625,0.02572,1.69801,0.00408,0.13107,0.00019,0.00004,
6.331,5.09625,0.02467,1.58796,0.00734,0.12574,0.00019,0.00004,
6.332,5.09750,0.02467,2.50178,2.85964,0.12577,0.00019,0.00004,
6.333,5.09750,0.02405,3.05528,0.01549,0.12258,0.00019,0.00004,
6.334,5.09375,0.02426,1.42167,0.00000,0.12355,0.00019,0.00004,
6.335,5.09625,0.02363,1.42167,0.00000,0.12042,0.00019,0.00004,
6.336,5.09750,0.02321,2.64443,2.62242,0.11831,0.00019,0.00004,
6.337,5.09750,0.02405,3.09196,0.95213,0.12258,0.00019,0.00004,
6.338,5.09875,0.02405,3.09196,0.95213,0.12261,0.00019,0.00004,
6.339,5.09500,0.02530,3.06914,0.01304,0.12891,0.00019,0.00004,
6.340,5.09500,0.02426,2.21483,0.00408,0.12358,0.00019,0.00004,
6.341,5.09625,0.02426,3.06832,0.02282,0.12361,0.00019,0.00004,
6.342,5.09500,0.02488,3.06669,0.02038,0.12678,0.00019,0.00004,
6.343,5.09750,0.02405,3.05365,0.01956,0.12258,0.00019,0.00004,
6.344,5.09625,0.02405,1.44857,1.70372,0.12255,0.00019,0.00004,
6.345,5.09625,0.02467,0.66029,1.51949,0.12574,0.00019,0.00004,
6.346,5.09750,0.02405,1.61975,1.72410,0.12258,0.00020,0.00004,
6.347,5.09625,0.02405,3.13598,0.00652,0.12255,0.00020,0.00004,
6.348,5.09750,0.02446,1.55454,0.00326,0.12471,0.00020,0.00004,
6.349,5.09750,0.02363,1.55454,0.00326,0.12045,0.00020,0.00004,
6.350,5.09750,0.02363,3.09599,0.91298,0.12045,0.00020,0.00004,
6.351,5.09500,0.02467,1.69635,0.58773,0.12571,0.00020,0.00004,
6.352,5.09625,0.02572,2.14551,0.00489,0.13107,0.00020,0.00004,
6.353,5.09625,0.02572,3.05441,0.01304,0.13107,0.00020,0.00004,
6.354,5.09625,0.02509,2.19197,0.00571,0.12787,0.00020,0.00004,
6.355,5.09750,0.02614,3.06827,0.01386,0.13324,0.00020,0.00004,
6.356,5.09625,0.02467,1.77787,1.23497,0.12574,0.00020,0.00004,
6.357,5.09500,0.02488,1.96699,1.24068,0.12678,0.00020,0.00004,
6.358,5.09500,0.02572,2.35011,1.56348,0.13104,0.00020,0.00004,
6.359,5.09750,0.02572,1.45262,0.00652,0.13110,0.00020,0.00004,
6.360,5.09750,0.02509,1.45262,0.00652,0.12791,0.00020,0.00004,
6.361,5.09500,0.02446,3.07140,0.03261,0.12465,0.00020,0.00004,
6.362,5.09625,0.02572,2.53667,2.03129,0.13107,0.00020,0.00004,
6.363,5.09750,0.02551,3.05346,0.02527,0.13004,0.00020,0.00004,
6.364,5.09500,0.02551,0.88523,1.36534,0.12997,0.00020,0.00004,
6.365,5.09625,0.02572,2.74861,2.14704,0.13107,0.00020,0.00004,
6.366,5.09625,0.02593,1.65308,2.60677,0.13214,0.00020,0.00004,
6.367,5.09625,0.02509,0.62683,0.99771,0.12787,0.00020,0.00004,
6.368,5.09750,0.02509,2.13726,0.00571,0.12791,0.00020,0.00004,
6.369,5.09625,0.02509,0.69286,1.38245,0.12787,0.00020,0.00004,
6.370,5.09625,0.02572,3.07547,0.06929,0.13107,0.00020,0.00004,
6.371,5.09750,0.02426,3.07547,0.06929,0.12364,0.00020,0.00004,
6.372,5.09625,0.02509,3.09559,0.52571,0.12787,0.00020,0.00004,
6.373,5.09500,0.02572,3.05321,0.01956,0.13104,0.00020,0.00004,
6.374,5.09500,0.02446,0.60477,1.37826,0.12465,0.00020,0.00004,
6.375,5.09750,0.02446,2.34981,2.13056,0.12471,0.00020,0.00004,
6.376,5.09750,0.02509,3.07358,0.06113,0.12791,0.00020,0.00004,
6.377,5.09750,0.02509,1.73444,0.00652,0.12791,0.00020,0.00004,
6.378,5.09500,0.02384,0.81506,1.16064,0.12145,0.00020,0.00004,
6.379,5.09625,0.02530,1.63664,2.96518,0.12894,0.00020,0.00004,
6.380,5.09750,0.02530,1.83469,0.00245,0.12897,0.00020,0.00004,
6.381,5.09875,0.02405,2.85026,0.00489,0.12261,0.00020,0.00004,
6.382,5.09750,0.02551,2.85026,0.00489,0.13004,0.00020,0.00004,
6.383,5.09750,0.02551,3.05484,0.02038,0.13004,0.00020,0.00004,
6.384,5.09500,0.02509,0.77920,1.30409,0.12784,0.00020,0.00004,
6.385,5.09500,0.02384,1.78335,1.85426,0.12145,0.00020,0.00004,
6.386,5.09500,0.02384,3.08663,1.61708,0.12145,0.00020,0.00004,
6.387,5.09750,0.02342,1.74341,0.00326,0.11938,0.00020,0.00004,
6.388,5.09500,0.02530,1.58936,0.00163,0.12891,0.00020,0.00004,
6.389,5.09625,0.02446,1.13864,1.24785,0.12468,0.00020,0.00004,
6.390,5.09750,0.02405,3.16080,0.01060,0.12258,0.00020,0.00004,
6.391,5.09750,0.02446,3.06625,0.03505,0.12471,0.00020,0.00004,
6.392,5.09500,0.02405,1.92924,0.00652,0.12252,0.00020,0.00004,
6.393,5.09750,0.02467,1.92924,0.00652,0.12577,0.00020,0.00004,
6.394,5.09625,0.02446,2.03522,0.00163,0.12468,0.00020,0.00004,
6.395,5.09625,0.02446,1.70023,0.03586,0.12468,0.00020,0.00004,
6.396,5.09750,0.02384,3.08666,1.29107,0.12151,0.00020,0.00004,
6.397,5.09500,0.02446,2.16971,0.00652,0.12465,0.00020,0.00004,
6.398,5.09500,0.02509,2.02789,0.00652,0.12784,0.00020,0.00004,
6.399,5.09750,0.02509,0.65205,1.96839,0.12791,0.00020,0.00004,
6.400,5.09500,0.02405,3.06302,0.01304,0.12252,0.00020,0.00004,
6.401,5.09750,0.02467,1.85672,0.00652,0.12577,0.00020,0.00004,
6.402,5.09625,0.02509,2.02707,0.00326,0.12787,0.00020,0.00004,
6.403,5.09625,0.02467,3.05487,0.01712,0.12574,0.00020,0.00004,
6.404,5.09750,0.02467,3.05487,0.01712,0.12577,0.00020,0.00004,
6.405,5.09500,0.02467,1.65705,1.70269,0.12571,0.00020,0.00004,
6.406,5.09625,0.02405,3.05327,1.18838,0.12255,0.00020,0.00004,
6.407,5.09625,0.02363,3.06223,0.01223,0.12042,0.00020,0.00004,
6.408,5.09750,0.02509,2.68974,0.00815,0.12791,0.00020,0.00004,
6.409,5.09500,0.02488,1.96351,0.00408,0.12678,0.00020,0.00004,
6.410,5.10125,0.02467,3.06957,0.04483,0.12587,0.00020,0.00004,
6.411,5.09625,0.02467,2.28139,0.00408,0.12574,0.00020,0.00004,
6.412,5.09625,0.02509,3.06631,0.01956,0.12787,0.00020,0.00004,
6.413,5.09625,0.02509,3.05571,0.02364,0.12787,0.00020,0.00004,
6.414,5.09625,0.02363,1.32368,1.61222,0.12042,0.00020,0.00004,
6.415,5.09625,0.02614,1.32368,1.61222,0.13320,0.00020,0.00004,
6.416,5.09875,0.02488,1.60652,1.73530,0.12687,0.00020,0.00004,
6.417,5.09875,0.02426,2.04667,0.00734,0.12367,0.00020,0.00004,
6.418,5.09875,0.02551,0.47030,1.34570,0.13007,0.00020,0.00004,
6.419,5.09750,0.02635,2.78268,2.57402,0.13430,0.00020,0.00004,
6.420,5.09500,0.02488,1.86979,0.00408,0.12678,0.00020,0.00004,
6.421,5.09625,0.02530,2.71666,0.00897,0.12894,0.00020,0.00004,
6.422,5.09625,0.02530,2.68976,2.40693,0.12894,0.00020,0.00004,
6.423,5.09375,0.02509,3.05166,0.02608,0.12781,0.00020,0.00004,
6.424,5.09625,0.02426,2.08497,0.00978,0.12361,0.00020,0.00004,
6.425,5.09875,0.02551,2.61722,0.79063,0.13007,0.00020,0.00004,
6.426,5.09375,0.02593,2.61722,0.79063,0.13207,0.00020,0.00004,
6.427,5.09625,0.02446,3.05170,1.09141,0.12468,0.00020,0.00004,
6.428,5.09500,0.02551,0.52003,1.14031,0.12997,0.00020,0.00004,
6.429,5.09625,0.02572,1.46961,1.64730,0.13107,0.00020,0.00004,
6.430,5.09750,0.02467,2.34827,0.00326,0.12577,0.00020,0.00004,
6.431,5.09750,0.02593,3.07615,0.04238,0.13217,0.00020,0.00004,
6.432,5.09750,0.02593,1.82173,0.00978,0.13217,0.00020,0.00004,
6.433,5.09875,0.02551,3.05414,0.01956,0.13007,0.00020,0.00004,
6.434,5.09750,0.02467,2.07440,0.00978,0.12577,0.00020,0.00004,
6.435,5.09750,0.02488,1.58046,1.26584,0.12684,0.00020,0.00004,
6.436,5.09625,0.02467,2.06707,2.04017,0.12574,0.00020,0.00004,
6.437,5.09375,0.02488,2.06707,2.04017,0.12675,0.00020,0.00004,
6.438,5.09625,0.02426,3.00148,0.93093,0.12361,0.00020,0.00004,
6.439,5.09750,0.02446,2.86127,2.30369,0.12471,0.00020,0.00004,
6.440,5.09750,0.02363,3.07322,0.00897,0.12045,0.00020,0.00004,
6.441,5.09375,0.02363,2.19609,0.00326,0.12036,0.00020,0.00004,
6.442,5.09500,0.02509,3.06262,0.01467,0.12784,0.00020,0.00004,
6.443,5.09500,0.02593,3.05447,0.02038,0.13211,0.00020,0.00004,
6.444,5.09500,0.02405,1.11761,0.29346,0.12252,0.00020,0.00004,
6.445,5.09750,0.02384,2.94442,2.03550,0.12151,0.00020,0.00004,
6.446,5.09625,0.02467,2.28250,1.77709,0.12574,0.00020,0.00004,
6.447,5.09625,0.02321,3.05203,1.31733,0.11828,0.00020,0.00004,
6.448,5.09250,0.02488,3.05203,1.31733,0.12672,0.00020,0.00004,
6.449,5.09250,0.02551,3.07321,0.04076,0.12991,0.00020,0.00004,
6.450,5.09500,0.02551,1.33689,0.00571,0.12997,0.00020,0.00004,
6.451,5.09875,0.02572,3.06425,0.01386,0.13114,0.00020,0.00004,
6.452,5.09875,0.02509,3.08055,0.21521,0.12794,0.00020,0.00004,
6.453,5.09750,0.02551,1.01082,0.58856,0.13004,0.00020,0.00004,
6.454,5.09500,0.02572,1.98903,1.38825,0.13104,0.00020,0.00004,
6.455,5.09500,0.02467,1.27820,1.13636,0.12571,0.00020,0.00004,
6.456,5.09500,0.02509,2.28249,2.89062,0.12784,0.00020,0.00004,
6.457,5.09250,0.02572,2.67133,0.00652,0.13098,0.00020,0.00004,
6.458,5.09250,0.02488,3.06751,0.01712,0.12672,0.00020,0.00004,
6.459,5.09500,0.02488,3.06751,0.01712,0.12678,0.00020,0.00004,
6.460,5.09875,0.02551,2.18386,1.73062,0.13007,0.00020,0.00004,
6.461,5.09625,0.02614,0.76056,1.36297,0.13320,0.00020,0.00004,
6.462,5.09750,0.02446,3.14902,0.00815,0.12471,0.00020,0.00004,
6.463,5.09625,0.02593,3.05609,0.01630,0.13214,0.00020,0.00004,
6.464,5.09375,0.02530,3.09359,0.74344,0.12888,0.00020,0.00004,
6.465,5.10000,0.02384,1.01897,1.46161,0.12157,0.00020,0.00004,
6.466,5.09625,0.02572,2.06402,2.79198,0.13107,0.00020,0.00004,
6.467,5.09625,0.02467,3.08055,0.17771,0.12574,0.00020,0.00004,
6.468,5.09625,0.02467,3.07321,0.01060,0.12574,0.00020,0.00004,
6.469,5.09750,0.02405,1.88224,2.99332,0.12258,0.00020,0.00004,
6.470,5.09750,0.02635,1.88224,2.99332,0.13430,0.00020,0.00004,
6.471,5.09750,0.02530,1.18772,2.37543,0.12897,0.00020,0.00004,
6.472,5.09625,0.02405,3.09279,0.53720,0.12255,0.00020,0.00004,
6.473,5.09750,0.02593,3.05529,0.01060,0.13217,0.00020,0.00004,
6.474,5.09500,0.02530,2.40396,0.00245,0.12891,0.00020,0.00004,
6.475,5.09750,0.02405,1.40537,1.97844,0.12258,0.00020,0.00004,
6.476,5.09750,0.02572,1.46325,1.93442,0.13110,0.00020,0.00004,
6.477,5.09500,0.02572,3.09360,0.78013,0.13104,0.00020,0.00004,
6.478,5.10000,0.02509,2.09419,2.80503,0.12797,0.00020,0.00004,
6.479,5.09625,0.02426,0.77360,1.60998,0.12361,0.00020,0.00004,
6.480,5.09750,0.02509,3.06670,0.01304,0.12791,0.00020,0.00004,
6.481,5.09750,0.02509,3.06670,0.01304,0.12791,0.00020,0.00004,
6.482,5.09625,0.02342,3.09689,0.52987,0.11935,0.00020,0.00004,
6.483,5.09625,0.02342,3.05205,0.01467,0.11935,0.00020,0.00004,
6.484,5.09875,0.02488,0.69291,1.49586,0.12687,0.00020,0.00004,
6.485,5.09875,0.02426,2.05427,0.09375,0.12367,0.00020,0.00004,
6.486,5.09750,0.02426,2.93629,1.25375,0.12364,0.00020,0.00004,
6.487,5.09750,0.02300,3.06754,0.01549,0.11725,0.00020,0.00004,
6.488,5.09750,0.02551,1.53744,0.00326,0.13004,0.00020,0.00004,
6.489,5.09750,0.02426,0.66764,1.89856,0.12364,0.00020,0.00004,
6.490,5.09875,0.02363,1.87492,0.00326,0.12047,0.00020,0.00004,
6.491,5.09750,0.02342,3.06998,0.03994,0.11938,0.00020,0.00004,
6.492,5.09375,0.02446,3.06998,0.03994,0.12462,0.00020,0.00004,
6.493,5.09500,0.02446,3.05776,0.02283,0.12465,0.00020,0.00004,
6.494,5.09375,0.02405,1.78036,2.43903,0.12249,0.00020,0.00004,
6.495,5.09375,0.02405,1.01980,0.25597,0.12249,0.00020,0.00004,
6.496,5.09875,0.02363,1.01980,0.25597,0.12047,0.00020,0.00004,
6.497,5.09500,0.02509,3.08384,0.20217,0.12784,0.00020,0.00004,
6.498,5.09750,0.02426,1.26272,0.04973,0.12364,0.00020,0.00004,
6.499,5.09500,0.02509,0.59916,1.37195,0.12784,0.00020,0.00004,
6.500,5.09500,0.02446,2.40398,0.00652,0.12465,0.00020,0.00004,
6.501,5.09625,0.02426,3.07977,0.09212,0.12361,0.00020,0.00004,
6.502,5.09250,0.02467,3.14335,0.01386,0.12565,0.00020,0.00004,
6.503,5.09250,0.02467,3.05286,0.02283,0.12565,0.00020,0.00004,
6.504,5.09875,0.02467,3.05286,0.02283,0.12581,0.00020,0.00004,
6.505,5.09500,0.02405,2.20425,1.11843,0.12252,0.00020,0.00004,
6.506,5.09500,0.02467,3.09932,0.52416,0.12571,0.00020,0.00004,
6.507,5.09500,0.02363,3.07160,0.01630,0.12039,0.00020,0.00004,
6.508,5.09625,0.02405,2.58738,2.84743,0.12255,0.00020,0.00004,
6.509,5.09500,0.02488,3.07323,0.04402,0.12678,0.00020,0.00004,
6.510,5.09875,0.02363,3.08383,0.11983,0.12047,0.00020,0.00004,
6.511,5.09875,0.02363,3.08954,0.24537,0.12047,0.00020,0.00004,
6.512,5.09875,0.02488,1.41923,0.00326,0.12687,0.00020,0.00004,
6.513,5.09500,0.02488,3.05204,0.01630,0.12678,0.00020,0.00004,
6.514,5.09500,0.02300,1.51053,0.00245,0.11719,0.00020,0.00004,
6.515,5.09875,0.02426,1.51053,0.00245,0.12367,0.00020,0.00004,
6.516,5.09250,0.02530,2.97449,1.10535,0.12885,0.00020,0.00004,
6.517,5.09625,0.02467,2.42671,1.86181,0.12574,0.00020,0.00004,
6.518,5.09500,0.02509,1.73546,0.00734,0.12784,0.00020,0.00004,
6.519,5.09875,0.02614,3.09677,0.85754,0.13327,0.00020,0.00004,
6.520,5.09750,0.02572,1.43141,0.00734,0.13110,0.00020,0.00004,
6.521,5.09750,0.02467,3.07068,0.03342,0.12577,0.00020,0.00004,
6.522,5.09625,0.02467,1.35968,2.45198,0.12574,0.00020,0.00004,
6.523,5.09875,0.02593,3.05438,0.02282,0.13220,0.00020,0.00004,
6.524,5.09625,0.02530,1.46809,0.00652,0.12894,0.00020,0.00004,
6.525,5.09750,0.02467,2.37780,2.62887,0.12577,0.00020,0.00004,
6.526,5.09875,0.02509,2.37780,2.62887,0.12794,0.00020,0.00004,
6.527,5.09625,0.02530,0.71484,0.79798,0.12894,0.00020,0.00004,
6.528,5.09750,0.02509,1.93994,0.00163,0.12791,0.00020,0.00004,
6.529,5.09750,0.02572,1.87473,0.00734,0.13110,0.00020,0.00004,
6.530,5.09750,0.02530,3.07293,0.06765,0.12897,0.00020,0.00004,
6.531,5.09500,0.02530,3.08352,0.22252,0.12891,0.00020,0.00004,
6.532,5.09500,0.02446,1.95787,0.00489,0.12465,0.00020,0.00004,
6.533,5.09750,0.02593,3.05499,0.02038,0.13217,0.00020,0.00004,
6.534,5.09750,0.02530,3.06233,1.60249,0.12897,0.00020,0.00004,
6.535,5.09750,0.02467,3.09412,1.02458,0.12577,0.00020,0.00004,
6.536,5.09625,0.02551,1.79322,1.86821,0.13001,0.00020,0.00004,
6.537,5.09500,0.02467,1.79322,1.86821,0.12571,0.00020,0.00004,
6.538,5.09750,0.02530,0.56731,1.25363,0.12897,0.00020,0.00004,
6.539,5.09750,0.02446,1.84050,0.00897,0.12471,0.00020,0.00004,
6.540,5.09625,0.02446,2.17877,0.00326,0.12468,0.00020,0.00004,
6.541,5.09750,0.02426,2.60180,2.78031,0.12364,0.00020,0.00004,
6.542,5.09375,0.02488,2.54964,0.00978,0.12675,0.00020,0.00004,
6.543,5.09750,0.02405,3.05011,0.01956,0.12258,0.00020,0.00004,
6.544,5.09625,0.02509,1.95869,0.00815,0.12787,0.00020,0.00004,
6.545,5.09375,0.02321,2.37765,2.57246,0.11823,0.00020,0.00004,
6.546,5.09500,0.02509,1.42887,0.00734,0.12784,0.00020,0.00004,
6.547,5.09750,0.02551,3.07945,0.11819,0.13004,0.00020,0.00004,
6.548,5.09750,0.02572,3.07945,0.11819,0.13110,0.00020,0.00004,
6.549,5.09625,0.02572,1.04171,2.30105,0.13107,0.00020,0.00004,
6.550,5.09875,0.02446,1.58702,0.00489,0.12474,0.00020,0.00004,
6.551,5.09500,0.02593,3.07541,0.08559,0.13211,0.00020,0.00004,
6.552,5.09750,0.02509,2.08179,2.79745,0.12791,0.00020,0.00004,
6.553,5.09500,0.02467,3.05503,0.01467,0.12571,0.00020,0.00004,
6.554,5.09750,0.02488,0.97324,1.07268,0.12684,0.00020,0.00004,
6.555,5.09625,0.02530,1.77531,2.76811,0.12894,0.00020,0.00004,
6.556,5.09750,0.02446,0.43853,1.49572,0.12471,0.00020,0.00004,
6.557,5.09875,0.02593,3.08763,0.52819,0.13220,0.00020,0.00004,
6.558,5.09875,0.02593,3.09415,0.95612,0.13220,0.00020,0.00004,
6.559,5.09625,0.02509,3.09415,0.95612,0.12787,0.00020,0.00004,
6.560,5.09875,0.02467,3.06644,1.51692,0.12581,0.00020,0.00004,
6.561,5.09750,0.02551,3.07459,0.04809,0.13004,0.00020,0.00004,
6.562,5.09875,0.02530,3.06970,0.05461,0.12900,0.00020,0.00004,
6.563,5.09500,0.02426,3.05176,0.01712,0.12358,0.00020,0.00004,
6.564,5.09750,0.02551,3.06807,0.02282,0.13004,0.00020,0.00004,
6.565,5.09750,0.02488,0.98139,1.59435,0.12684,0.00020,0.00004,
6.566,5.09750,0.02488,0.84364,1.82258,0.12684,0.00020,0.00004,
6.567,5.09750,0.02509,2.49586,2.70860,0.12791,0.00020,0.00004,
6.568,5.09750,0.02509,3.08111,0.22578,0.12791,0.00020,0.00004,
6.569,5.09750,0.02572,3.07214,0.03668,0.13110,0.00020,0.00004,
6.570,5.09625,0.02426,3.07214,0.03668,0.12361,0.00020,0.00004,
6.571,5.09625,0.02530,2.08506,2.40458,0.12894,0.00020,0.00004,
6.572,5.09875,0.02593,1.51611,0.00245,0.13220,0.00020,0.00004,
6.573,5.09625,0.02488,3.05015,0.02608,0.12681,0.00020,0.00004,
6.574,5.09875,0.02551,3.07786,0.11493,0.13007,0.00020,0.00004,
6.575,5.09500,0.02488,0.62927,2.00191,0.12678,0.00020,0.00004,
6.576,5.09500,0.02342,3.09416,0.46298,0.11932,0.00020,0.00004,
6.577,5.09625,0.02342,3.06890,1.76798,0.11935,0.00020,0.00004,
6.578,5.09500,0.02426,3.09579,0.63334,0.12358,0.00020,0.00004,
6.579,5.09500,0.02488,1.75820,0.00408,0.12678,0.00020,0.00004,
6.580,5.09875,0.02467,1.07513,1.16398,0.12581,0.00020,0.00004,
6.581,5.09750,0.02488,1.07513,1.16398,0.12684,0.00020,0.00004,
6.582,5.09875,0.02446,1.15991,1.69788,0.12474,0.00020,0.00004,
6.583,5.09500,0.02488,3.05097,0.01956,0.12678,0.00020,0.00004,
6.584,5.09750,0.02530,3.06320,0.01386,0.12897,0.00020,0.00004,
6.585,5.09750,0.02363,1.57154,2.57006,0.12045,0.00020,0.00004,
6.586,5.09875,0.02363,0.91374,1.69381,0.12047,0.00020,0.00004,
6.587,5.09750,0.02551,0.67491,0.76539,0.13004,0.00020,0.00004,
6.588,5.09500,0.02551,3.04853,1.13708,0.12997,0.00020,0.00004,
6.589,5.09625,0.02488,3.08439,0.36843,0.12681,0.00020,0.00004,
6.590,5.09875,0.02572,1.79570,0.00652,0.13114,0.00020,0.00004,
6.591,5.09750,0.02509,2.31411,2.89692,0.12791,0.00020,0.00004,
6.592,5.09875,0.02405,2.31411,2.89692,0.12261,0.00020,0.00004,
6.593,5.09875,0.02572,3.05758,0.01549,0.13114,0.00020,0.00004,
6.594,5.09375,0.02509,1.59359,0.00163,0.12781,0.00020,0.00004,
6.595,5.09375,0.02509,1.46154,0.07092,0.12781,0.00020,0.00004,
6.596,5.09625,0.02405,3.07633,0.06032,0.12255,0.00020,0.00004,
6.597,5.09750,0.02572,2.00279,2.76495,0.13110,0.00020,0.00004,
6.598,5.09625,0.02488,2.99237,0.94882,0.12681,0.00020,0.00004,
6.599,5.09500,0.02384,0.40594,1.63680,0.12145,0.00020,0.00004,
6.600,5.09875,0.02593,1.75173,0.00326,0.13220,0.00020,0.00004,
6.601,5.09750,0.02446,3.00541,0.88361,0.12471,0.00020,0.00004,
6.602,5.09750,0.02530,3.01438,0.84937,0.12897,0.00020,0.00004,
6.603,5.09750,0.02530,3.01438,0.84937,0.12897,0.00020,0.00004,
6.604,5.09625,0.02530,2.63621,2.65170,0.12894,0.00020,0.00004,
6.605,5.09500,0.02551,1.19828,1.25045,0.12997,0.00020,0.00004,
6.606,5.09500,0.02467,1.97838,0.02772,0.12571,0.00020,0.00004,
6.607,5.09625,0.02530,1.35479,2.44058,0.12894,0.00020,0.00004,
6.608,5.09875,0.02488,3.04216,0.98389,0.12687,0.00020,0.00004,
6.609,5.09625,0.02467,3.08536,1.40940,0.12574,0.00020,0.00004,
6.610,5.09625,0.02530,3.12205,0.00734,0.12894,0.00020,0.00004,
6.611,5.09625,0.02635,3.09596,0.58202,0.13427,0.00020,0.00004,
6.612,5.09625,0.02384,3.06825,1.62379,0.12148,0.00020,0.00004,
6.613,5.09750,0.02384,3.05276,0.02608,0.12151,0.00020,0.00004,
6.614,5.09875,0.02488,3.05276,0.02608,0.12687,0.00020,0.00004,
6.615,5.09625,0.02551,2.06822,0.65544,0.13001,0.00020,0.00004,
6.616,5.09500,0.02363,3.09704,0.57392,0.12039,0.00020,0.00004,
6.617,5.09875,0.02405,0.96849,1.07120,0.12261,0.00020,0.00004,
6.618,5.09750,0.02572,3.09296,0.77446,0.13110,0.00020,0.00004,
6.619,5.09625,0.02342,2.71714,2.31279,0.11935,0.00020,0.00004,
6.620,5.09500,0.02384,3.07910,0.11169,0.12145,0.00020,0.00004,
6.621,5.09500,0.02446,3.07258,1.81795,0.12465,0.00020,0.00004,
6.622,5.09375,0.02446,1.90192,0.00326,0.12462,0.00020,0.00004,
6.623,5.09750,0.02405,3.05057,0.01875,0.12258,0.00020,0.00004,
6.624,5.09750,0.02426,3.07666,0.01223,0.12364,0.00020,0.00004,
6.625,5.09500,0.02467,3.07666,0.01223,0.12571,0.00020,0.00004,
6.626,5.09500,0.02342,1.34677,2.03156,0.11932,0.00020,0.00004,
6.627,5.09750,0.02426,3.07180,0.04728,0.12364,0.00020,0.00004,
6.628,5.09500,0.02446,2.94299,1.21551,0.12465,0.00020,0.00004,
6.629,5.09500,0.02446,3.06691,0.02283,0.12465,0.00020,0.00004,
6.630,5.09500,0.02405,3.06936,0.02201,0.12252,0.00021,0.00004,
6.631,5.09625,0.02405,0.56007,0.98969,0.12255,0.00021,0.00004,
6.632,5.09625,0.02446,3.06854,0.02283,0.12468,0.00021,0.00004,
6.633,5.09750,0.02363,3.05713,0.02038,0.12045,0.00021,0.00004,
6.634,5.09875,0.02446,2.48157,2.97886,0.12474,0.00021,0.00004,
6.635,5.09500,0.02426,1.26850,2.41065,0.12358,0.00021,0.00004,
6.636,5.09625,0.02426,1.26850,2.41065,0.12361,0.00021,0.00004,
6.637,5.10000,0.02363,2.38908,2.59619,0.12050,0.00021,0.00004,
6.638,5.09625,0.02530,3.06749,0.01305,0.12894,0.00021,0.00004,
6.639,5.09625,0.02509,3.06586,0.04158,0.12787,0.00021,0.00004,
6.640,5.09750,0.02509,3.06993,0.01305,0.12791,0.00021,0.00004,
6.641,5.09625,0.02446,1.89170,2.24558,0.12468,0.00021,0.00004,
6.642,5.09625,0.02551,3.09032,0.47292,0.13001,0.00021,0.00004,
6.643,5.09500,0.02530,3.05118,0.01794,0.12891,0.00021,0.00004,
6.644,5.09750,0.02426,3.06993,0.03343,0.12364,0.00021,0.00004,
6.645,5.09750,0.02446,1.68785,0.03098,0.12471,0.00021,0.00004,
6.646,5.09750,0.02509,1.21574,1.73188,0.12791,0.00021,0.00004,
6.647,5.09750,0.02384,1.21574,1.73188,0.12151,0.00021,0.00004,
6.648,5.09750,0.02488,1.03717,1.19862,0.12684,0.00021,0.00004,
6.649,5.09875,0.02488,1.58185,0.00000,0.12687,0.00021,0.00004,
6.650,5.09500,0.02551,3.17185,0.00652,0.12997,0.00021,0.00004,
6.651,5.09750,0.02488,0.51043,1.20514,0.12684,0.00021,0.00004,
6.652,5.09750,0.02363,3.09357,0.48842,0.12045,0.00021,0.00004,
6.653,5.09750,0.02509,3.05280,0.01549,0.12791,0.00021,0.00004,
6.654,5.09750,0.02384,1.24672,0.03995,0.12151,0.00021,0.00004,
6.655,5.09750,0.02467,0.75015,1.49705,0.12577,0.00021,0.00004,
6.656,5.09875,0.02488,2.28634,2.89625,0.12687,0.00021,0.00004,
6.657,5.09875,0.02405,2.28634,2.89625,0.12261,0.00021,0.00004,
6.658,5.09625,0.02405,2.84732,1.70579,0.12255,0.00021,0.00004,
6.659,5.09625,0.02446,2.84732,1.70579,0.12468,0.00021,0.00004,
6.660,5.09500,0.02509,2.37848,2.58151,0.12784,0.00021,0.00004,
6.661,5.09375,0.02342,3.08949,1.63322,0.11929,0.00021,0.00004,
6.662,5.09500,0.02342,3.09194,0.54794,0.11932,0.00021,0.00004,
6.663,5.09750,0.02446,3.05769,0.01549,0.12471,0.00021,0.00004,
6.664,5.09500,0.02363,3.07237,0.00978,0.12039,0.00021,0.00004,
6.665,5.09375,0.02426,0.60665,1.94551,0.12355,0.00021,0.00004,
6.666,5.09375,0.02488,3.09031,0.40932,0.12675,0.00021,0.00004,
6.667,5.09875,0.02488,0.64008,1.38942,0.12687,0.00021,0.00004,
6.668,5.09625,0.02342,3.09765,0.71672,0.11935,0.00021,0.00004,
6.669,5.09500,0.02446,3.09194,0.39546,0.12465,0.00021,0.00004,
6.670,5.09875,0.02426,3.09194,0.39546,0.12367,0.00021,0.00004,
6.671,5.09625,0.02342,2.09463,2.79909,0.11935,0.00021,0.00004,
6.672,5.09625,0.02446,3.16274,0.00815,0.12468,0.00021,0.00004,
6.673,5.10125,0.02426,3.05593,0.02365,0.12373,0.00021,0.00004,
6.674,5.09750,0.02446,1.81660,0.00245,0.12471,0.00021,0.00004,
6.675,5.09750,0.02426,1.39995,1.50513,0.12364,0.00021,0.00004,
6.676,5.09625,0.02426,3.09343,0.89036,0.12361,0.00021,0.00004,
6.677,5.09375,0.02426,3.18067,0.00326,0.12355,0.00021,0.00004,
6.678,5.09750,0.02551,2.30744,2.89530,0.13004,0.00021,0.00004,
6.679,5.09750,0.02467,3.07876,0.05789,0.12577,0.00021,0.00004,
6.680,5.09500,0.02426,3.06979,0.01386,0.12358,0.00021,0.00004,
6.681,5.09625,0.02572,3.06979,0.01386,0.13107,0.00021,0.00004,
6.682,5.09875,0.02572,2.57946,2.85746,0.13114,0.00021,0.00004,
6.683,5.09625,0.02405,3.06046,0.01794,0.12255,0.00021,0.00004,
6.684,5.09625,0.02614,3.19416,0.00652,0.13320,0.00021,0.00004,
6.685,5.09625,0.02614,2.40011,2.64631,0.13320,0.00021,0.00004,
6.686,5.09375,0.02509,2.41641,2.64305,0.12781,0.00021,0.00004,
6.687,5.09375,0.02509,0.68807,1.27016,0.12781,0.00021,0.00004,
6.688,5.09500,0.02467,1.84573,0.14185,0.12571,0.00021,0.00004,
6.689,5.09750,0.02572,2.24358,0.00978,0.13110,0.00021,0.00004,
6.690,5.09875,0.02446,3.07106,1.73486,0.12474,0.00021,0.00004,
6.691,5.09625,0.02572,3.08084,0.09294,0.13107,0.00021,0.00004,
6.692,5.09750,0.02572,3.08084,0.09294,0.13110,0.00021,0.00004,
6.693,5.09750,0.02467,3.05993,0.01793,0.12577,0.00021,0.00004,
6.694,5.09750,0.02530,3.08683,0.52086,0.12897,0.00021,0.00004,
6.695,5.09750,0.02530,0.87217,1.22837,0.12897,0.00021,0.00004,
6.696,5.09625,0.02509,3.07705,0.07581,0.12787,0.00021,0.00004,
6.697,5.09625,0.02446,1.52100,1.19251,0.12468,0.00021,0.00004,
6.698,5.09625,0.02614,1.09062,1.38895,0.13320,0.00021,0.00004,
6.699,5.09625,0.02509,3.09335,1.21370,0.12787,0.00021,0.00004,
6.700,5.09875,0.02488,3.08928,1.10529,0.12687,0.00021,0.00004,
6.701,5.09625,0.02551,2.14130,2.43963,0.13001,0.00021,0.00004,
6.702,5.09750,0.02593,3.09172,0.99199,0.13217,0.00021,0.00004,
6.703,5.09750,0.02593,3.09172,0.99199,0.13217,0.00021,0.00004,
6.704,5.09625,0.02488,1.46884,0.02934,0.12681,0.00021,0.00004,
6.705,5.09375,0.02551,1.46639,0.06765,0.12994,0.00021,0.00004,
6.706,5.09250,0.02530,3.09174,0.55754,0.12885,0.00021,0.00004,
6.707,5.09500,0.02426,1.13790,1.30908,0.12358,0.00021,0.00004,
6.708,5.09625,0.02509,0.96510,1.07351,0.12787,0.00021,0.00004,
6.709,5.09875,0.02530,1.02542,1.13138,0.12900,0.00021,0.00004,
6.710,5.09875,0.02405,1.79081,2.17228,0.12261,0.00021,0.00004,
6.711,5.09750,0.02426,1.80141,0.00652,0.12364,0.00021,0.00004,
6.712,5.09750,0.02426,0.57710,1.84950,0.12364,0.00021,0.00004,
6.713,5.09750,0.02509,3.05424,0.02038,0.12791,0.00021,0.00004,
6.714,5.09750,0.02509,3.05424,0.02038,0.12791,0.00021,0.00004,
6.715,5.09875,0.02405,1.62454,1.74273,0.12261,0.00021,0.00004,
6.716,5.09875,0.02467,1.99216,0.00245,0.12581,0.00021,0.00004,
6.717,5.09500,0.02405,0.71079,2.14866,0.12252,0.00021,0.00004,
6.718,5.09875,0.02446,2.92465,2.07937,0.12474,0.00021,0.00004,
6.719,5.09750,0.02467,2.58312,2.85374,0.12577,0.00021,0.00004,
6.720,5.09750,0.02509,2.56111,1.94406,0.12791,0.00021,0.00004,
6.721,5.09750,0.02405,1.81038,0.00897,0.12258,0.00021,0.00004,
6.722,5.09625,0.02405,2.15110,2.44862,0.12255,0.00021,0.00004,
6.723,5.09750,0.02467,3.05344,0.02201,0.12577,0.00021,0.00004,
6.724,5.09750,0.02446,1.52754,0.04891,0.12471,0.00021,0.00004,
6.725,5.09750,0.02363,1.52754,0.04891,0.12045,0.00021,0.00004,
6.726,5.09750,0.02405,1.53326,1.06945,0.12258,0.00021,0.00004,
6.727,5.09625,0.02384,0.78171,0.87137,0.12148,0.00021,0.00004,
6.728,5.09625,0.02300,1.33763,1.12081,0.11722,0.00021,0.00004,
6.729,5.09875,0.02384,2.20737,1.30584,0.12154,0.00021,0.00004,
6.730,5.09875,0.02446,2.65896,2.57663,0.12474,0.00021,0.00004,
6.731,5.09625,0.02446,1.50962,0.00734,0.12468,0.00021,0.00004,
6.732,5.09625,0.02321,2.82117,1.82508,0.11828,0.00021,0.00004,
6.733,5.09625,0.02488,3.05430,0.01875,0.12681,0.00021,0.00004,
6.734,5.09250,0.02446,2.24569,2.87089,0.12459,0.00021,0.00004,
6.735,5.09500,0.02342,1.26834,1.15096,0.11932,0.00021,0.00004,
6.736,5.09750,0.02467,1.26834,1.15096,0.12577,0.00021,0.00004,
6.737,5.09250,0.02467,1.87317,0.14672,0.12565,0.00021,0.00004,
6.738,5.09625,0.02446,3.09017,0.35051,0.12468,0.00021,0.00004,
6.739,5.09625,0.02467,1.64494,1.78351,0.12574,0.00021,0.00004,
6.740,5.09750,0.02467,2.16336,0.09863,0.12577,0.00021,0.00004,
6.741,5.09625,0.02467,1.76965,0.00245,0.12574,0.00021,0.00004,
6.742,5.09625,0.02426,1.87317,0.90398,0.12361,0.00021,0.00004,
6.743,5.09500,0.02572,3.05511,0.02038,0.13104,0.00021,0.00004,
6.744,5.09500,0.02467,1.46968,1.61559,0.12571,0.00021,0.00004,
6.745,5.09875,0.02446,1.45664,0.02690,0.12474,0.00021,0.00004,
6.746,5.09750,0.02384,1.53897,1.81693,0.12151,0.00021,0.00004,
6.747,5.09625,0.02509,1.53897,1.81693,0.12787,0.00021,0.00004,
6.748,5.09625,0.02446,0.91215,1.41918,0.12468,0.00021,0.00004,
6.749,5.09750,0.02446,3.00057,0.92357,0.12471,0.00021,0.00004,
6.750,5.09750,0.02446,2.84977,1.68655,0.12471,0.00021,0.00004,
6.751,5.09625,0.02426,3.08290,0.01304,0.12361,0.00021,0.00004,
6.752,5.09625,0.02405,0.59995,1.19257,0.12255,0.00021,0.00004,
6.753,5.09500,0.02426,3.05030,0.01549,0.12358,0.00021,0.00004,
6.754,5.09750,0.02446,0.37252,1.77540,0.12471,0.00021,0.00004,
6.755,5.09875,0.02405,2.16993,1.07763,0.12261,0.00021,0.00004,
6.756,5.09750,0.02405,3.07475,0.08641,0.12258,0.00021,0.00004,
6.757,5.09750,0.02446,2.22862,2.42345,0.12471,0.00021,0.00004,
6.758,5.09500,0.02446,2.22862,2.42345,0.12465,0.00021,0.00004,
6.759,5.09625,0.02405,1.60503,1.76317,0.12255,0.00021,0.00004,
6.760,5.09625,0.02405,3.07312,0.04809,0.12255,0.00021,0.00004,
6.761,5.09500,0.02446,3.06415,0.01060,0.12465,0.00021,0.00004,
6.762,5.09750,0.02426,1.69225,0.07499,0.12364,0.00021,0.00004,
6.763,5.09625,0.02446,3.05193,0.01875,0.12468,0.00021,0.00004,
6.764,5.09625,0.02426,0.89096,0.99530,0.12361,0.00021,0.00004,
6.765,5.09500,0.02426,3.09187,1.20805,0.12358,0.00021,0.00004,
6.766,5.09500,0.02363,3.08453,0.17281,0.12039,0.00021,0.00004,
6.767,5.09750,0.02363,2.12918,1.67269,0.12045,0.00021,0.00004,
6.768,5.09750,0.02467,1.39309,0.02119,0.12577,0.00021,0.00004,
6.769,5.09750,0.02467,1.39309,0.02119,0.12577,0.00021,0.00004,
6.770,5.09500,0.02342,1.27164,0.06032,0.11932,0.00021,0.00004,
6.771,5.09500,0.02446,2.67697,0.00734,0.12465,0.00021,0.00004,
6.772,5.09500,0.02363,0.53556,1.44445,0.12039,0.00021,0.00004,
6.773,5.09625,0.02405,3.05357,0.01793,0.12255,0.00021,0.00004,
6.774,5.09875,0.02488,1.92621,1.53005,0.12687,0.00021,0.00004,
6.775,5.09875,0.02614,2.00284,1.36783,0.13327,0.00021,0.00004,
6.776,5.09500,0.02614,1.00590,1.11595,0.13317,0.00021,0.00004,
6.777,5.09750,0.02509,2.26531,2.46340,0.12791,0.00021,0.00004,
6.778,5.09875,0.02467,1.43386,1.51945,0.12581,0.00021,0.00004,
6.779,5.09625,0.02488,2.84407,1.83084,0.12681,0.00021,0.00004,
6.780,5.09500,0.02530,2.84407,1.83084,0.12891,0.00021,0.00004,
6.781,5.09625,0.02467,1.73792,2.11860,0.12574,0.00021,0.00004,
6.782,5.09875,0.02509,3.06826,0.02282,0.12794,0.00021,0.00004,
6.783,5.10000,0.02551,3.05277,0.01630,0.13010,0.00021,0.00004,
6.784,5.10000,0.02467,0.38475,1.18932,0.12584,0.00021,0.00004,
6.785,5.09750,0.02467,2.51721,1.36213,0.12577,0.00021,0.00004,
6.786,5.09625,0.02467,2.99652,0.97248,0.12574,0.00021,0.00004,
6.787,5.09625,0.02530,1.31078,0.15896,0.12894,0.00021,0.00004,
6.788,5.09750,0.02467,1.92377,1.54799,0.12577,0.00021,0.00004,
6.789,5.09750,0.02572,0.76380,0.84940,0.13110,0.00021,0.00004,
6.790,5.09750,0.02572,2.55226,1.89117,0.13110,0.00021,0.00004,
6.791,5.09625,0.02488,2.55226,1.89117,0.12681,0.00021,0.00004,
6.792,5.09500,0.02551,1.30755,0.05217,0.12997,0.00021,0.00004,
6.793,5.09500,0.02572,3.05611,0.02038,0.13104,0.00021,0.00004,
6.794,5.09750,0.02446,2.12110,2.43494,0.12471,0.00021,0.00004,
6.795,5.09750,0.02446,1.52439,1.83008,0.12471,0.00021,0.00004,
6.796,5.09375,0.02509,3.08383,0.13043,0.12781,0.00021,0.00004,
6.797,5.09875,0.02530,1.50482,1.96866,0.12900,0.00021,0.00004,
6.798,5.09625,0.02488,2.22626,2.51239,0.12681,0.00021,0.00004,
6.799,5.09625,0.02593,1.70373,2.62733,0.13214,0.00021,0.00004,
6.800,5.09625,0.02593,1.22196,1.75019,0.13214,0.00021,0.00004,
6.801,5.09500,0.02426,3.08057,0.09049,0.12358,0.00021,0.00004,
6.802,5.09500,0.02635,3.08057,0.09049,0.13424,0.00021,0.00004,
6.803,5.09375,0.02635,3.05623,0.01875,0.13420,0.00021,0.00004,
6.804,5.09625,0.02530,2.78640,1.95814,0.12894,0.00021,0.00004,
6.805,5.09625,0.02446,1.51793,1.61004,0.12468,0.00021,0.00004,
6.806,5.09500,0.02530,0.46467,1.68667,0.12891,0.00021,0.00004,
6.807,5.09625,0.02593,3.12716,1.11603,0.13214,0.00021,0.00004,
6.808,5.09750,0.02384,1.64836,2.06575,0.12151,0.00021,0.00004,
6.809,5.09750,0.02363,0.86820,0.72717,0.12045,0.00021,0.00004,
6.810,5.09750,0.02467,2.49129,2.70814,0.12577,0.00021,0.00004,
6.811,5.09750,0.02530,3.09699,0.59021,0.12897,0.00021,0.00004,
6.812,5.09750,0.02530,1.44945,0.02527,0.12897,0.00021,0.00004,
6.813,5.09250,0.02446,1.44945,0.02527,0.12459,0.00021,0.00004,
6.814,5.09750,0.02426,0.88370,1.13560,0.12364,0.00021,0.00004,
6.815,5.09500,0.02446,1.65408,1.65326,0.12465,0.00021,0.00004,
6.816,5.09750,0.02363,3.09213,0.31957,0.12045,0.00021,0.00004,
6.817,5.09750,0.02446,0.38560,1.19104,0.12471,0.00021,0.00004,
6.818,5.09375,0.02405,0.38560,1.19104,0.12249,0.00021,0.00004,
6.819,5.09750,0.02321,1.92147,1.53424,0.11831,0.00021,0.00004,
6.820,5.09750,0.02426,1.43316,0.13614,0.12364,0.00021,0.00004,
6.821,5.09750,0.02426,1.83995,2.21332,0.12364,0.00021,0.00004,
6.822,5.09875,0.02426,2.18560,2.39837,0.12367,0.00021,0.00004,
6.823,5.09375,0.02363,3.05789,0.01875,0.12036,0.00021,0.00004,
6.824,5.09625,0.02467,0.68152,2.13506,0.12574,0.00021,0.00004,
6.825,5.09625,0.02363,0.68152,2.13506,0.12042,0.00021,0.00004,
6.826,5.09750,0.02363,2.34294,0.24212,0.12045,0.00021,0.00004,
6.827,5.09875,0.02446,2.86060,1.66223,0.12474,0.00021,0.00004,
6.828,5.09625,0.02426,2.02256,0.11495,0.12361,0.00021,0.00004,
6.829,5.09625,0.02363,1.62147,1.28723,0.12042,0.00021,0.00004,
6.830,5.09625,0.02363,3.04566,1.05652,0.12042,0.00021,0.00004,
6.831,5.09750,0.02488,0.95054,2.26468,0.12684,0.00021,0.00004,
6.832,5.09500,0.02426,0.94565,2.25979,0.12358,0.00021,0.00004,
6.833,5.09750,0.02405,3.10028,0.05380,0.12258,0.00021,0.00004,
6.834,5.09875,0.02405,1.76902,2.47582,0.12261,0.00021,0.00004,
6.835,5.09500,0.02509,0.85190,1.82120,0.12784,0.00021,0.00004,
6.836,5.09750,0.02509,0.85190,1.82120,0.12791,0.00021,0.00004,
6.837,5.09500,0.02509,1.81709,0.37010,0.12784,0.00021,0.00004,
6.838,5.09750,0.02530,3.09452,1.22281,0.12897,0.00021,0.00004,
6.839,5.09750,0.02530,2.03068,2.77252,0.12897,0.00021,0.00004,
6.840,5.09625,0.02467,3.08718,1.55460,0.12574,0.00021,0.00004,
6.841,5.09750,0.02530,2.31355,1.48204,0.12897,0.00021,0.00004,
6.842,5.10000,0.02530,2.23040,2.86382,0.12904,0.00021,0.00004,
6.843,5.09500,0.02551,3.05458,0.01956,0.12997,0.00021,0.00004,
6.844,5.09750,0.02384,0.61467,0.81602,0.12151,0.00021,0.00004,
6.845,5.09750,0.02530,1.96220,1.39808,0.12897,0.00021,0.00004,
6.846,5.09625,0.02530,2.90458,2.61437,0.12894,0.00021,0.00004,
6.847,5.09500,0.02467,2.90458,2.61437,0.12571,0.00021,0.00004,
6.848,5.09500,0.02467,1.80237,0.35134,0.12571,0.00021,0.00004,
6.849,5.09750,0.02593,2.86781,1.59776,0.13217,0.00021,0.00004,
6.850,5.09625,0.02488,3.08302,1.85128,0.12681,0.00021,0.00004,
6.851,5.09625,0.02405,0.70921,2.05589,0.12255,0.00021,0.00004,
6.852,5.09625,0.02530,0.43775,1.98823,0.12894,0.00021,0.00004,
6.853,5.09750,0.02300,3.05693,0.01304,0.11725,0.00021,0.00004,
6.854,5.09750,0.02321,1.92138,0.08396,0.11831,0.00021,0.00004,
6.855,5.09750,0.02405,2.83113,2.36647,0.12258,0.00021,0.00004,
6.856,5.10000,0.02467,2.81482,1.84965,0.12584,0.00021,0.00004,
6.857,5.10000,0.02363,0.51030,1.22277,0.12050,0.00021,0.00004,
6.858,5.09750,0.02363,0.51030,1.22277,0.12045,0.00021,0.00004,
6.859,5.09500,0.02405,1.96945,2.01591,0.12252,0.00021,0.00004,
6.860,5.09500,0.02405,1.88304,2.42758,0.12252,0.00021,0.00004,
6.861,5.09500,0.02342,1.75669,0.02772,0.11932,0.00021,0.00004,
6.862,5.09500,0.02384,2.35421,1.85207,0.12145,0.00021,0.00004,
6.863,5.09750,0.02551,3.05607,0.01956,0.13004,0.00021,0.00004,
6.864,5.09500,0.02342,2.48790,1.93684,0.11932,0.00021,0.00004,
6.865,5.09500,0.02467,1.84717,0.53394,0.12571,0.00021,0.00004,
6.866,5.09500,0.02446,2.50828,1.81131,0.12465,0.00021,0.00004,
6.867,5.09625,0.02446,2.40801,2.94928,0.12468,0.00021,0.00004,
6.868,5.09875,0.02426,1.08173,1.33362,0.12367,0.00021,0.00004,
6.869,5.09500,0.02405,1.08173,1.33362,0.12252,0.00021,0.00004,
6.870,5.09875,0.02467,1.55938,1.62704,0.12581,0.00021,0.00004,
6.871,5.09750,0.02384,1.67024,2.61010,0.12151,0.00021,0.00004,
6.872,5.09750,0.02509,1.37597,0.06277,0.12791,0.00021,0.00004,
6.873,5.09750,0.02572,3.05436,0.01875,0.13110,0.00021,0.00004,
6.874,5.09625,0.02551,1.30342,0.13694,0.13001,0.00021,0.00004,
6.875,5.09625,0.02405,2.21313,1.13876,0.12255,0.00021,0.00004,
6.876,5.09500,0.02405,1.16566,1.70529,0.12252,0.00021,0.00004,
6.877,5.09500,0.02593,1.01404,1.50884,0.13211,0.00021,0.00004,
6.878,5.09500,0.02488,2.44952,1.91886,0.12678,0.00021,0.00004,
6.879,5.09500,0.02405,1.16077,1.54878,0.12252,0.00021,0.00004,
6.880,5.09875,0.02509,1.16077,1.54878,0.12794,0.00021,0.00004,
6.881,5.10000,0.02614,2.59219,1.20887,0.13330,0.00021,0.00004,
6.882,5.09625,0.02405,1.06051,1.15263,0.12255,0.00021,0.00004,
6.883,5.09625,0.02614,3.05683,0.02201,0.13320,0.00021,0.00004,
6.884,5.09625,0.02530,1.39310,1.65884,0.12894,0.00021,0.00004,
6.885,5.09625,0.02530,0.69859,2.05337,0.12894,0.00021,0.00004,
6.886,5.09875,0.02530,2.04685,1.30017,0.12900,0.00021,0.00004,
6.887,5.09625,0.02593,2.47970,1.75829,0.13214,0.00021,0.00004,
6.888,5.09625,0.02551,1.53819,0.04728,0.13001,0.00021,0.00004,
6.889,5.09750,0.02426,2.15934,0.11494,0.12364,0.00021,0.00004,
6.890,5.09375,0.02572,2.12266,1.17708,0.13101,0.00021,0.00004,
6.891,5.09625,0.02551,2.12266,1.17708,0.13001,0.00021,0.00004,
6.892,5.09875,0.02530,1.32381,0.16874,0.12900,0.00021,0.00004,
6.893,5.09875,0.02467,3.05357,0.01467,0.12581,0.00021,0.00004,
6.894,5.09500,0.02530,1.55858,0.14836,0.12891,0.00021,0.00004,
6.895,5.09500,0.02530,2.81555,2.79761,0.12891,0.00021,0.00004,
6.896,5.09500,0.02446,0.45893,1.44935,0.12465,0.00021,0.00004,
6.897,5.09750,0.02530,0.73445,1.11676,0.12897,0.00021,0.00004,
6.898,5.09500,0.02593,0.52578,1.68004,0.13211,0.00021,0.00004,
6.899,5.09750,0.02488,2.46014,1.92458,0.12684,0.00021,0.00004,
6.900,5.09625,0.02509,1.26675,0.04972,0.12787,0.00021,0.00004,
6.901,5.09625,0.02572,1.80801,0.08722,0.13107,0.00021,0.00004,
6.902,5.09625,0.02530,1.80801,0.08722,0.12894,0.00021,0.00004,
6.903,5.09625,0.02530,3.05444,0.01793,0.12894,0.00021,0.00004,
6.904,5.09750,0.02509,2.33464,2.52376,0.12791,0.00021,0.00004,
6.905,5.09750,0.02614,1.67436,2.82619,0.13324,0.00021,0.00004,
6.906,5.09500,0.02363,0.84533,1.14124,0.12039,0.00021,0.00004,
6.907,5.09625,0.02300,0.68719,1.34503,0.11722,0.00021,0.00004,
6.908,5.09625,0.02488,2.68027,0.71898,0.12681,0.00021,0.00004,
6.909,5.09625,0.02426,2.02569,0.20216,0.12361,0.00021,0.00004,
6.910,5.09750,0.02467,0.55431,1.00592,0.12577,0.00021,0.00004,
6.911,5.09750,0.02405,2.01020,0.98228,0.12258,0.00021,0.00004,
6.912,5.09625,0.02405,0.36275,1.84799,0.12255,0.00021,0.00004,
6.913,5.09750,0.02384,0.36275,1.84799,0.12151,0.00021,0.00004,
6.914,5.09625,0.02509,2.51726,1.70372,0.12787,0.00021,0.00004,
6.915,5.09750,0.02426,2.48628,1.67192,0.12364,0.00021,0.00004,
6.916,5.09500,0.02467,2.17326,1.23825,0.12571,0.00021,0.00004,
6.917,5.09500,0.02384,0.40677,1.17793,0.12145,0.00022,0.00004,
6.918,5.09500,0.02384,2.10967,2.42107,0.12145,0.00022,0.00004,
6.919,5.09625,0.02467,2.17081,1.91485,0.12574,0.00022,0.00004,
6.920,5.09625,0.02426,1.60019,0.04728,0.12361,0.00022,0.00004,
6.921,5.09625,0.02426,1.30102,0.16304,0.12361,0.00022,0.00004,
6.922,5.09750,0.02405,2.49362,2.70801,0.12258,0.00022,0.00004,
6.923,5.09500,0.02405,3.05528,0.01467,0.12252,0.00022,0.00004,
6.924,5.09625,0.02342,3.05528,0.01467,0.11935,0.00022,0.00004,
6.925,5.09500,0.02467,0.83318,1.84897,0.12571,0.00022,0.00004,
6.926,5.09625,0.02405,1.35574,0.05707,0.12255,0.00022,0.00004,
6.927,5.09500,0.02363,1.44216,0.06848,0.12039,0.00022,0.00004,
6.928,5.09750,0.02363,1.42993,1.15846,0.12045,0.00022,0.00004,
6.929,5.09750,0.02488,1.98756,2.02913,0.12684,0.00022,0.00004,
6.930,5.09750,0.02488,1.74054,0.04565,0.12684,0.00022,0.00004,
6.931,5.09750,0.02446,2.33077,0.24213,0.12471,0.00022,0.00004,
6.932,5.09875,0.02426,0.58371,0.91144,0.12367,0.00022,0.00004,
6.933,5.09500,0.02279,3.05389,0.01630,0.11612,0.00022,0.00004,
6.934,5.09750,0.02321,2.72779,1.35493,0.11831,0.00022,0.00004,
6.935,5.09750,0.02551,2.72779,1.35493,0.13004,0.00022,0.00004,
6.936,5.09625,0.02405,0.47286,1.01095,0.12255,0.00022,0.00004,
6.937,5.09500,0.02426,2.66760,2.47356,0.12358,0.00022,0.00004,
6.938,5.09500,0.02405,1.40799,1.28488,0.12252,0.00022,0.00004,
6.939,5.09625,0.02405,2.38877,1.60121,0.12255,0.00022,0.00004,
6.940,5.09625,0.02551,1.51561,1.06476,0.13001,0.00022,0.00004,
6.941,5.09750,0.02572,1.14954,1.52539,0.13110,0.00022,0.00004,
6.942,5.09750,0.02426,0.68402,1.25716,0.12364,0.00022,0.00004,
6.943,5.09875,0.02551,3.05159,0.01631,0.13007,0.00022,0.00004,
6.944,5.09500,0.02551,1.22129,0.05218,0.12997,0.00022,0.00004,
6.945,5.09625,0.02446,1.51642,1.40310,0.12468,0.00022,0.00004,
6.946,5.09625,0.02467,1.51642,1.40310,0.12574,0.00022,0.00004,
6.947,5.09625,0.02530,1.89908,1.95942,0.12894,0.00022,0.00004,
6.948,5.09500,0.02530,1.13015,1.24757,0.12891,0.00022,0.00004,
6.949,5.09625,0.02363,2.14696,0.10763,0.12042,0.00022,0.00004,
6.950,5.09875,0.02530,1.70256,0.03425,0.12900,0.00022,0.00004,
6.951,5.09750,0.02488,3.13278,1.03882,0.12684,0.00022,0.00004,
6.952,5.09750,0.02488,0.98664,1.36662,0.12684,0.00022,0.00004,
6.953,5.09875,0.02530,3.05450,0.01468,0.12900,0.00022,0.00004,
6.954,5.09500,0.02530,2.09640,0.31230,0.12891,0.00022,0.00004,
6.955,5.09875,0.02426,2.95910,2.75443,0.12367,0.00022,0.00004,
6.956,5.09875,0.02530,1.47180,0.04729,0.12900,0.00022,0.00004,
6.957,5.09625,0.02530,1.47180,0.04729,0.12894,0.00022,0.00004,
6.958,5.09750,0.02488,0.81133,0.87574,0.12684,0.00022,0.00004,
6.959,5.09750,0.02530,2.04340,1.03475,0.12897,0.00022,0.00004,
6.960,5.09875,0.02426,1.47751,0.06360,0.12367,0.00022,0.00004,
6.961,5.09750,0.02384,1.99774,0.03995,0.12151,0.00022,0.00004,
6.962,5.09750,0.02384,1.49300,0.02935,0.12151,0.00022,0.00004,
6.963,5.09500,0.02446,3.05450,0.01631,0.12465,0.00022,0.00004,
6.964,5.09750,0.02405,3.08222,1.33808,0.12258,0.00022,0.00004,
6.965,5.09750,0.02467,2.31330,1.03556,0.12577,0.00022,0.00004,
6.966,5.09625,0.02467,1.74904,0.15248,0.12574,0.00022,0.00004,
6.967,5.09500,0.02467,2.81803,1.70419,0.12571,0.00022,0.00004,
6.968,5.10000,0.02363,2.81803,1.70419,0.12050,0.00022,0.00004,
6.969,5.09875,0.02342,1.82161,1.44897,0.11941,0.00022,0.00004,
6.970,5.09750,0.02530,0.57975,1.84200,0.12897,0.00022,0.00004,
6.971,5.10000,0.02446,3.10506,1.19620,0.12477,0.00022,0.00004,
6.972,5.09750,0.02426,2.67860,2.43642,0.12364,0.00022,0.00004,
6.973,5.09250,0.02363,3.05532,0.01957,0.12033,0.00022,0.00004,
6.974,5.09250,0.02614,1.76698,0.15819,0.13311,0.00022,0.00004,
6.975,5.09625,0.02614,1.62918,3.00150,0.13320,0.00022,0.00004,
6.976,5.09375,0.02384,1.65690,0.49250,0.12142,0.00022,0.00004,
6.977,5.09625,0.02363,2.33613,0.91814,0.12042,0.00022,0.00004,
6.978,5.09750,0.02509,1.78492,1.85260,0.12791,0.00022,0.00004,
6.979,5.09625,0.02446,1.78492,1.85260,0.12468,0.00022,0.00004,
6.980,5.09750,0.02426,1.78492,1.85260,0.12364,0.00022,0.00004,
6.981,5.09750,0.02572,2.57504,0.79094,0.13110,0.00022,0.00004,
6.982,5.09750,0.02488,2.75769,2.38260,0.12684,0.00022,0.00004,
6.983,5.09750,0.02405,3.05205,0.02039,0.12258,0.00022,0.00004,
6.984,5.09875,0.02405,0.71348,2.05318,0.12261,0.00022,0.00004,
6.985,5.09625,0.02488,2.25377,0.95484,0.12681,0.00022,0.00004,
6.986,5.09500,0.02530,2.27089,0.26174,0.12891,0.00022,0.00004,
6.987,5.09625,0.02426,1.89662,0.33105,0.12361,0.00022,0.00004,
6.988,5.09750,0.02530,2.30269,1.44245,0.12897,0.00022,0.00004,
6.989,5.09625,0.02488,2.15429,1.22310,0.12681,0.00022,0.00004,
6.990,5.09625,0.02446,1.87787,1.14238,0.12468,0.00022,0.00004,
6.991,5.09625,0.02488,1.87787,1.14238,0.12681,0.00022,0.00004,
6.992,5.09625,0.02530,2.93540,2.07598,0.12894,0.00022,0.00004,
6.993,5.09625,0.02530,3.05770,0.01631,0.12894,0.00022,0.00004,
6.994,5.09625,0.02530,2.46166,1.72699,0.12894,0.00022,0.00004,
6.995,5.09625,0.02530,1.63567,0.62703,0.12894,0.00022,0.00004,
6.996,5.09750,0.02509,1.79793,0.08317,0.12791,0.00022,0.00004,
6.997,5.09750,0.02363,1.92187,1.53782,0.12045,0.00022,0.00004,
6.998,5.09500,0.02488,2.07190,0.11008,0.12678,0.00022,0.00004,
6.999,5.09625,0.02572,0.99070,1.56473,0.13107,0.00022,0.00004,
7.000,5.09250,0.02446,2.08739,0.09540,0.12459,0.00022,0.00004,
7.001,5.09625,0.02593,1.66094,2.04825,0.13214,0.00022,0.00004,
7.002,5.09625,0.02551,1.66094,2.04825,0.13001,0.00022,0.00004,
7.003,5.09500,0.02551,3.06005,0.02120,0.12997,0.00022,0.00004,
7.004,5.09625,0.02446,2.77223,2.04737,0.12468,0.00022,0.00004,
7.005,5.09750,0.02467,2.60671,0.64821,0.12577,0.00022,0.00004,
7.006,5.09875,0.02488,2.06286,0.03669,0.12687,0.00022,0.00004,
7.007,5.09750,0.02321,2.89045,1.50271,0.11831,0.00022,0.00004,
7.008,5.09875,0.02363,1.73019,0.07909,0.12047,0.00022,0.00004,
7.009,5.09375,0.02530,1.75955,0.92870,0.12888,0.00022,0.00004,
7.010,5.09500,0.02488,2.32867,1.50108,0.12678,0.00022,0.00004,
7.011,5.09500,0.02363,1.22467,1.72367,0.12039,0.00022,0.00004,
7.012,5.09500,0.02363,3.03966,0.98740,0.12039,0.00022,0.00004,
7.013,5.09500,0.02530,3.03966,0.98740,0.12891,0.00022,0.00004,
7.014,5.09750,0.02426,2.74913,0.64000,0.12364,0.00022,0.00004,
7.015,5.09500,0.02446,2.24121,1.11204,0.12465,0.00022,0.00004,
7.016,5.09625,0.02446,1.70638,1.63219,0.12468,0.00022,0.00004,
7.017,5.09625,0.02426,2.01130,0.03913,0.12361,0.00022,0.00004,
7.018,5.09500,0.02384,1.68926,0.14349,0.12145,0.00022,0.00004,
7.019,5.09750,0.02551,2.50128,0.87643,0.13004,0.00022,0.00004,
7.020,5.09750,0.02363,1.36397,1.85640,0.12045,0.00022,0.00004,
7.021,5.09625,0.02363,1.87433,1.51316,0.12042,0.00022,0.00004,
7.022,5.09375,0.02342,2.36676,1.56697,0.11929,0.00022,0.00004,
7.023,5.09875,0.02530,3.05078,0.01875,0.12900,0.00022,0.00004,
7.024,5.09500,0.02446,3.05078,0.01875,0.12465,0.00022,0.00004,
7.025,5.09500,0.02426,1.85885,2.31051,0.12358,0.00022,0.00004,
7.026,5.09625,0.02509,1.56779,0.04158,0.12787,0.00022,0.00004,
7.027,5.09500,0.02426,1.49115,0.04973,0.12358,0.00022,0.00004,
7.028,5.09875,0.02446,1.64606,0.16713,0.12474,0.00022,0.00004,
7.029,5.09875,0.02405,2.00071,0.30410,0.12261,0.00022,0.00004,
7.030,5.09625,0.02405,2.06348,0.02772,0.12255,0.00022,0.00004,
7.031,5.09500,0.02363,0.88784,1.42430,0.12039,0.00022,0.00004,
7.032,5.09375,0.02384,2.14583,1.94364,0.12142,0.00022,0.00004,
7.033,5.09500,0.02405,3.05487,0.02120,0.12252,0.00022,0.00004,
7.034,5.09250,0.02363,2.30481,0.25355,0.12033,0.00022,0.00004,
7.035,5.09500,0.02467,2.30481,0.25355,0.12571,0.00022,0.00004,
7.036,5.09375,0.02300,3.08833,0.12148,0.11716,0.00022,0.00004,
7.037,5.09625,0.02488,1.27593,0.06604,0.12681,0.00022,0.00004,
7.038,5.09625,0.02488,2.80623,1.67135,0.12681,0.00022,0.00004,
7.039,5.09750,0.02488,1.40475,1.88169,0.12684,0.00022,0.00004,
7.040,5.09750,0.02446,2.31543,2.57306,0.12471,0.00022,0.00004,
7.041,5.09625,0.02530,1.58085,0.06848,0.12894,0.00022,0.00004,
7.042,5.09625,0.02446,2.24450,0.25519,0.12468,0.00022,0.00004,
7.043,5.09750,0.02363,3.05571,0.02038,0.12045,0.00022,0.00004,
7.044,5.09500,0.02551,2.04638,0.29269,0.12997,0.00022,0.00004,
7.045,5.09375,0.02384,3.04430,1.47486,0.12142,0.00022,0.00004,
7.046,5.09750,0.02467,3.04430,1.47486,0.12577,0.00022,0.00004,
7.047,5.09750,0.02467,2.00154,1.31995,0.12577,0.00022,0.00004,
7.048,5.09500,0.02467,0.98161,0.35547,0.12571,0.00022,0.00004,
7.049,5.09500,0.02446,1.38192,1.80424,0.12465,0.00022,0.00004,
7.050,5.09375,0.02405,2.36108,1.56291,0.12249,0.00022,0.00004,
7.051,5.09500,0.02572,3.12175,1.07537,0.13104,0.00022,0.00004,
7.052,5.09500,0.02405,2.32765,0.24785,0.12252,0.00022,0.00004,
7.053,5.09500,0.02446,3.05326,0.01794,0.12465,0.00022,0.00004,
7.054,5.09625,0.02467,3.08995,1.23843,0.12574,0.00022,0.00004,
7.055,5.09625,0.02509,0.93025,1.28001,0.12787,0.00022,0.00004,
7.056,5.09625,0.02446,1.72760,0.14920,0.12468,0.00022,0.00004,
7.057,5.09750,0.02446,1.72760,0.14920,0.12471,0.00022,0.00004,
7.058,5.09875,0.02530,1.68684,1.71375,0.12900,0.00022,0.00004,
7.059,5.09625,0.02530,2.30728,2.56084,0.12894,0.00022,0.00004,
7.060,5.09875,0.02467,1.08760,1.63466,0.12581,0.00022,0.00004,
7.061,5.09500,0.02467,3.09322,1.24740,0.12571,0.00022,0.00004,
7.062,5.09500,0.02467,2.53638,0.84954,0.12571,0.00022,0.00004,
7.063,5.09625,0.02384,3.05164,0.02120,0.12148,0.00022,0.00004,
7.064,5.09750,0.02488,1.58901,0.15001,0.12684,0.00022,0.00004,
7.065,5.09750,0.02405,1.30936,1.68684,0.12258,0.00022,0.00004,
7.066,5.09375,0.02405,2.90163,2.01948,0.12249,0.00022,0.00004,
7.067,5.09625,0.02488,1.59471,0.14838,0.12681,0.00022,0.00004,
7.068,5.09750,0.02488,1.59471,0.14838,0.12684,0.00022,0.00004,
7.069,5.10000,0.02488,1.65423,1.90126,0.12690,0.00022,0.00004,
7.070,5.09625,0.02342,0.63104,2.00399,0.11935,0.00022,0.00004,
7.071,5.09625,0.02467,1.58738,0.14594,0.12574,0.00022,0.00004,
7.072,5.09375,0.02488,2.67905,1.24414,0.12675,0.00022,0.00004,
7.073,5.09625,0.02363,3.05409,0.01957,0.12042,0.00022,0.00004,
7.074,5.09625,0.02446,1.46997,0.04484,0.12468,0.00022,0.00004,
7.075,5.09875,0.02446,1.28572,1.70315,0.12474,0.00022,0.00004,
7.076,5.09500,0.02530,1.02890,1.20093,0.12891,0.00022,0.00004,
7.077,5.09625,0.02488,1.87843,0.08398,0.12681,0.00022,0.00004,
7.078,5.09625,0.02509,2.16053,0.67995,0.12787,0.00022,0.00004,
7.079,5.09750,0.02530,2.16053,0.67995,0.12897,0.00022,0.00004,
7.080,5.09375,0.02384,2.06025,0.65142,0.12142,0.00022,0.00004,
7.081,5.09500,0.02405,3.19351,0.01060,0.12252,0.00022,0.00004,
7.082,5.09750,0.02488,2.91875,2.11161,0.12684,0.00022,0.00004,
7.083,5.09750,0.02467,3.05165,0.01794,0.12577,0.00022,0.00004,
7.084,5.09500,0.02467,2.17521,1.20256,0.12571,0.00022,0.00004,
7.085,5.09375,0.02363,1.52868,1.81158,0.12036,0.00022,0.00004,
7.086,5.09500,0.02530,2.50051,1.39334,0.12891,0.00022,0.00004,
7.087,5.09875,0.02467,2.99947,1.74799,0.12581,0.00022,0.00004,
7.088,5.09625,0.02426,2.10183,1.28653,0.12361,0.00022,0.00004,
7.089,5.09500,0.02593,1.87110,1.48221,0.13211,0.00022,0.00004,
7.090,5.09500,0.02530,1.87110,1.48221,0.12891,0.00022,0.00004,
7.091,5.09750,0.02405,1.75044,1.87192,0.12258,0.00022,0.00004,
7.092,5.09750,0.02593,2.31463,0.20056,0.13217,0.00022,0.00004,
7.093,5.10125,0.02593,2.29913,0.15980,0.13227,0.00022,0.00004,
7.094,5.09750,0.02446,1.89067,1.46509,0.12471,0.00022,0.00004,
7.095,5.09750,0.02446,2.57634,0.69463,0.12471,0.00022,0.00004,
7.096,5.09625,0.02530,1.10146,1.45530,0.12894,0.00022,0.00004,
7.097,5.09500,0.02509,1.72191,0.39705,0.12784,0.00022,0.00004,
7.098,5.09750,0.02426,2.50133,0.76882,0.12364,0.00022,0.00004,
7.099,5.09625,0.02572,2.66846,1.20501,0.13107,0.00022,0.00004,
7.100,5.09875,0.02530,2.56818,1.94122,0.12900,0.00022,0.00004,
7.101,5.09875,0.02509,2.56818,1.94122,0.12794,0.00022,0.00004,
7.102,5.09875,0.02509,0.97511,1.26780,0.12794,0.00022,0.00004,
7.103,5.09750,0.02426,3.05088,0.01794,0.12364,0.00022,0.00004,
7.104,5.09500,0.02467,1.52789,0.02691,0.12571,0.00022,0.00004,
7.105,5.09625,0.02426,2.29754,1.05501,0.12361,0.00022,0.00004,
7.106,5.09625,0.02363,2.95223,1.91679,0.12042,0.00022,0.00004,
7.107,5.09625,0.02530,3.00930,1.69421,0.12894,0.00022,0.00004,
7.108,5.09750,0.02467,2.10920,0.20138,0.12577,0.00022,0.00004,
7.109,5.09625,0.02488,1.35096,2.01707,0.12681,0.00022,0.00004,
7.110,5.09625,0.02572,2.87967,1.95674,0.13107,0.00022,0.00004,
7.111,5.09625,0.02572,3.06963,1.38358,0.13107,0.00022,0.00004,
7.112,5.09875,0.02446,3.06963,1.38358,0.12474,0.00022,0.00004,
7.113,5.09500,0.02551,3.05414,0.01875,0.12997,0.00022,0.00004,
7.114,5.09500,0.02530,2.33422,0.22584,0.12891,0.00022,0.00004,
7.115,5.09750,0.02363,1.21318,1.39091,0.12045,0.00022,0.00004,
7.116,5.09750,0.02405,2.21600,1.15121,0.12258,0.00022,0.00004,
7.117,5.09625,0.02467,1.29308,1.70481,0.12574,0.00022,0.00004,
7.118,5.09500,0.02446,2.34808,1.04522,0.12465,0.00022,0.00004,
7.119,5.09500,0.02426,1.59066,1.77329,0.12358,0.00022,0.00004,
7.120,5.09875,0.02426,1.86298,0.18018,0.12367,0.00022,0.00004,
7.121,5.09500,0.02467,1.46348,0.13860,0.12571,0.00022,0.00004,
7.122,5.09750,0.02384,2.62610,1.17404,0.12151,0.00022,0.00004,
7.123,5.09625,0.02384,2.62610,1.17404,0.12148,0.00022,0.00004,
7.124,5.09500,0.02509,1.92576,1.45370,0.12784,0.00022,0.00004,
7.125,5.09500,0.02384,1.87929,1.51158,0.12145,0.00022,0.00004,
7.126,5.09875,0.02467,1.54583,1.87032,0.12581,0.00022,0.00004,
7.127,5.09750,0.02426,1.71133,0.37667,0.12364,0.00022,0.00004,
7.128,5.09500,0.02363,2.11573,1.17241,0.12039,0.00022,0.00004,
7.129,5.09500,0.02363,2.69378,0.69383,0.12039,0.00022,0.00004,
7.130,5.09375,0.02384,2.38315,1.60616,0.12142,0.00022,0.00004,
7.131,5.09375,0.02446,1.42679,1.81732,0.12462,0.00022,0.00004,
7.132,5.09500,0.02405,1.30776,1.41456,0.12252,0.00022,0.00004,
7.133,5.09750,0.02405,3.04925,0.01794,0.12258,0.00022,0.00004,
7.134,5.09500,0.02426,3.04925,0.01794,0.12358,0.00022,0.00004,
7.135,5.09750,0.02509,2.22662,0.00082,0.12791,0.00022,0.00004,
7.136,5.10125,0.02405,1.54339,1.80184,0.12267,0.00022,0.00004,
7.137,5.09375,0.02446,3.01665,1.63062,0.12462,0.00022,0.00004,
7.138,5.09375,0.02446,2.72151,1.34119,0.12462,0.00022,0.00004,
7.139,5.09875,0.02426,2.28613,1.07295,0.12367,0.00022,0.00004,
7.140,5.09625,0.02467,2.56823,1.92169,0.12574,0.00022,0.00004,
7.141,5.09750,0.02384,2.10024,0.18426,0.12151,0.00022,0.00004,
7.142,5.09625,0.02488,2.10024,0.18426,0.12681,0.00022,0.00004,
7.143,5.09750,0.02467,2.16221,0.26905,0.12577,0.00022,0.00004,
7.144,5.09625,0.02467,1.94533,0.78188,0.12574,0.00022,0.00004,
7.145,5.09500,0.02509,1.60046,1.77820,0.12784,0.00022,0.00004,
7.146,5.09625,0.02509,1.60046,1.77820,0.12787,0.00022,0.00004,
7.147,5.09625,0.02405,1.82061,1.55155,0.12255,0.00022,0.00004,
7.148,5.09750,0.02405,0.90990,1.71706,0.12258,0.00022,0.00004,
7.149,5.09750,0.02530,1.99427,0.16551,0.12897,0.00022,0.00004,
7.150,5.09500,0.02446,2.24539,1.38360,0.12465,0.00022,0.00004,
7.151,5.09625,0.02467,1.96818,1.36566,0.12574,0.00022,0.00004,
7.152,5.09625,0.02509,2.24131,1.82713,0.12787,0.00022,0.00004,
7.153,5.09750,0.02530,3.05744,0.01957,0.12897,0.00022,0.00004,
7.154,5.09625,0.02405,1.67629,0.14757,0.12255,0.00022,0.00004,
7.155,5.09625,0.02509,2.31714,1.69586,0.12787,0.00022,0.00004,
7.156,5.09625,0.02446,0.91397,1.10476,0.12468,0.00022,0.00004,
7.157,5.09750,0.02446,0.91397,1.10476,0.12471,0.00022,0.00004,
7.158,5.09500,0.02446,1.55561,1.77085,0.12465,0.00022,0.00004,
7.159,5.09250,0.02467,1.34689,1.12187,0.12565,0.00022,0.00004,
7.160,5.09625,0.02405,1.27922,1.13165,0.12255,0.00022,0.00004,
7.161,5.09875,0.02363,1.80184,0.34406,0.12047,0.00022,0.00004,
7.162,5.09625,0.02551,1.69992,0.03017,0.13001,0.00022,0.00004,
7.163,5.09875,0.02488,3.05741,0.01631,0.12687,0.00022,0.00004,
7.164,5.09625,0.02426,2.09942,0.03017,0.12361,0.00022,0.00004,
7.165,5.09625,0.02530,2.14916,1.98691,0.12894,0.00022,0.00004,
7.166,5.09750,0.02530,1.78308,0.92456,0.12897,0.00022,0.00004,
7.167,5.09625,0.02572,1.93392,0.91885,0.13107,0.00022,0.00004,
7.168,5.09500,0.02446,1.93392,0.91885,0.12465,0.00022,0.00004,
7.169,5.09625,0.02405,1.66075,1.74391,0.12255,0.00022,0.00004,
7.170,5.09875,0.02509,1.21152,0.01957,0.12794,0.00022,0.00004,
7.171,5.09875,0.02572,1.74962,0.08153,0.13114,0.00022,0.00004,
7.172,5.09625,0.02405,2.56409,1.27512,0.12255,0.00022,0.00004,
7.173,5.09875,0.02530,3.05245,0.01794,0.12900,0.00022,0.00004,
7.174,5.09875,0.02405,1.44307,0.06196,0.12261,0.00022,0.00004,
7.175,5.09750,0.02405,3.15192,0.00897,0.12258,0.00022,0.00004,
7.176,5.09625,0.02405,2.09856,0.20708,0.12255,0.00022,0.00004,
7.177,5.09625,0.02488,1.59716,1.67624,0.12681,0.00022,0.00004,
7.178,5.09750,0.02467,1.55639,1.54742,0.12577,0.00022,0.00004,
7.179,5.09500,0.02467,1.55639,1.54742,0.12571,0.00022,0.00004,
7.180,5.09750,0.02551,2.00718,1.20659,0.13004,0.00022,0.00004,
7.181,5.09750,0.02488,1.68678,0.07582,0.12684,0.00022,0.00004,
7.182,5.09750,0.02446,2.42052,2.63901,0.12471,0.00022,0.00004,
7.183,5.09750,0.02488,3.05398,0.01794,0.12684,0.00022,0.00004,
7.184,5.09500,0.02488,2.95533,1.88897,0.12678,0.00022,0.00004,
7.185,5.10000,0.02467,1.62971,1.83353,0.12584,0.00022,0.00004,
7.186,5.09750,0.02446,2.33736,0.21849,0.12471,0.00022,0.00004,
7.187,5.09875,0.02509,1.31910,0.04810,0.12794,0.00022,0.00004,
7.188,5.09625,0.02509,2.29823,0.99381,0.12787,0.00022,0.00004,
7.189,5.09500,0.02509,1.23594,1.65825,0.12784,0.00022,0.00004,
7.190,5.09625,0.02488,1.23594,1.65825,0.12681,0.00022,0.00004,
7.191,5.09500,0.02635,2.08953,1.29464,0.13424,0.00022,0.00004,
7.192,5.09500,0.02509,1.30687,1.20170,0.12784,0.00022,0.00004,
7.193,5.09625,0.02509,3.05725,0.01712,0.12787,0.00022,0.00004,
7.194,5.09875,0.02572,2.39770,1.57020,0.13114,0.00022,0.00004,
7.195,5.09625,0.02572,2.00311,0.00326,0.13107,0.00022,0.00004,
7.196,5.09750,0.02467,1.95664,0.11332,0.12577,0.00022,0.00004,
7.197,5.09750,0.02488,0.80222,1.89223,0.12684,0.00022,0.00004,
7.198,5.09500,0.02530,2.32351,0.25355,0.12891,0.00022,0.00004,
7.199,5.10000,0.02384,1.80582,1.57917,0.12157,0.00022,0.00004,
7.200,5.09375,0.02509,1.37128,2.04387,0.12781,0.00022,0.00004,
7.201,5.09375,0.02509,1.37128,2.04387,0.12781,0.00022,0.00004,
7.202,5.09625,0.02509,2.49472,0.90332,0.12787,0.00022,0.00004,
7.203,5.09750,0.02342,3.05318,0.01957,0.11938,0.00022,0.00004,
7.204,5.09625,0.02405,2.55016,1.18866,0.12255,0.00023,0.00004,
7.205,5.09375,0.02467,3.08090,0.11577,0.12568,0.00023,0.00004,
7.206,5.09625,0.02426,2.26971,1.77402,0.12361,0.00023,0.00004,
7.207,5.09625,0.02446,2.19959,1.34845,0.12468,0.00023,0.00004,
7.208,5.09625,0.02509,1.65663,0.54868,0.12787,0.00023,0.00004,
7.209,5.09875,0.02363,1.24002,1.36068,0.12047,0.00023,0.00004,
7.210,5.09875,0.02426,2.05285,1.28486,0.12367,0.00023,0.00004,
7.211,5.09625,0.02426,3.09394,1.29791,0.12361,0.00023,0.00004,
7.212,5.10000,0.02530,3.09394,1.29791,0.12904,0.00023,0.00004,
7.213,5.09875,0.02467,3.05569,0.01875,0.12581,0.00023,0.00004,
7.214,5.09500,0.02321,1.69498,0.02609,0.11826,0.00023,0.00004,
7.215,5.09750,0.02446,3.06547,0.00897,0.12471,0.00023,0.00004,
7.216,5.09625,0.02509,1.62649,0.42069,0.12787,0.00023,0.00004,
7.217,5.09875,0.02363,1.58165,0.02853,0.12047,0.00023,0.00004,
7.218,5.09750,0.02509,2.68310,1.24820,0.12791,0.00023,0.00004,
7.219,5.09750,0.02405,2.25997,1.02318,0.12258,0.00023,0.00004,
7.220,5.09500,0.02405,1.61590,1.73411,0.12252,0.00023,0.00004,
7.221,5.09625,0.02488,3.12744,1.09248,0.12681,0.00023,0.00004,
7.222,5.09500,0.02551,0.88214,1.09248,0.12997,0.00023,0.00004,
7.223,5.09500,0.02426,0.88214,1.09248,0.12358,0.00023,0.00004,
7.224,5.09750,0.02384,2.07572,1.08922,0.12151,0.00023,0.00004,
7.225,5.09500,0.02467,0.90660,0.89029,0.12571,0.00023,0.00004,
7.226,5.09375,0.02363,1.64851,0.54543,0.12036,0.00023,0.00004,
7.227,5.09875,0.02405,2.31378,0.23073,0.12261,0.00023,0.00004,
7.228,5.09875,0.02572,2.12789,1.06639,0.13114,0.00023,0.00004,
7.229,5.09375,0.02572,2.23470,1.11450,0.13101,0.00023,0.00004,
7.230,5.09500,0.02446,1.35174,1.55801,0.12465,0.00023,0.00004,
7.231,5.09625,0.02488,2.03821,0.18018,0.12681,0.00023,0.00004,
7.232,5.09625,0.02426,2.32601,2.58609,0.12361,0.00023,0.00004,
7.233,5.09625,0.02384,3.05243,0.02120,0.12148,0.00023,0.00004,
7.234,5.09500,0.02426,3.05243,0.02120,0.12358,0.00023,0.00004,
7.235,5.09625,0.02363,1.51236,0.00489,0.12042,0.00023,0.00004,
7.236,5.09500,0.02572,2.96356,2.69860,0.13104,0.00023,0.00004,
7.237,5.09500,0.02509,2.33009,0.23073,0.12784,0.00023,0.00004,
7.238,5.09625,0.02509,2.76871,0.53972,0.12787,0.00023,0.00004,
7.239,5.09750,0.02467,1.34522,2.03006,0.12577,0.00023,0.00004,
7.240,5.09750,0.02509,2.19312,1.19113,0.12791,0.00023,0.00004,
7.241,5.09500,0.02300,2.78094,1.55149,0.11719,0.00023,0.00004,
7.242,5.09500,0.02384,2.33743,0.22257,0.12145,0.00023,0.00004,
7.243,5.09625,0.02509,3.05569,0.02038,0.12787,0.00023,0.00004,
7.244,5.09375,0.02363,2.11648,0.28617,0.12036,0.00023,0.00004,
7.245,5.09750,0.02446,2.11648,0.28617,0.12471,0.00023,0.00004,
7.246,5.09750,0.02488,2.55269,2.93180,0.12684,0.00023,0.00004,
7.247,5.09750,0.02488,1.47894,0.02283,0.12684,0.00023,0.00004,
7.248,5.09500,0.02426,0.97102,1.27186,0.12358,0.00023,0.00004,
7.249,5.09750,0.02426,1.44470,1.94040,0.12364,0.00023,0.00004,
7.250,5.09625,0.02446,2.26652,1.40801,0.12468,0.00023,0.00004,
7.251,5.09625,0.02426,1.37459,1.48057,0.12361,0.00023,0.00004,
7.252,5.09500,0.02426,1.18299,0.03180,0.12358,0.00023,0.00004,
7.253,5.09750,0.02530,3.05409,0.01794,0.12897,0.00023,0.00004,
7.254,5.09625,0.02488,0.98406,1.58493,0.12681,0.00023,0.00004,
7.255,5.09625,0.02405,2.03090,0.00489,0.12255,0.00023,0.00004,
7.256,5.09875,0.02405,2.03090,0.00489,0.12261,0.00023,0.00004,
7.257,5.09875,0.02488,2.12957,1.25719,0.12687,0.00023,0.00004,
7.258,5.09750,0.02488,1.51238,1.90047,0.12684,0.00023,0.00004,
7.259,5.09625,0.02405,1.89802,2.24371,0.12255,0.00023,0.00004,
7.260,5.09500,0.02509,1.80508,1.60859,0.12784,0.00023,0.00004,
7.261,5.10000,0.02321,1.51646,1.78551,0.11837,0.00023,0.00004,
7.262,5.09625,0.02446,1.63713,0.53484,0.12468,0.00023,0.00004,
7.263,5.09500,0.02426,3.05004,0.02120,0.12358,0.00023,0.00004,
7.264,5.09500,0.02551,1.68930,1.77002,0.12997,0.00023,0.00004,
7.265,5.09625,0.02551,1.47733,0.00326,0.13001,0.00023,0.00004,
7.266,5.09750,0.02446,2.71495,1.32405,0.12471,0.00023,0.00004,
7.267,5.09625,0.02572,2.71495,1.32405,0.13107,0.00023,0.00004,
7.268,5.09625,0.02467,2.85034,2.35545,0.12574,0.00023,0.00004,
7.269,5.09625,0.02488,2.16874,1.93067,0.12681,0.00023,0.00004,
7.270,5.09875,0.02614,2.28859,1.63389,0.13327,0.00023,0.00004,
7.271,5.10000,0.02635,1.30695,1.69096,0.13437,0.00023,0.00004,
7.272,5.09625,0.02467,1.08355,0.12800,0.12574,0.00023,0.00004,
7.273,5.09625,0.02551,3.05743,0.00978,0.13001,0.00023,0.00004,
7.274,5.09625,0.02551,2.08884,1.20911,0.13001,0.00023,0.00004,
7.275,5.09750,0.02530,3.10961,0.00978,0.12897,0.00023,0.00004,
7.276,5.09250,0.02614,1.45045,1.54013,0.13311,0.00023,0.00004,
7.277,5.09375,0.02446,2.82588,1.71379,0.12462,0.00023,0.00004,
7.278,5.09500,0.02488,2.82588,1.71379,0.12678,0.00023,0.00004,
7.279,5.09500,0.02321,3.09680,0.00978,0.11826,0.00023,0.00004,
7.280,5.09375,0.02384,1.81992,2.03681,0.12142,0.00023,0.00004,
7.281,5.09500,0.02405,2.38742,0.98742,0.12252,0.00023,0.00004,
7.282,5.09625,0.02446,2.56599,1.94059,0.12468,0.00023,0.00004,
7.283,5.09625,0.02446,3.05358,0.01712,0.12468,0.00023,0.00004,
7.284,5.09500,0.02384,1.36331,0.78113,0.12145,0.00023,0.00004,
7.285,5.09875,0.02446,3.20198,0.00815,0.12474,0.00023,0.00004,
7.286,5.09375,0.02363,2.21130,1.17903,0.12036,0.00023,0.00004,
7.287,5.09625,0.02363,2.75597,1.47175,0.12042,0.00023,0.00004,
7.288,5.09750,0.02488,1.06243,1.40571,0.12684,0.00023,0.00004,
7.289,5.09500,0.02384,1.06243,1.40571,0.12145,0.00023,0.00004,
7.290,5.09875,0.02384,1.93251,0.00734,0.12154,0.00023,0.00004,
7.291,5.09500,0.02509,3.01374,1.62103,0.12784,0.00023,0.00004,
7.292,5.09500,0.02530,2.34103,0.21527,0.12891,0.00023,0.00004,
7.293,5.09625,0.02530,3.05207,0.01875,0.12894,0.00023,0.00004,
7.294,5.09750,0.02593,1.72377,1.56966,0.13217,0.00023,0.00004,
7.295,5.09625,0.02593,3.09692,0.68820,0.13214,0.00023,0.00004,
7.296,5.09750,0.02426,2.23095,1.16766,0.12364,0.00023,0.00004,
7.297,5.09500,0.02593,2.44541,1.47833,0.13211,0.00023,0.00004,
7.298,5.09750,0.02551,2.13229,1.44816,0.13004,0.00023,0.00004,
7.299,5.09875,0.02572,1.69197,1.65038,0.13114,0.00023,0.00004,
7.300,5.09750,0.02467,1.69197,1.65038,0.12577,0.00023,0.00004,
7.301,5.09750,0.02572,1.80368,0.97278,0.13110,0.00023,0.00004,
7.302,5.10000,0.02572,1.40168,1.88114,0.13117,0.00023,0.00004,
7.303,5.09625,0.02551,3.05207,0.02202,0.13001,0.00023,0.00004,
7.304,5.09875,0.02426,3.05207,0.02202,0.12367,0.00023,0.00004,
7.305,5.09625,0.02488,3.08876,1.26143,0.12681,0.00023,0.00004,
7.306,5.09750,0.02593,1.34787,1.48486,0.13217,0.00023,0.00004,
7.307,5.09500,0.02488,1.71235,1.36825,0.12678,0.00023,0.00004,
7.308,5.09500,0.02488,1.19702,1.60472,0.12678,0.00023,0.00004,
7.309,5.09750,0.02509,1.82733,1.55906,0.12791,0.00023,0.00004,
7.310,5.09750,0.02446,2.02384,1.35847,0.12471,0.00023,0.00004,
7.311,5.09625,0.02446,1.38048,0.80236,0.12468,0.00023,0.00004,
7.312,5.09750,0.02614,1.38048,0.80236,0.13324,0.00023,0.00004,
7.313,5.09625,0.02614,3.05692,0.02038,0.13320,0.00023,0.00004,
7.314,5.09625,0.02426,2.34101,0.22016,0.12361,0.00023,0.00004,
7.315,5.09750,0.02530,1.05431,1.15542,0.12897,0.00023,0.00004,
7.316,5.09250,0.02488,2.04665,1.33481,0.12672,0.00023,0.00004,
7.317,5.09500,0.02446,2.31084,1.71070,0.12465,0.00023,0.00004,
7.318,5.09750,0.02488,1.99935,2.70793,0.12684,0.00023,0.00004,
7.319,5.09750,0.02551,1.89988,0.35796,0.13004,0.00023,0.00004,
7.320,5.09750,0.02551,1.46690,1.91537,0.13004,0.00023,0.00004,
7.321,5.10000,0.02384,1.64058,0.38161,0.12157,0.00023,0.00004,
7.322,5.09750,0.02467,1.54762,1.74984,0.12577,0.00023,0.00004,
7.323,5.09500,0.02530,1.54762,1.74984,0.12891,0.00023,0.00004,
7.324,5.09750,0.02467,1.77913,1.02084,0.12577,0.00023,0.00004,
7.325,5.09625,0.02593,1.73999,1.96911,0.13214,0.00023,0.00004,
7.326,5.09750,0.02530,2.48768,0.77786,0.12897,0.00023,0.00004,
7.327,5.10000,0.02426,1.32986,1.74570,0.12370,0.00023,0.00004,
7.328,5.10000,0.02446,0.94908,1.14803,0.12477,0.00023,0.00005,
7.329,5.09375,0.02446,2.09630,1.27686,0.12462,0.00023,0.00005,
7.330,5.10125,0.02488,2.39717,1.55572,0.12693,0.00023,0.00005,
7.331,5.09625,0.02551,2.04167,1.30866,0.13001,0.00023,0.00005,
7.332,5.09750,0.02426,2.44936,0.81047,0.12364,0.00023,0.00005,
7.333,5.09375,0.02426,3.06170,0.02120,0.12355,0.00023,0.00005,
7.334,5.09500,0.02530,3.06170,0.02120,0.12891,0.00023,0.00005,
7.335,5.09625,0.02342,1.50262,0.00326,0.11935,0.00023,0.00005,
7.336,5.09375,0.02426,2.27635,1.66568,0.12355,0.00023,0.00005,
7.337,5.09375,0.02467,1.49039,1.92006,0.12568,0.00023,0.00005,
7.338,5.09375,0.02467,2.22499,0.20138,0.12568,0.00023,0.00005,
7.339,5.09750,0.02384,0.92701,1.11127,0.12151,0.00023,0.00005,
7.340,5.09500,0.02467,1.81244,1.30776,0.12571,0.00023,0.00005,
7.341,5.09625,0.02488,2.39294,0.82510,0.12681,0.00023,0.00005,
7.342,5.09625,0.02446,2.26494,1.08192,0.12468,0.00023,0.00005,
7.343,5.09500,0.02551,3.05090,0.02038,0.12997,0.00023,0.00005,
7.344,5.10000,0.02467,3.08759,1.28249,0.12584,0.00023,0.00005,
7.345,5.09500,0.02467,3.08759,1.28249,0.12571,0.00023,0.00005,
7.346,5.09500,0.02446,1.34445,0.05626,0.12465,0.00023,0.00005,
7.347,5.09625,0.02446,1.07051,1.24498,0.12468,0.00023,0.00005,
7.348,5.09625,0.02426,1.75782,1.58986,0.12361,0.00023,0.00005,
7.349,5.09375,0.02363,1.07295,1.62247,0.12036,0.00023,0.00005,
7.350,5.09750,0.02426,1.73825,2.80794,0.12364,0.00023,0.00005,
7.351,5.09500,0.02405,1.99100,2.07334,0.12252,0.00023,0.00005,
7.352,5.09500,0.02405,2.16221,1.80510,0.12252,0.00023,0.00005,
7.353,5.09750,0.02509,3.05335,0.01712,0.12791,0.00023,0.00005,
7.354,5.09500,0.02551,2.60982,1.02159,0.12997,0.00023,0.00005,
7.355,5.09500,0.02363,2.98812,0.99224,0.12039,0.00023,0.00005,
7.356,5.09500,0.02363,2.98812,0.99224,0.12039,0.00023,0.00005,
7.357,5.09625,0.02446,0.90826,1.91273,0.12468,0.00023,0.00005,
7.358,5.09500,0.02614,1.82713,1.56459,0.13317,0.00023,0.00005,
7.359,5.10000,0.02426,1.00202,1.30777,0.12370,0.00023,0.00005,
7.360,5.09625,0.02509,2.24864,1.09742,0.12787,0.00023,0.00005,
7.361,5.10000,0.02426,1.81653,0.00408,0.12370,0.00023,0.00005,
7.362,5.09500,0.02530,2.44106,0.83652,0.12891,0.00023,0.00005,
7.363,5.10000,0.02405,3.05255,0.01875,0.12264,0.00023,0.00005,
7.364,5.10000,0.02593,2.94003,2.01383,0.13223,0.00023,0.00005,
7.365,5.09625,0.02593,2.58211,0.00000,0.13214,0.00023,0.00005,
7.366,5.09875,0.02530,1.63390,0.00652,0.12900,0.00023,0.00005,
7.367,5.09750,0.02426,1.63390,0.00652,0.12364,0.00023,0.00005,
7.368,5.09875,0.02572,2.91398,2.62291,0.13114,0.00023,0.00005,
7.369,5.09750,0.02426,1.83123,0.17285,0.12364,0.00023,0.00005,
7.370,5.09500,0.02426,1.92417,1.33795,0.12358,0.00023,0.00005,
7.371,5.10000,0.02530,1.88585,0.52996,0.12904,0.00023,0.00005,
7.372,5.09875,0.02509,2.22992,1.85976,0.12794,0.00023,0.00005,
7.373,5.09875,0.02384,3.05503,0.02038,0.12154,0.00023,0.00005,
7.374,5.09750,0.02384,1.43987,2.00000,0.12151,0.00023,0.00005,
7.375,5.09750,0.02467,2.10681,2.05463,0.12577,0.00023,0.00005,
7.376,5.09875,0.02530,1.39095,0.71749,0.12900,0.00023,0.00005,
7.377,5.09875,0.02405,1.54097,1.55401,0.12261,0.00023,0.00005,
7.378,5.09875,0.02530,1.54097,1.55401,0.12900,0.00023,0.00005,
7.379,5.09750,0.02509,2.19652,0.41745,0.12791,0.00023,0.00005,
7.380,5.09625,0.02363,1.93235,0.49980,0.12042,0.00023,0.00005,
7.381,5.09500,0.02488,1.98943,1.19773,0.12678,0.00023,0.00005,
7.382,5.09500,0.02509,1.99024,1.34205,0.12784,0.00023,0.00005,
7.383,5.09875,0.02509,3.04774,0.01794,0.12794,0.00023,0.00005,
7.384,5.09750,0.02426,0.96047,1.24747,0.12364,0.00023,0.00005,
7.385,5.09625,0.02509,3.06812,0.01468,0.12787,0.00023,0.00005,
7.386,5.09625,0.02446,2.29110,0.96536,0.12468,0.00023,0.00005,
7.387,5.09375,0.02551,2.28050,1.06239,0.12994,0.00023,0.00005,
7.388,5.09500,0.02467,1.57605,1.79945,0.12571,0.00023,0.00005,
7.389,5.09625,0.02488,1.57605,1.79945,0.12681,0.00023,0.00005,
7.390,5.09625,0.02572,3.08213,0.15166,0.13107,0.00023,0.00005,
7.391,5.09625,0.02509,1.44240,0.84473,0.12787,0.00023,0.00005,
7.392,5.09750,0.02509,0.89692,0.92382,0.12791,0.00023,0.00005,
7.393,5.09625,0.02446,3.05522,0.02038,0.12468,0.00023,0.00005,
7.394,5.09750,0.02321,2.64998,0.85533,0.11831,0.00023,0.00005,
7.395,5.09375,0.02321,3.10904,0.00978,0.11823,0.00023,0.00005,
7.396,5.09625,0.02488,1.82482,1.53454,0.12681,0.00023,0.00005,
7.397,5.09750,0.02446,2.01480,2.69890,0.12471,0.00023,0.00005,
7.398,5.09625,0.02384,2.32954,0.88795,0.12148,0.00023,0.00005,
7.399,5.09625,0.02467,2.50403,0.84962,0.12574,0.00023,0.00005,
7.400,5.09625,0.02446,2.50403,0.84962,0.12468,0.00023,0.00005,
7.401,5.09500,0.02446,0.65638,1.47910,0.12465,0.00023,0.00005,
7.402,5.09750,0.02363,1.43914,1.91532,0.12045,0.00023,0.00005,
7.403,5.09375,0.02488,3.05278,0.01875,0.12675,0.00023,0.00005,
7.404,5.09750,0.02405,2.00583,2.04823,0.12258,0.00023,0.00005,
7.405,5.09750,0.02426,3.09028,0.35877,0.12364,0.00023,0.00005,
7.406,5.09750,0.02467,1.66093,1.45953,0.12577,0.00023,0.00005,
7.407,5.09625,0.02488,1.70006,1.27933,0.12681,0.00023,0.00005,
7.408,5.09625,0.02426,1.98137,1.40897,0.12361,0.00023,0.00005,
7.409,5.09625,0.02509,0.84636,1.06570,0.12787,0.00023,0.00005,
7.410,5.09625,0.02509,2.52767,0.72732,0.12787,0.00023,0.00005,
7.411,5.09625,0.02467,2.52767,0.72732,0.12574,0.00023,0.00005,
7.412,5.09875,0.02363,2.07433,1.37636,0.12047,0.00023,0.00005,
7.413,5.09625,0.02426,3.05279,0.01957,0.12361,0.00023,0.00005,
7.414,5.09375,0.02426,2.02459,1.15784,0.12355,0.00023,0.00005,
7.415,5.09625,0.02405,3.08703,0.31963,0.12255,0.00023,0.00005,
7.416,5.09625,0.02488,1.86233,1.41713,0.12681,0.00023,0.00005,
7.417,5.09500,0.02426,1.67316,1.73187,0.12358,0.00023,0.00005,
7.418,5.09500,0.02467,2.17299,1.94061,0.12571,0.00023,0.00005,
7.419,5.09500,0.02467,3.07970,1.35761,0.12571,0.00023,0.00005,
7.420,5.09875,0.02467,1.52069,0.66209,0.12581,0.00023,0.00005,
7.421,5.09875,0.02530,2.34830,1.67398,0.12900,0.00023,0.00005,
7.422,5.09500,0.02384,2.34830,1.67398,0.12145,0.00023,0.00005,
7.423,5.09625,0.02488,3.05523,0.01712,0.12681,0.00023,0.00005,
7.424,5.09625,0.02488,3.11556,1.14235,0.12681,0.00023,0.00005,
7.425,5.09750,0.02509,3.09029,0.34817,0.12791,0.00023,0.00005,
7.426,5.09875,0.02509,1.71556,1.40734,0.12794,0.00023,0.00005,
7.427,5.09500,0.02572,2.24229,1.02004,0.13104,0.00023,0.00005,
7.428,5.09500,0.02572,1.54596,1.79546,0.13104,0.00023,0.00005,
7.429,5.09875,0.02405,2.81713,1.70007,0.12261,0.00023,0.00005,
7.430,5.09625,0.02656,2.07514,1.39185,0.13533,0.00023,0.00005,
7.431,5.09500,0.02509,2.66221,2.83507,0.12784,0.00023,0.00005,
7.432,5.09625,0.02426,2.54724,2.86198,0.12361,0.00023,0.00005,
7.433,5.09750,0.02467,2.54724,2.86198,0.12577,0.00023,0.00005,
7.434,5.09500,0.02593,1.70904,1.41632,0.13211,0.00023,0.00005,
7.435,5.09250,0.02426,0.51206,1.12278,0.12352,0.00023,0.00005,
7.436,5.09750,0.02551,3.07317,0.04892,0.13004,0.00023,0.00005,
7.437,5.09750,0.02530,1.70659,2.79920,0.12897,0.00023,0.00005,
7.438,5.09750,0.02530,1.78568,1.49622,0.12897,0.00023,0.00005,
7.439,5.09625,0.02488,1.64707,1.65359,0.12681,0.00023,0.00005,
7.440,5.09625,0.02530,2.53828,2.86280,0.12894,0.00023,0.00005,
7.441,5.09625,0.02530,2.91417,2.61900,0.12894,0.00023,0.00005,
7.442,5.09625,0.02488,1.47584,0.68166,0.12681,0.00023,0.00005,
7.443,5.09875,0.02572,3.05442,0.01712,0.13114,0.00023,0.00005,
7.444,5.09625,0.02593,3.05442,0.01712,0.13214,0.00023,0.00005,
7.445,5.09750,0.02426,3.07724,1.84031,0.12364,0.00023,0.00005,
7.446,5.09750,0.02593,2.26513,2.87829,0.13217,0.00023,0.00005,
7.447,5.09750,0.02593,1.98137,0.49330,0.13217,0.00023,0.00005,
7.448,5.09375,0.02572,2.01562,1.13582,0.13101,0.00023,0.00005,
7.449,5.09875,0.02363,2.10123,1.26710,0.12047,0.00023,0.00005,
7.450,5.09625,0.02551,1.63402,2.99244,0.13001,0.00023,0.00005,
7.451,5.09875,0.02509,2.91009,2.63775,0.12794,0.00023,0.00005,
7.452,5.09750,0.02405,1.95447,2.32628,0.12258,0.00023,0.00005,
7.453,5.09750,0.02551,3.04871,0.01957,0.13004,0.00023,0.00005,
7.454,5.09500,0.02593,0.36366,1.86804,0.13211,0.00023,0.00005,
7.455,5.09500,0.02446,0.36366,1.86804,0.12465,0.00023,0.00005,
7.456,5.09750,0.02446,2.11021,0.00978,0.12471,0.00023,0.00005,
7.457,5.09500,0.02572,2.65243,0.61561,0.13104,0.00023,0.00005,
7.458,5.09375,0.02593,2.39967,0.86104,0.13207,0.00023,0.00005,
7.459,5.09500,0.02405,2.92966,2.05639,0.12252,0.00023,0.00005,
7.460,5.09750,0.02342,2.30182,1.44322,0.11938,0.00023,0.00005,
7.461,5.09625,0.02530,1.62995,3.02588,0.12894,0.00023,0.00005,
7.462,5.09500,0.02467,2.34748,0.00326,0.12571,0.00023,0.00005,
7.463,5.09875,0.02509,3.05034,0.01631,0.12794,0.00023,0.00005,
7.464,5.09875,0.02426,1.92104,1.46035,0.12367,0.00023,0.00005,
7.465,5.09500,0.02426,3.07725,1.88516,0.12358,0.00023,0.00005,
7.466,5.09875,0.02488,3.07725,1.88516,0.12687,0.00023,0.00005,
7.467,5.09750,0.02405,3.07725,1.88516,0.12258,0.00023,0.00005,
7.468,5.09625,0.02384,3.08459,0.17368,0.12148,0.00023,0.00005,
7.469,5.09625,0.02509,1.96833,0.03425,0.12787,0.00023,0.00005,
7.470,5.09625,0.02405,2.86281,2.79024,0.12255,0.00023,0.00005,
7.471,5.09375,0.02488,2.04009,1.12360,0.12675,0.00023,0.00005,
7.472,5.09500,0.02467,2.37929,1.62098,0.12571,0.00023,0.00005,
7.473,5.09500,0.02405,3.05768,0.02691,0.12252,0.00023,0.00005,
7.474,5.09500,0.02405,1.91370,1.43181,0.12252,0.00023,0.00005,
7.475,5.09500,0.02509,3.09519,0.95726,0.12784,0.00023,0.00005,
7.476,5.09500,0.02426,1.90963,1.20187,0.12358,0.00023,0.00005,
7.477,5.09875,0.02342,2.00584,0.72080,0.11941,0.00023,0.00005,
7.478,5.09625,0.02363,2.00584,0.72080,0.12042,0.00023,0.00005,
7.479,5.09625,0.02426,1.60791,1.34373,0.12361,0.00023,0.00005,
7.480,5.09500,0.02384,3.03563,1.53127,0.12145,0.00023,0.00005,
7.481,5.09625,0.02488,1.41630,1.51415,0.12681,0.00023,0.00005,
7.482,5.09625,0.02446,2.15258,0.65801,0.12468,0.00023,0.00005,
7.483,5.09625,0.02446,3.05928,0.03098,0.12468,0.00023,0.00005,
7.484,5.09750,0.02342,1.14397,1.51496,0.11938,0.00023,0.00005,
7.485,5.09625,0.02467,2.16481,0.00245,0.12574,0.00023,0.00005,
7.486,5.09750,0.02551,2.82119,2.23820,0.13004,0.00023,0.00005,
7.487,5.09750,0.02426,3.08537,1.36983,0.12364,0.00023,0.00005,
7.488,5.09750,0.02551,2.26429,1.62585,0.13004,0.00023,0.00005,
7.489,5.09625,0.02426,2.26429,1.62585,0.12361,0.00023,0.00005,
7.490,5.09750,0.02405,0.72730,1.75873,0.12258,0.00024,0.00005,
7.491,5.09750,0.02572,1.82966,0.90015,0.13110,0.00024,0.00005,
7.492,5.09625,0.02572,2.57001,0.68327,0.13107,0.00024,0.00005,
7.493,5.09750,0.02488,3.05759,0.02120,0.12684,0.00024,0.00005,
7.494,5.09500,0.02467,1.58179,1.71143,0.12571,0.00024,0.00005,
7.495,5.09750,0.02446,3.07390,0.00978,0.12471,0.00024,0.00005,
7.496,5.09875,0.02467,1.61522,1.77096,0.12581,0.00024,0.00005,
7.497,5.09250,0.02384,1.76606,2.79586,0.12139,0.00024,0.00005,
7.498,5.09500,0.02384,1.30213,2.10036,0.12145,0.00024,0.00005,
7.499,5.09625,0.02405,1.73345,1.64865,0.12255,0.00024,0.00005,
7.500,5.09625,0.02467,1.73345,1.64865,0.12574,0.00024,0.00005,
7.501,5.09500,0.02467,2.18752,1.90379,0.12571,0.00024,0.00005,
7.502,5.09750,0.02342,2.64818,2.11333,0.11938,0.00024,0.00005,
7.503,5.09375,0.02426,3.05421,0.01468,0.12355,0.00024,0.00005,
7.504,5.09625,0.02426,1.92743,2.19975,0.12361,0.00024,0.00005,
7.505,5.09625,0.02384,3.06889,0.02446,0.12148,0.00024,0.00005,
7.506,5.09625,0.02426,0.87729,1.13820,0.12361,0.00024,0.00005,
7.507,5.09875,0.02426,2.01467,1.21891,0.12367,0.00024,0.00005,
7.508,5.09500,0.02426,2.18997,1.75784,0.12358,0.00024,0.00005,
7.509,5.09500,0.02509,1.58581,2.85364,0.12784,0.00024,0.00005,
7.510,5.09750,0.02509,2.19241,0.45169,0.12791,0.00024,0.00005,
7.511,5.09750,0.02384,2.19241,0.45169,0.12151,0.00024,0.00005,
7.512,5.09875,0.02426,3.07541,0.02935,0.12367,0.00024,0.00005,
7.513,5.09625,0.02426,3.05748,0.01875,0.12361,0.00024,0.00005,
7.514,5.09750,0.02467,1.85242,2.76803,0.12577,0.00024,0.00005,
7.515,5.09875,0.02446,3.08846,0.23074,0.12474,0.00024,0.00005,
7.516,5.09875,0.02426,2.29515,1.72849,0.12367,0.00024,0.00005,
7.517,5.09375,0.02363,1.05666,1.80676,0.12036,0.00024,0.00005,
7.518,5.09375,0.02405,1.44884,1.49042,0.12249,0.00024,0.00005,
7.519,5.09500,0.02405,1.79861,0.55931,0.12252,0.00024,0.00005,
7.520,5.09375,0.02509,1.88014,0.53404,0.12781,0.00024,0.00005,
7.521,5.09625,0.02488,2.67509,2.45903,0.12681,0.00024,0.00005,
7.522,5.09625,0.02363,2.67509,2.45903,0.12042,0.00024,0.00005,
7.523,5.09625,0.02405,3.05260,0.02364,0.12255,0.00024,0.00005,
7.524,5.09500,0.02446,1.55565,1.77008,0.12465,0.00024,0.00005,
7.525,5.09750,0.02509,3.08032,1.85895,0.12791,0.00024,0.00005,
7.526,5.09500,0.02405,2.35793,2.90584,0.12252,0.00024,0.00005,
7.527,5.09500,0.02551,1.98940,2.71016,0.12997,0.00024,0.00005,
7.528,5.09875,0.02551,2.30820,1.44150,0.13007,0.00024,0.00005,
7.529,5.09625,0.02488,1.77987,0.00326,0.12681,0.00024,0.00005,
7.530,5.09500,0.02467,1.63800,0.61884,0.12571,0.00024,0.00005,
7.531,5.09750,0.02488,2.28292,1.06645,0.12684,0.00024,0.00005,
7.532,5.09500,0.02530,1.57848,1.38688,0.12891,0.00024,0.00005,
7.533,5.09750,0.02467,1.57848,1.38688,0.12577,0.00024,0.00005,
7.534,5.09625,0.02509,1.96495,0.00978,0.12787,0.00024,0.00005,
7.535,5.09625,0.02530,3.08032,0.07990,0.12894,0.00024,0.00005,
7.536,5.09625,0.02405,1.32491,0.00163,0.12255,0.00024,0.00005,
7.537,5.09500,0.02405,1.72850,3.02488,0.12252,0.00024,0.00005,
7.538,5.09625,0.02530,2.50714,1.99512,0.12894,0.00024,0.00005,
7.539,5.09625,0.02530,1.42846,0.00815,0.12894,0.00024,0.00005,
7.540,5.09625,0.02426,1.07787,1.77905,0.12361,0.00024,0.00005,
7.541,5.09625,0.02572,2.32288,1.55973,0.13107,0.00024,0.00005,
7.542,5.09750,0.02551,0.57970,1.32165,0.13004,0.00024,0.00005,
7.543,5.09875,0.02467,3.05342,0.02364,0.12581,0.00024,0.00005,
7.544,5.09500,0.02509,3.05342,0.02364,0.12784,0.00024,0.00005,
7.545,5.09500,0.02509,1.41542,1.13658,0.12784,0.00024,0.00005,
7.546,5.09750,0.02509,3.06810,0.02446,0.12791,0.00024,0.00005,
7.547,5.09500,0.02446,2.00491,2.98331,0.12465,0.00024,0.00005,
7.548,5.09375,0.02572,2.35631,2.57890,0.13101,0.00024,0.00005,
7.549,5.09750,0.02572,2.85856,2.52917,0.13110,0.00024,0.00005,
7.550,5.09875,0.02467,1.89647,1.25561,0.12581,0.00024,0.00005,
7.551,5.09625,0.02530,1.52386,1.85733,0.12894,0.00024,0.00005,
7.552,5.09500,0.02530,1.67143,1.89157,0.12891,0.00024,0.00005,
7.553,5.09625,0.02467,3.05424,0.02038,0.12574,0.00024,0.00005,
7.554,5.09625,0.02635,2.85367,2.52917,0.13427,0.00024,0.00005,
7.555,5.09750,0.02635,2.85367,2.52917,0.13430,0.00024,0.00005,
7.556,5.09500,0.02467,1.96175,2.29767,0.12571,0.00024,0.00005,
7.557,5.09375,0.02467,1.41790,1.64457,0.12568,0.00024,0.00005,
7.558,5.09500,0.02446,1.69594,1.92098,0.12465,0.00024,0.00005,
7.559,5.09625,0.02509,1.36409,1.54836,0.12787,0.00024,0.00005,
7.560,5.09625,0.02405,1.64457,0.96783,0.12255,0.00024,0.00005,
7.561,5.09500,0.02572,1.81498,1.53450,0.13104,0.00024,0.00005,
7.562,5.09750,0.02467,2.69801,2.26017,0.12577,0.00024,0.00005,
7.563,5.09750,0.02426,3.05269,0.01875,0.12364,0.00024,0.00005,
7.564,5.09750,0.02426,1.71306,1.00778,0.12364,0.00024,0.00005,
7.565,5.09500,0.02426,3.06982,1.60462,0.12358,0.00024,0.00005,
7.566,5.09875,0.02593,3.06982,1.60462,0.13220,0.00024,0.00005,
7.567,5.09750,0.02426,1.92025,0.01060,0.12364,0.00024,0.00005,
7.568,5.09625,0.02551,1.35029,1.60062,0.13001,0.00024,0.00005,
7.569,5.09375,0.02509,0.97847,1.17335,0.12781,0.00024,0.00005,
7.570,5.09500,0.02426,2.15346,1.03555,0.12358,0.00024,0.00005,
7.571,5.09750,0.02509,1.77267,1.36089,0.12791,0.00024,0.00005,
7.572,5.09500,0.02488,0.63601,1.44814,0.12678,0.00024,0.00005,
7.573,5.09500,0.02488,3.05202,0.02609,0.12678,0.00024,0.00005,
7.574,5.09625,0.02446,0.76158,1.49788,0.12468,0.00024,0.00005,
7.575,5.09625,0.02509,2.90688,1.41226,0.12787,0.00024,0.00005,
7.576,5.09500,0.02509,1.78408,1.56311,0.12784,0.00024,0.00005,
7.577,5.09625,0.02384,1.78408,1.56311,0.12148,0.00024,0.00005,
7.578,5.09625,0.02488,2.84165,1.44406,0.12681,0.00024,0.00005,
7.579,5.09750,0.02530,1.36578,1.69194,0.12897,0.00024,0.00005,
7.580,5.09625,0.02405,0.49168,1.06490,0.12255,0.00024,0.00005,
7.581,5.09625,0.02488,2.68509,0.70858,0.12681,0.00024,0.00005,
7.582,5.09625,0.02572,1.74250,3.02185,0.13107,0.00024,0.00005,
7.583,5.09375,0.02572,3.05446,0.01794,0.13101,0.00024,0.00005,
7.584,5.09625,0.02405,1.96428,2.72015,0.12255,0.00024,0.00005,
7.585,5.09625,0.02593,3.09197,0.56018,0.13214,0.00024,0.00005,
7.586,5.09625,0.02509,1.23940,1.64057,0.12787,0.00024,0.00005,
7.587,5.09500,0.02363,2.03441,0.00326,0.12039,0.00024,0.00005,
7.588,5.09625,0.02488,2.03441,0.00326,0.12681,0.00024,0.00005,
7.589,5.09625,0.02509,2.00424,0.00489,0.12787,0.00024,0.00005,
7.590,5.09250,0.02530,2.26924,2.92808,0.12885,0.00024,0.00005,
7.591,5.09250,0.02405,1.75473,1.59491,0.12246,0.00024,0.00005,
7.592,5.09750,0.02405,0.62378,1.41389,0.12258,0.00024,0.00005,
7.593,5.09625,0.02593,3.05039,0.01712,0.13214,0.00024,0.00005,
7.594,5.09750,0.02551,2.08089,0.00734,0.13004,0.00024,0.00005,
7.595,5.09625,0.02446,1.50848,2.52528,0.12468,0.00024,0.00005,
7.596,5.09250,0.02593,1.97489,1.37720,0.13204,0.00024,0.00005,
7.597,5.09750,0.02572,0.89530,1.34866,0.13110,0.00024,0.00005,
7.598,5.10000,0.02488,1.93085,2.18200,0.12690,0.00024,0.00005,
7.599,5.09375,0.02551,1.93085,2.18200,0.12994,0.00024,0.00005,
7.600,5.09375,0.02530,1.11953,1.44651,0.12888,0.00024,0.00005,
7.601,5.09625,0.02530,2.71934,0.66699,0.12894,0.00024,0.00005,
7.602,5.09625,0.02426,1.19374,1.29077,0.12361,0.00024,0.00005,
7.603,5.09750,0.02467,3.05283,0.02365,0.12577,0.00024,0.00005,
7.604,5.10000,0.02551,0.81539,1.98467,0.13010,0.00024,0.00005,
7.605,5.09875,0.02446,1.39025,0.00245,0.12474,0.00024,0.00005,
7.606,5.09625,0.02572,1.81099,2.39644,0.13107,0.00024,0.00005,
7.607,5.09875,0.02509,1.36823,1.50603,0.12794,0.00024,0.00005,
7.608,5.09625,0.02488,2.16895,2.65166,0.12681,0.00024,0.00005,
7.609,5.09625,0.02593,1.94797,2.35975,0.13214,0.00024,0.00005,
7.610,5.09625,0.02593,1.94797,2.35975,0.13214,0.00024,0.00005,
7.611,5.10000,0.02572,1.64955,3.02757,0.13117,0.00024,0.00005,
7.612,5.10000,0.02509,1.23125,0.07665,0.12797,0.00024,0.00005,
7.613,5.09750,0.02572,3.05773,0.01875,0.13110,0.00024,0.00005,
7.614,5.09875,0.02572,1.60551,2.84329,0.13114,0.00024,0.00005,
7.615,5.09750,0.02488,2.46413,2.80089,0.12684,0.00024,0.00005,
7.616,5.09625,0.02551,2.11921,1.26142,0.13001,0.00024,0.00005,
7.617,5.09750,0.02572,2.92972,2.65901,0.13110,0.00024,0.00005,
7.618,5.09750,0.02405,2.60764,2.13471,0.12258,0.00024,0.00005,
7.619,5.09625,0.02405,0.79338,1.57779,0.12255,0.00024,0.00005,
7.620,5.09750,0.02551,2.05969,0.45662,0.13004,0.00024,0.00005,
7.621,5.10000,0.02530,2.05969,0.45662,0.12904,0.00024,0.00005,
7.622,5.09500,0.02446,2.61497,2.77560,0.12465,0.00024,0.00005,
7.623,5.09500,0.02300,3.05120,0.01305,0.11719,0.00024,0.00005,
7.624,5.09625,0.02426,0.48597,1.05593,0.12361,0.00024,0.00005,
7.625,5.09625,0.02467,0.75016,2.18525,0.12574,0.00024,0.00005,
7.626,5.09875,0.02426,1.37801,1.78163,0.12367,0.00024,0.00005,
7.627,5.09875,0.02405,2.76745,2.37850,0.12261,0.00024,0.00005,
7.628,5.09500,0.02405,2.76745,2.37850,0.12252,0.00024,0.00005,
7.629,5.09875,0.02467,1.70254,3.02919,0.12581,0.00024,0.00005,
7.630,5.09750,0.02446,2.58317,2.83512,0.12471,0.00024,0.00005,
7.631,5.09750,0.02405,2.84491,2.26924,0.12258,0.00024,0.00005,
7.632,5.09375,0.02405,1.60143,2.85143,0.12249,0.00024,0.00005,
7.633,5.09375,0.02405,1.60143,2.85143,0.12249,0.00024,0.00005,
7.634,5.09625,0.02405,3.09521,0.32942,0.12255,0.00024,0.00005,
7.635,5.10000,0.02509,3.05607,1.23368,0.12797,0.00024,0.00005,
7.636,5.10000,0.02342,0.51532,1.22145,0.11944,0.00024,0.00005,
7.637,5.09625,0.02342,1.87947,0.01223,0.11935,0.00024,0.00005,
7.638,5.09500,0.02384,2.75601,2.38093,0.12145,0.00024,0.00005,
7.639,5.09750,0.02530,1.49868,1.58022,0.12897,0.00024,0.00005,
7.640,5.09625,0.02342,1.52151,1.37800,0.11935,0.00024,0.00005,
7.641,5.09500,0.02321,2.69485,2.27819,0.11826,0.00024,0.00005,
7.642,5.09750,0.02488,1.71231,1.92676,0.12684,0.00024,0.00005,
7.643,5.09875,0.02363,3.05444,0.02202,0.12047,0.00024,0.00005,
7.644,5.09500,0.02363,3.05444,0.02202,0.12039,0.00024,0.00005,
7.645,5.09500,0.02405,1.70817,0.04321,0.12252,0.00024,0.00005,
7.646,5.09500,0.02405,1.89244,2.23163,0.12252,0.00024,0.00005,
7.647,5.09750,0.02405,1.96256,1.17900,0.12258,0.00024,0.00005,
7.648,5.09875,0.02426,2.20146,0.00245,0.12367,0.00024,0.00005,
7.649,5.09500,0.02426,0.68653,1.50759,0.12358,0.00024,0.00005,
7.650,5.09625,0.02405,1.72366,1.94707,0.12255,0.00024,0.00005,
7.651,5.09625,0.02405,1.38529,0.81372,0.12255,0.00024,0.00005,
7.652,5.09625,0.02509,1.62663,2.70535,0.12787,0.00024,0.00005,
7.653,5.09625,0.02342,3.05350,0.02038,0.11935,0.00024,0.00005,
7.654,5.09625,0.02446,2.19901,1.47742,0.12468,0.00024,0.00005,
7.655,5.09625,0.02446,2.19901,1.47742,0.12468,0.00024,0.00005,
7.656,5.09750,0.02509,1.64280,1.32321,0.12791,0.00024,0.00005,
7.657,5.09625,0.02572,2.27057,1.09982,0.13107,0.00024,0.00005,
7.658,5.09500,0.02446,2.66027,0.61146,0.12465,0.00024,0.00005,
7.659,5.09750,0.02509,1.84254,0.53972,0.12791,0.00024,0.00005,
7.660,5.09625,0.02572,2.00723,1.15689,0.13107,0.00024,0.00005,
7.661,5.09500,0.02467,2.77115,2.12626,0.12571,0.00024,0.00005,
7.662,5.09750,0.02488,2.70430,0.59027,0.12684,0.00024,0.00005,
7.663,5.09750,0.02572,3.07281,0.01794,0.13110,0.00024,0.00005,
7.664,5.09750,0.02572,3.08993,0.01141,0.13110,0.00024,0.00005,
7.665,5.09500,0.02426,2.68555,2.43118,0.12358,0.00024,0.00005,
7.666,5.09625,0.02614,2.68555,2.43118,0.13320,0.00024,0.00005,
7.667,5.09625,0.02509,1.47954,1.47139,0.12787,0.00024,0.00005,
7.668,5.09750,0.02446,2.04283,2.95990,0.12471,0.00024,0.00005,
7.669,5.09750,0.02635,3.07402,0.06847,0.13430,0.00024,0.00005,
7.670,5.09750,0.02530,3.05283,1.61568,0.12897,0.00024,0.00005,
7.671,5.09750,0.02426,2.04853,1.98169,0.12364,0.00024,0.00005,
7.672,5.09750,0.02572,0.44182,0.92522,0.13110,0.00024,0.00005,
7.673,5.09625,0.02572,3.05690,0.01386,0.13107,0.00024,0.00005,
7.674,5.09250,0.02551,1.41922,0.00734,0.12991,0.00024,0.00005,
7.675,5.09500,0.02467,0.37253,1.90262,0.12571,0.00024,0.00005,
7.676,5.09625,0.02551,2.29472,1.75833,0.13001,0.00024,0.00005,
7.677,5.09375,0.02551,2.29472,1.75833,0.12994,0.00024,0.00005,
7.678,5.09750,0.02446,3.08382,0.14429,0.12471,0.00024,0.00005,
7.679,5.09750,0.02551,2.59064,1.80807,0.13004,0.00024,0.00005,
7.680,5.09500,0.02509,0.91463,0.85512,0.12784,0.00024,0.00005,
7.681,5.09500,0.02405,2.32897,2.58738,0.12252,0.00024,0.00005,
7.682,5.09500,0.02405,1.42249,1.54965,0.12252,0.00024,0.00005,
7.683,5.09500,0.02530,3.05692,0.02283,0.12891,0.00024,0.00005,
7.684,5.09500,0.02572,3.08464,1.58552,0.13104,0.00024,0.00005,
7.685,5.09500,0.02426,1.99474,0.12065,0.12358,0.00024,0.00005,
7.686,5.09750,0.02551,3.01779,0.00652,0.13004,0.00024,0.00005,
7.687,5.09375,0.02530,2.51972,0.74589,0.12888,0.00024,0.00005,
7.688,5.09750,0.02446,2.51972,0.74589,0.12471,0.00024,0.00005,
7.689,5.09625,0.02405,3.08302,0.08478,0.12255,0.00024,0.00005,
7.690,5.09625,0.02530,1.16082,1.24478,0.12894,0.00024,0.00005,
7.691,5.09625,0.02530,1.67846,2.82216,0.12894,0.00024,0.00005,
7.692,5.09875,0.02426,1.04262,1.14126,0.12367,0.00024,0.00005,
7.693,5.09500,0.02446,3.05449,0.02038,0.12465,0.00024,0.00005,
7.694,5.09750,0.02488,3.07568,0.04728,0.12684,0.00024,0.00005,
7.695,5.09750,0.02405,0.38884,1.69150,0.12258,0.00024,0.00005,
7.696,5.09875,0.02467,2.78303,2.55886,0.12581,0.00024,0.00005,
7.697,5.09375,0.02572,1.35891,0.77850,0.13101,0.00024,0.00005,
7.698,5.09500,0.02446,3.07650,0.05951,0.12465,0.00024,0.00005,
7.699,5.09500,0.02467,3.07650,0.05951,0.12571,0.00024,0.00005,
7.700,5.09750,0.02467,1.40782,0.00326,0.12577,0.00024,0.00005,
7.701,5.09750,0.02509,1.70781,0.59672,0.12791,0.00024,0.00005,
7.702,5.10000,0.02530,1.87411,2.46594,0.12904,0.00024,0.00005,
7.703,5.09625,0.02467,3.19879,0.01060,0.12574,0.00024,0.00005,
7.704,5.09875,0.02530,1.44777,0.00408,0.12900,0.00024,0.00005,
7.705,5.09750,0.02509,1.74857,1.88552,0.12791,0.00024,0.00005,
7.706,5.09500,0.02488,0.81274,1.51951,0.12678,0.00024,0.00005,
7.707,5.09875,0.02509,1.57901,2.84092,0.12794,0.00024,0.00005,
7.708,5.09750,0.02530,0.49400,1.07523,0.12897,0.00024,0.00005,
7.709,5.09750,0.02530,1.01572,1.32794,0.12897,0.00024,0.00005,
7.710,5.09625,0.02405,1.01572,1.32794,0.12255,0.00024,0.00005,
7.711,5.09875,0.02572,3.07738,0.06440,0.13114,0.00024,0.00005,
7.712,5.09750,0.02467,1.53176,0.90487,0.12577,0.00024,0.00005,
7.713,5.09750,0.02446,3.05537,0.01956,0.12471,0.00024,0.00005,
7.714,5.09625,0.02551,1.42089,0.00489,0.13001,0.00024,0.00005,
7.715,5.09500,0.02572,2.75945,2.11952,0.13104,0.00024,0.00005,
7.716,5.09500,0.02446,2.90293,2.60538,0.12465,0.00024,0.00005,
7.717,5.09625,0.02572,2.10811,2.66244,0.13107,0.00024,0.00005,
7.718,5.09625,0.02488,1.80159,0.00163,0.12681,0.00024,0.00005,
7.719,5.09750,0.02488,0.62607,2.02985,0.12684,0.00024,0.00005,
7.720,5.09750,0.02446,0.73776,2.02659,0.12471,0.00024,0.00005,
7.721,5.09750,0.02614,0.73776,2.02659,0.13324,0.00024,0.00005,
7.722,5.09500,0.02572,0.74598,1.39983,0.13104,0.00024,0.00005,
7.723,5.09375,0.02426,3.05403,0.02201,0.12355,0.00024,0.00005,
7.724,5.09625,0.02572,1.93139,2.26647,0.13107,0.00024,0.00005,
7.725,5.09625,0.02572,3.06952,1.64768,0.13107,0.00024,0.00005,
7.726,5.09875,0.02551,2.58362,2.11646,0.13007,0.00024,0.00005,
7.727,5.09875,0.02467,2.03575,1.22455,0.12581,0.00024,0.00005,
7.728,5.09750,0.02467,0.68076,1.87025,0.12577,0.00024,0.00005,
7.729,5.09750,0.02593,0.49080,1.08187,0.13217,0.00024,0.00005,
7.730,5.09500,0.02446,1.56533,0.00897,0.12465,0.00024,0.00005,
7.731,5.09500,0.02530,1.56044,1.40065,0.12891,0.00024,0.00005,
7.732,5.09625,0.02551,1.56044,1.40065,0.13001,0.00024,0.00005,
7.733,5.09875,0.02530,1.40391,1.54984,0.12900,0.00024,0.00005,
7.734,5.09875,0.02446,0.38237,1.74225,0.12474,0.00024,0.00005,
7.735,5.09750,0.02614,3.08827,0.27149,0.13324,0.00024,0.00005,
7.736,5.09750,0.02488,0.38155,1.75285,0.12684,0.00024,0.00005,
7.737,5.09500,0.02488,1.92976,0.80631,0.12678,0.00024,0.00005,
7.738,5.09750,0.02593,2.52981,2.95457,0.13217,0.00024,0.00005,
7.739,5.09500,0.02572,0.82914,1.12835,0.13104,0.00024,0.00005,
7.740,5.09750,0.02467,1.34113,0.00326,0.12577,0.00024,0.00005,
7.741,5.09500,0.02467,0.48835,1.04600,0.12571,0.00024,0.00005,
7.742,5.09500,0.02551,1.94362,1.19275,0.12997,0.00024,0.00005,
7.743,5.09250,0.02426,1.94362,1.19275,0.12352,0.00024,0.00005,
7.744,5.09625,0.02593,0.37666,1.75855,0.13214,0.00024,0.00005,
7.745,5.09625,0.02551,2.25180,2.53062,0.13001,0.00024,0.00005,
7.746,5.09625,0.02551,1.89797,0.09620,0.13001,0.00024,0.00005,
7.747,5.09875,0.02467,1.71371,2.80945,0.12581,0.00024,0.00005,
7.748,5.09500,0.02614,1.98439,0.00652,0.13317,0.00024,0.00005,
7.749,5.09750,0.02530,0.71989,1.47810,0.12897,0.00024,0.00005,
7.750,5.09625,0.02426,2.39203,0.00408,0.12361,0.00024,0.00005,
7.751,5.09500,0.02614,3.08175,0.25111,0.13317,0.00024,0.00005,
7.752,5.09625,0.02530,0.71255,2.05450,0.12894,0.00024,0.00005,
7.753,5.09625,0.02509,3.05566,0.01468,0.12787,0.00024,0.00005,
7.754,5.09625,0.02363,3.05566,0.01468,0.12042,0.00024,0.00005,
7.755,5.09500,0.02363,2.00149,0.10109,0.12039,0.00024,0.00005,
7.756,5.09750,0.02342,2.80046,2.20124,0.11938,0.00024,0.00005,
7.757,5.09500,0.02467,2.73687,2.04470,0.12571,0.00024,0.00005,
7.758,5.09750,0.02342,3.12983,0.00652,0.11938,0.00024,0.00005,
7.759,5.09500,0.02384,2.83633,2.49555,0.12145,0.00024,0.00005,
7.760,5.09875,0.02572,0.39948,1.93872,0.13114,0.00024,0.00005,
7.761,5.09625,0.02363,2.69692,2.21102,0.12042,0.00024,0.00005,
7.762,5.09875,0.02467,2.18330,0.00897,0.12581,0.00024,0.00005,
7.763,5.09875,0.02426,3.05564,0.02364,0.12367,0.00024,0.00005,
7.764,5.09625,0.02426,3.09151,0.42476,0.12361,0.00024,0.00005,
7.765,5.09875,0.02384,3.09151,0.42476,0.12154,0.00024,0.00005,
7.766,5.09625,0.02446,3.09641,0.61227,0.12468,0.00024,0.00005,
7.767,5.09500,0.02467,1.36395,2.03248,0.12571,0.00024,0.00005,
7.768,5.09500,0.02405,1.34276,0.00245,0.12252,0.00024,0.00005,
7.769,5.09500,0.02426,0.76310,1.65419,0.12358,0.00024,0.00005,
7.770,5.09750,0.02467,2.00883,0.00815,0.12577,0.00024,0.00005,
7.771,5.09625,0.02384,2.26972,0.00571,0.12148,0.00024,0.00005,
7.772,5.09625,0.02405,2.01699,2.96596,0.12255,0.00024,0.00005,
7.773,5.09750,0.02405,3.05401,0.01304,0.12258,0.00024,0.00005,
7.774,5.09750,0.02426,3.06298,0.01304,0.12364,0.00025,0.00005,
7.775,5.09500,0.02467,2.10667,0.26822,0.12571,0.00025,0.00005,
7.776,5.09750,0.02321,2.10667,0.26822,0.11831,0.00025,0.00005,
7.777,5.09500,0.02426,1.36150,0.00815,0.12358,0.00025,0.00005,
7.778,5.09500,0.02446,0.76717,1.32482,0.12465,0.00025,0.00005,
7.779,5.09625,0.02405,1.72267,1.95584,0.12255,0.00025,0.00005,
7.780,5.09750,0.02446,1.47809,0.00326,0.12471,0.00025,0.00005,
7.781,5.09750,0.02405,2.51511,1.97948,0.12258,0.00025,0.00005,
7.782,5.09750,0.02405,0.57151,1.28650,0.12258,0.00025,0.00005,
7.783,5.09625,0.02363,1.95339,1.23840,0.12042,0.00025,0.00005,
7.784,5.09750,0.02551,0.38155,1.91507,0.13004,0.00025,0.00005,
7.785,5.09875,0.02405,2.63822,1.17481,0.12261,0.00025,0.00005,
7.786,5.09500,0.02405,1.35254,0.00734,0.12252,0.00025,0.00005,
7.787,5.09750,0.02593,1.35254,0.00734,0.13217,0.00025,0.00005,
7.788,5.09875,0.02551,0.39704,1.91752,0.13007,0.00025,0.00005,
7.789,5.09875,0.02405,0.39704,1.91752,0.12261,0.00025,0.00005,
7.790,5.09875,0.02530,2.17271,0.00489,0.12900,0.00025,0.00005,
7.791,5.09875,0.02530,3.00999,0.88457,0.12900,0.00025,0.00005,
7.792,5.09750,0.02572,2.42789,1.85801,0.13110,0.00025,0.00005,
7.793,5.09500,0.02488,3.05728,0.02446,0.12678,0.00025,0.00005,
7.794,5.09750,0.02593,3.07603,0.04402,0.13217,0.00025,0.00005,
7.795,5.09750,0.02446,0.37095,1.89225,0.12471,0.00025,0.00005,
7.796,5.09875,0.02467,1.04844,1.14791,0.12581,0.00025,0.00005,
7.797,5.09375,0.02572,1.50826,0.00408,0.13101,0.00025,0.00005,
7.798,5.09875,0.02509,1.16177,0.22420,0.12794,0.00025,0.00005,
7.799,5.09875,0.02467,1.16177,0.22420,0.12581,0.00025,0.00005,
7.800,5.09625,0.02467,1.89224,0.00489,0.12574,0.00025,0.00005,
7.801,5.09250,0.02509,2.78251,2.17432,0.12778,0.00025,0.00005,
7.802,5.09500,0.02509,1.71043,1.40552,0.12784,0.00025,0.00005,
7.803,5.09125,0.02446,3.05725,0.01794,0.12456,0.00025,0.00005,
7.804,5.09500,0.02509,2.06752,2.96187,0.12784,0.00025,0.00005,
7.805,5.09625,0.02426,0.64162,1.30850,0.12361,0.00025,0.00005,
7.806,5.09500,0.02405,2.62272,2.15394,0.12252,0.00025,0.00005,
7.807,5.09500,0.02426,1.21801,1.65825,0.12358,0.00025,0.00005,
7.808,5.09500,0.02488,2.23220,1.55798,0.12678,0.00025,0.00005,
7.809,5.09500,0.02488,2.16861,0.00489,0.12678,0.00025,0.00005,
7.810,5.09625,0.02321,2.16861,0.00489,0.11828,0.00025,0.00005,
7.811,5.09250,0.02426,3.17297,0.00734,0.12352,0.00025,0.00005,
7.812,5.09125,0.02467,1.59627,2.84034,0.12562,0.00025,0.00005,
7.813,5.09250,0.02384,3.05720,0.01712,0.12139,0.00025,0.00005,
7.814,5.09750,0.02321,1.39164,0.00571,0.11831,0.00025,0.00005,
7.815,5.09375,0.02467,1.31908,1.12831,0.12568,0.00025,0.00005,
7.816,5.09500,0.02279,1.95987,0.00571,0.11612,0.00025,0.00005,
7.817,5.09500,0.02384,2.07645,1.36637,0.12145,0.00025,0.00005,
7.818,5.09500,0.02384,1.04597,1.36310,0.12145,0.00025,0.00005,
7.819,5.09500,0.02551,0.75003,1.38022,0.12997,0.00025,0.00005,
7.820,5.09375,0.02572,0.52339,1.14543,0.13101,0.00025,0.00005,
7.821,5.09625,0.02488,0.52339,1.14543,0.12681,0.00025,0.00005,
7.822,5.09500,0.02551,3.07584,0.03179,0.12997,0.00025,0.00005,
7.823,5.09750,0.02614,3.03508,0.01304,0.13324,0.00025,0.00005,
7.824,5.09625,0.02488,1.80164,2.62991,0.12681,0.00025,0.00005,
7.825,5.09750,0.02530,2.32665,0.24538,0.12897,0.00025,0.00005,
7.826,5.09750,0.02530,1.63452,2.60056,0.12897,0.00025,0.00005,
7.827,5.09500,0.02530,1.58153,0.00326,0.12891,0.00025,0.00005,
7.828,5.09750,0.02446,1.92230,0.00326,0.12471,0.00025,0.00005,
7.829,5.09875,0.02551,0.98805,0.65870,0.13007,0.00025,0.00005,
7.830,5.09750,0.02551,3.09296,0.72147,0.13004,0.00025,0.00005,
7.831,5.09875,0.02467,1.78778,0.00408,0.12581,0.00025,0.00005,
7.832,5.09500,0.02530,1.78778,0.00408,0.12891,0.00025,0.00005,
7.833,5.09500,0.02530,3.05706,0.02283,0.12891,0.00025,0.00005,
7.834,5.09875,0.02467,1.49674,1.45679,0.12581,0.00025,0.00005,
7.835,5.09875,0.02551,0.60000,1.27255,0.13007,0.00025,0.00005,
7.836,5.09625,0.02551,1.80815,1.03940,0.13001,0.00025,0.00005,
7.837,5.10000,0.02488,2.08288,0.00489,0.12690,0.00025,0.00005,
7.838,5.10125,0.02446,1.01250,0.56576,0.12480,0.00025,0.00005,
7.839,5.09750,0.02530,1.50571,1.43478,0.12897,0.00025,0.00005,
7.840,5.09625,0.02635,1.46331,0.00326,0.13427,0.00025,0.00005,
7.841,5.09875,0.02405,1.93206,0.00571,0.12261,0.00025,0.00005,
7.842,5.09500,0.02593,3.07011,0.03261,0.13211,0.00025,0.00005,
7.843,5.09875,0.02572,3.07011,0.03261,0.13114,0.00025,0.00005,
7.844,5.09500,0.02509,3.09294,1.56196,0.12784,0.00025,0.00005,
7.845,5.09500,0.02509,0.93669,1.03940,0.12784,0.00025,0.00005,
7.846,5.09625,0.02509,2.43669,1.51060,0.12787,0.00025,0.00005,
7.847,5.09500,0.02572,2.10082,0.00245,0.13104,0.00025,0.00005,
7.848,5.09500,0.02384,0.45163,0.95788,0.12145,0.00025,0.00005,
7.849,5.10000,0.02614,2.43261,1.87663,0.13330,0.00025,0.00005,
7.850,5.09500,0.02530,2.12854,0.00326,0.12891,0.00025,0.00005,
7.851,5.09750,0.02572,3.06359,0.01630,0.13110,0.00025,0.00005,
7.852,5.09750,0.02384,1.64674,0.35951,0.12151,0.00025,0.00005,
7.853,5.09750,0.02509,3.05462,0.01793,0.12791,0.00025,0.00005,
7.854,5.09625,0.02509,3.05462,0.01793,0.12787,0.00025,0.00005,
7.855,5.09750,0.02363,0.77772,1.47963,0.12045,0.00025,0.00005,
7.856,5.09750,0.02467,1.70463,1.92392,0.12577,0.00025,0.00005,
7.857,5.09875,0.02342,2.32175,0.00489,0.11941,0.00025,0.00005,
7.858,5.09625,0.02405,1.72012,0.00652,0.12255,0.00025,0.00005,
7.859,5.09875,0.02363,0.48343,1.05653,0.12047,0.00025,0.00005,
7.860,5.09750,0.02509,0.44022,0.92528,0.12791,0.00025,0.00005,
7.861,5.09625,0.02426,3.09947,0.01060,0.12361,0.00025,0.00005,
7.862,5.09875,0.02405,3.11251,0.00815,0.12261,0.00025,0.00005,
7.863,5.09875,0.02405,3.04974,0.01875,0.12261,0.00025,0.00005,
7.864,5.09625,0.02426,2.94213,2.68045,0.12361,0.00025,0.00005,
7.865,5.09250,0.02446,2.94213,2.68045,0.12459,0.00025,0.00005,
7.866,5.09250,0.02426,0.58125,1.84240,0.12352,0.00025,0.00005,
7.867,5.09625,0.02467,1.13560,1.22446,0.12574,0.00025,0.00005,
7.868,5.09875,0.02446,0.73859,1.41278,0.12474,0.00025,0.00005,
7.869,5.09375,0.02405,1.85789,1.19185,0.12249,0.00025,0.00005,
7.870,5.09750,0.02488,2.22229,0.00326,0.12684,0.00025,0.00005,
7.871,5.09750,0.02384,1.85055,0.00571,0.12151,0.00025,0.00005,
7.872,5.09750,0.02342,3.08479,0.23397,0.11938,0.00025,0.00005,
7.873,5.09750,0.02342,3.05219,0.02120,0.11938,0.00025,0.00005,
7.874,5.09500,0.02572,2.41061,0.00082,0.13104,0.00025,0.00005,
7.875,5.09500,0.02446,2.52229,0.76468,0.12465,0.00025,0.00005,
7.876,5.09500,0.02426,2.52229,0.76468,0.12358,0.00025,0.00005,
7.877,5.09875,0.02488,2.99187,0.96848,0.12687,0.00025,0.00005,
7.878,5.09750,0.02446,2.06577,0.00652,0.12471,0.00025,0.00005,
7.879,5.09500,0.02405,0.95626,1.87664,0.12252,0.00025,0.00005,
7.880,5.09375,0.02467,1.39485,0.00326,0.12568,0.00025,0.00005,
7.881,5.09375,0.02467,1.99404,0.00408,0.12568,0.00025,0.00005,
7.882,5.09500,0.02467,3.07339,0.05299,0.12571,0.00025,0.00005,
7.883,5.09625,0.02467,3.04812,0.02120,0.12574,0.00025,0.00005,
7.884,5.09625,0.02363,0.71414,1.77800,0.12042,0.00025,0.00005,
7.885,5.09875,0.02509,3.10355,1.18615,0.12794,0.00025,0.00005,
7.886,5.09875,0.02488,1.65898,0.00734,0.12687,0.00025,0.00005,
7.887,5.09625,0.02446,1.65898,0.00734,0.12468,0.00025,0.00005,
7.888,5.09625,0.02488,3.08155,0.11169,0.12681,0.00025,0.00005,
7.889,5.10125,0.02551,1.99811,2.07393,0.13013,0.00025,0.00005,
7.890,5.10125,0.02405,1.50246,0.00326,0.12267,0.00025,0.00005,
7.891,5.09500,0.02405,2.41795,0.00571,0.12252,0.00025,0.00005,
7.892,5.09625,0.02614,3.06443,0.01060,0.13320,0.00025,0.00005,
7.893,5.09500,0.02572,3.05464,0.01793,0.13104,0.00025,0.00005,
7.894,5.09750,0.02405,0.62120,0.81359,0.12258,0.00025,0.00005,
7.895,5.09625,0.02593,2.42040,0.82011,0.13214,0.00025,0.00005,
7.896,5.09750,0.02530,1.79838,0.01060,0.12897,0.00025,0.00005,
7.897,5.10000,0.02405,2.86877,1.57338,0.12264,0.00025,0.00005,
7.898,5.09750,0.02572,2.86877,1.57338,0.13110,0.00025,0.00005,
7.899,5.09750,0.02467,3.08726,0.21767,0.12577,0.00025,0.00005,
7.900,5.09375,0.02467,3.07584,0.05380,0.12568,0.00025,0.00005,
7.901,5.09625,0.02426,2.04132,0.00978,0.12361,0.00025,0.00005,
7.902,5.09750,0.02593,1.80491,0.00245,0.13217,0.00025,0.00005,
7.903,5.09750,0.02509,3.05139,0.02201,0.12791,0.00025,0.00005,
7.904,5.09625,0.02446,0.67664,2.07719,0.12468,0.00025,0.00005,
7.905,5.09875,0.02635,2.63481,1.17637,0.13433,0.00025,0.00005,
7.906,5.09750,0.02488,2.19785,0.00408,0.12684,0.00025,0.00005,
7.907,5.09875,0.02509,2.09024,0.00408,0.12794,0.00025,0.00005,
7.908,5.09875,0.02676,0.48424,1.02963,0.13647,0.00025,0.00005,
7.909,5.09875,0.02676,0.48424,1.02963,0.13647,0.00025,0.00005,
7.910,5.09500,0.02509,0.55028,2.06581,0.12784,0.00025,0.00005,
7.911,5.09500,0.02384,2.00874,0.00815,0.12145,0.00025,0.00005,
7.912,5.09750,0.02530,1.93945,0.00897,0.12897,0.00025,0.00005,
7.913,5.09500,0.02426,3.05224,0.01549,0.12358,0.00025,0.00005,
7.914,5.09625,0.02405,3.06121,0.00815,0.12255,0.00025,0.00005,
7.915,5.09625,0.02321,2.09679,0.69784,0.11828,0.00025,0.00005,
7.916,5.09500,0.02572,3.17697,0.01060,0.13104,0.00025,0.00005,
7.917,5.09500,0.02593,2.62506,2.67071,0.13211,0.00025,0.00005,
7.918,5.09625,0.02593,1.17475,1.46824,0.13214,0.00025,0.00005,
7.919,5.09500,0.02467,1.58808,1.83591,0.12571,0.00025,0.00005,
7.920,5.09625,0.02572,1.58808,1.83591,0.13107,0.00025,0.00005,
7.921,5.09500,0.02530,0.37340,1.89311,0.12891,0.00025,0.00005,
7.922,5.09625,0.02426,1.78304,0.00326,0.12361,0.00025,0.00005,
7.923,5.09500,0.02572,3.05571,0.01712,0.13104,0.00025,0.00005,
7.924,5.09875,0.02572,1.87843,0.00489,0.13114,0.00025,0.00005,
7.925,5.09750,0.02446,1.74717,1.04683,0.12471,0.00025,0.00005,
7.926,5.09750,0.02593,0.41009,1.63547,0.13217,0.00025,0.00005,
7.927,5.09750,0.02593,1.39741,0.00326,0.13217,0.00025,0.00005,
7.928,5.09500,0.02488,1.66483,0.01060,0.12678,0.00025,0.00005,
7.929,5.09875,0.02509,2.16705,0.00571,0.12794,0.00025,0.00005,
7.930,5.09750,0.02530,3.06794,0.03913,0.12897,0.00025,0.00005,
7.931,5.09875,0.02530,3.06794,0.03913,0.12900,0.00025,0.00005,
7.932,5.09875,0.02467,3.09240,0.34650,0.12581,0.00025,0.00005,
7.933,5.09625,0.02572,3.05327,0.02446,0.13107,0.00025,0.00005,
7.934,5.09375,0.02551,3.06957,0.02364,0.12994,0.00025,0.00005,
7.935,5.09375,0.02551,1.64607,1.78304,0.12994,0.00025,0.00005,
7.936,5.09500,0.02551,0.47858,1.33952,0.12997,0.00025,0.00005,
7.937,5.09875,0.02509,3.07283,0.04321,0.12794,0.00025,0.00005,
7.938,5.09750,0.02509,1.51889,0.00326,0.12791,0.00025,0.00005,
7.939,5.09750,0.02488,1.40556,0.00326,0.12684,0.00025,0.00005,
7.940,5.09875,0.02551,2.35375,0.00408,0.13007,0.00025,0.00005,
7.941,5.09500,0.02572,3.07365,0.04240,0.13104,0.00025,0.00005,
7.942,5.09625,0.02426,3.07365,0.04240,0.12361,0.00025,0.00005,
7.943,5.09625,0.02530,3.05571,0.02364,0.12894,0.00025,0.00005,
7.944,5.09625,0.02572,1.79364,2.63584,0.13107,0.00025,0.00005,
7.945,5.09500,0.02572,1.54009,0.04076,0.13104,0.00025,0.00005,
7.946,5.09750,0.02530,2.02519,1.25147,0.12897,0.00025,0.00005,
7.947,5.09875,0.02530,2.40430,0.00326,0.12900,0.00025,0.00005,
7.948,5.09625,0.02509,3.09566,0.91720,0.12787,0.00025,0.00005,
7.949,5.09750,0.02572,1.80587,0.01060,0.13110,0.00025,0.00005,
7.950,5.10000,0.02405,3.07773,0.07256,0.12264,0.00025,0.00005,
7.951,5.09750,0.02467,3.07773,0.07256,0.12577,0.00025,0.00005,
7.952,5.09750,0.02363,1.75288,0.00571,0.12045,0.00025,0.00005,
7.953,5.09750,0.02467,3.05734,0.02283,0.12577,0.00025,0.00005,
7.954,5.09875,0.02467,3.05734,0.02283,0.12581,0.00025,0.00005,
7.955,5.09375,0.02530,2.29423,1.65422,0.12888,0.00025,0.00005,
7.956,5.09750,0.02509,1.90289,0.00245,0.12791,0.00025,0.00005,
7.957,5.09875,0.02405,0.69463,1.51073,0.12261,0.00025,0.00005,
7.958,5.09500,0.02405,3.06142,1.39741,0.12252,0.00025,0.00005,
7.959,5.09625,0.02446,1.54742,0.00163,0.12468,0.00025,0.00005,
7.960,5.09625,0.02426,2.92119,1.36317,0.12361,0.00025,0.00005,
7.961,5.09750,0.02405,3.08914,1.40475,0.12258,0.00025,0.00005,
7.962,5.09750,0.02426,1.80342,0.00245,0.12364,0.00025,0.00005,
7.963,5.09875,0.02426,3.05245,0.02364,0.12367,0.00025,0.00005,
7.964,5.09750,0.02342,3.04266,0.99628,0.11938,0.00025,0.00005,
7.965,5.09875,0.02446,3.04266,0.99628,0.12474,0.00025,0.00005,
7.966,5.09625,0.02405,3.09398,0.47857,0.12255,0.00025,0.00005,
7.967,5.09500,0.02384,2.48986,2.85837,0.12145,0.00025,0.00005,
7.968,5.09500,0.02426,1.19846,1.28733,0.12358,0.00025,0.00005,
7.969,5.09500,0.02467,2.95375,1.19520,0.12571,0.00025,0.00005,
7.970,5.09625,0.02426,2.11891,0.00652,0.12361,0.00025,0.00005,
7.971,5.09625,0.02363,1.38597,0.00163,0.12042,0.00025,0.00005,
7.972,5.09625,0.02363,1.95830,0.00326,0.12042,0.00025,0.00005,
7.973,5.09500,0.02384,3.05485,0.01712,0.12145,0.00025,0.00005,
7.974,5.09125,0.02405,3.07442,0.02446,0.12243,0.00025,0.00005,
7.975,5.09500,0.02363,1.97542,1.30526,0.12039,0.00025,0.00005,
7.976,5.09625,0.02488,1.97542,1.30526,0.12681,0.00025,0.00005,
7.977,5.09750,0.02363,1.13971,1.29379,0.12045,0.00025,0.00005,
7.978,5.09625,0.02426,1.95332,0.00815,0.12361,0.00025,0.00005,
7.979,5.09375,0.02488,1.61092,0.00326,0.12675,0.00025,0.00005,
7.980,5.09375,0.02300,2.39518,0.00326,0.11716,0.00025,0.00005,
7.981,5.09500,0.02300,1.37287,0.00408,0.11719,0.00025,0.00005,
7.982,5.09750,0.02405,1.76826,3.02129,0.12258,0.00025,0.00005,
7.983,5.09500,0.02572,3.05390,0.01549,0.13104,0.00025,0.00005,
7.984,5.09625,0.02509,1.47314,1.74380,0.12787,0.00025,0.00005,
7.985,5.10125,0.02426,3.10689,1.04106,0.12373,0.00025,0.00005,
7.986,5.09500,0.02530,1.70141,0.00489,0.12891,0.00025,0.00005,
7.987,5.09625,0.02572,1.70141,0.00489,0.13107,0.00025,0.00005,
7.988,5.09500,0.02467,0.59345,0.86979,0.12571,0.00025,0.00005,
7.989,5.09500,0.02551,0.92848,0.81273,0.12997,0.00025,0.00005,
7.990,5.09625,0.02551,3.07483,0.05217,0.13001,0.00025,0.00005,
7.991,5.09500,0.02530,1.54883,0.00815,0.12891,0.00025,0.00005,
7.992,5.09750,0.02467,3.09195,0.93337,0.12577,0.00025,0.00005,
7.993,5.09750,0.02551,3.05364,0.01630,0.13004,0.00025,0.00005,
7.994,5.09250,0.02572,2.84169,1.73224,0.13098,0.00025,0.00005,
7.995,5.09500,0.02405,1.79664,0.15733,0.12252,0.00025,0.00005,
7.996,5.09750,0.02614,1.73306,0.00734,0.13324,0.00025,0.00005,
7.997,5.09750,0.02530,3.00962,0.00652,0.12897,0.00025,0.00005,
7.998,5.10000,0.02426,3.00962,0.00652,0.12370,0.00025,0.00005,
7.999,5.10000,0.02426,2.38921,1.58710,0.12370,0.00025,0.00005,
8.000,5.09750,0.02530,3.09839,0.00815,0.12897,0.00025,0.00005,
8.001,5.09625,0.02530,1.07926,1.16159,0.12894,0.00025,0.00005,
8.002,5.09750,0.02426,3.07883,0.10515,0.12364,0.00025,0.00005,
8.003,5.09750,0.02593,3.05193,0.02201,0.13217,0.00025,0.00005,
8.004,5.09500,0.02488,3.08698,1.17545,0.12678,0.00025,0.00005,
8.005,5.09875,0.02446,2.44056,1.70367,0.12474,0.00025,0.00005,
8.006,5.09625,0.02551,3.08209,0.11494,0.13001,0.00025,0.00005,
8.007,5.09500,0.02551,3.07312,0.08804,0.12997,0.00025,0.00005,
8.008,5.09500,0.02467,3.06986,0.03505,0.12571,0.00025,0.00005,
8.009,5.09750,0.02467,3.06986,0.03505,0.12577,0.00025,0.00005,
8.010,5.09500,0.02572,1.41837,1.53738,0.13104,0.00025,0.00005,
8.011,5.09750,0.02384,0.84939,1.96289,0.12151,0.00025,0.00005,
8.012,5.09625,0.02467,3.09106,0.79640,0.12574,0.00025,0.00005,
8.013,5.09750,0.02363,3.05519,0.01712,0.12045,0.00025,0.00005,
8.014,5.09625,0.02614,3.09188,0.72549,0.13320,0.00025,0.00005,
8.015,5.09625,0.02509,2.11777,0.29019,0.12787,0.00025,0.00005,
8.016,5.09750,0.02488,2.84081,0.00571,0.12684,0.00025,0.00005,
8.017,5.09750,0.02551,0.69777,2.06071,0.13004,0.00025,0.00005,
8.018,5.09625,0.02551,3.08862,0.39290,0.13001,0.00025,0.00005,
8.019,5.09750,0.02593,3.07476,0.08315,0.13217,0.00025,0.00005,
8.020,5.09625,0.02446,3.07476,0.08315,0.12468,0.00025,0.00005,
8.021,5.09625,0.02488,3.09269,0.92683,0.12681,0.00025,0.00005,
8.022,5.09500,0.02530,3.07802,0.11086,0.12891,0.00025,0.00005,
8.023,5.09500,0.02446,3.05193,0.02282,0.12465,0.00025,0.00005,
8.024,5.09500,0.02572,3.07476,0.06440,0.13104,0.00025,0.00005,
8.025,5.09625,0.02614,0.91949,1.21865,0.13320,0.00025,0.00005,
8.026,5.09625,0.02446,3.06579,0.01956,0.12468,0.00025,0.00005,
8.027,5.09500,0.02446,3.07150,0.03179,0.12465,0.00025,0.00005,
8.028,5.09250,0.02509,1.95881,0.03261,0.12778,0.00025,0.00005,
8.029,5.09250,0.02530,3.06498,0.01386,0.12885,0.00025,0.00005,
8.030,5.09500,0.02405,3.10818,0.00978,0.12252,0.00025,0.00005,
8.031,5.09625,0.02551,3.10818,0.00978,0.13001,0.00025,0.00005,
8.032,5.09500,0.02572,0.76624,1.40043,0.13104,0.00025,0.00005,
8.033,5.09875,0.02405,3.05520,0.01793,0.12261,0.00025,0.00005,
8.034,5.09875,0.02509,3.09269,0.85428,0.12794,0.00025,0.00005,
8.035,5.09875,0.02551,2.08190,0.10923,0.13007,0.00025,0.00005,
8.036,5.09500,0.02551,2.32808,0.20868,0.12997,0.00025,0.00005,
8.037,5.09750,0.02446,3.07069,0.02690,0.12471,0.00025,0.00005,
8.038,5.09375,0.02572,1.72487,2.63702,0.13101,0.00025,0.00005,
8.039,5.09625,0.02530,3.08699,0.45486,0.12894,0.00025,0.00005,
8.040,5.09500,0.02467,3.07150,0.02038,0.12571,0.00025,0.00005,
8.041,5.09375,0.02614,0.89422,1.33441,0.13314,0.00025,0.00005,
8.042,5.09500,0.02530,0.89422,1.33441,0.12891,0.00025,0.00005,
8.043,5.09875,0.02509,3.05847,0.02282,0.12794,0.00025,0.00005,
8.044,5.09875,0.02572,1.82188,2.19604,0.13114,0.00025,0.00005,
8.045,5.09750,0.02572,1.55777,1.63602,0.13110,0.00025,0.00005,
8.046,5.09750,0.02530,2.92234,2.11126,0.12897,0.00025,0.00005,
8.047,5.09750,0.02467,3.06663,0.01304,0.12577,0.00025,0.00005,
8.048,5.09625,0.02405,3.08619,0.24781,0.12255,0.00025,0.00005,
8.049,5.09500,0.02530,3.02016,0.83146,0.12891,0.00025,0.00005,
8.050,5.09875,0.02467,3.09271,0.52252,0.12581,0.00025,0.00005,
8.051,5.09625,0.02279,3.07967,0.10923,0.11615,0.00025,0.00005,
8.052,5.09625,0.02446,1.38088,1.49908,0.12468,0.00025,0.00005,
8.053,5.09625,0.02467,1.38088,1.49908,0.12574,0.00025,0.00005,
8.054,5.09500,0.02467,3.02591,0.81843,0.12571,0.00025,0.00005,
8.055,5.09625,0.02300,2.27514,1.40046,0.11722,0.00025,0.00005,
8.056,5.09500,0.02467,1.92217,0.00489,0.12571,0.00025,0.00005,
8.057,5.09750,0.02446,3.08216,1.57980,0.12471,0.00025,0.00005,
8.058,5.09750,0.02300,3.06341,0.01304,0.11725,0.00025,0.00005,
8.059,5.09750,0.02530,3.08135,1.53660,0.12897,0.00026,0.00005,
8.060,5.09375,0.02384,3.07238,0.04565,0.12142,0.00026,0.00005,
8.061,5.09750,0.02446,0.66762,2.07298,0.12471,0.00026,0.00005,
8.062,5.09750,0.02363,3.01695,0.83881,0.12045,0.00026,0.00005,
8.063,5.09500,0.02363,3.05037,0.01060,0.12039,0.00026,0.00005,
8.064,5.09625,0.02426,3.05037,0.01060,0.12361,0.00026,0.00005,
8.065,5.09750,0.02426,2.28573,0.96353,0.12364,0.00026,0.00005,
8.066,5.09500,0.02467,3.08134,0.16874,0.12571,0.00026,0.00005,
8.067,5.09500,0.02426,3.06503,0.03750,0.12358,0.00026,0.00005,
8.068,5.09625,0.02384,3.04955,1.21379,0.12148,0.00026,0.00005,
8.069,5.09500,0.02384,3.03732,0.99532,0.12145,0.00026,0.00005,
8.070,5.09500,0.02446,3.08378,1.77462,0.12465,0.00026,0.00005,
8.071,5.09500,0.02467,1.67110,0.00652,0.12571,0.00026,0.00005,
8.072,5.09500,0.02467,2.66234,2.51235,0.12571,0.00026,0.00005,
8.073,5.09750,0.02446,3.05770,0.01223,0.12471,0.00026,0.00005,
8.074,5.09750,0.02488,2.79032,1.95070,0.12684,0.00026,0.00005,
8.075,5.09875,0.02426,2.79032,1.95070,0.12367,0.00026,0.00005,
8.076,5.09750,0.02342,1.14613,2.36480,0.11938,0.00026,0.00005,
8.077,5.09625,0.02530,3.12454,0.00734,0.12894,0.00026,0.00005,
8.078,5.09750,0.02363,3.07970,0.22091,0.12045,0.00026,0.00005,
8.079,5.09625,0.02467,3.11231,0.01304,0.12574,0.00026,0.00005,
8.080,5.09625,0.02509,3.08949,1.25291,0.12787,0.00026,0.00005,
8.081,5.09750,0.02509,2.19525,0.00652,0.12791,0.00026,0.00005,
8.082,5.09500,0.02446,3.09193,0.66925,0.12465,0.00026,0.00005,
8.083,5.09375,0.02467,3.05280,0.02201,0.12568,0.00026,0.00005,
8.084,5.09750,0.02551,3.09112,0.77686,0.13004,0.00026,0.00005,
8.085,5.09750,0.02488,3.09927,1.26025,0.12684,0.00026,0.00005,
8.086,5.09875,0.02488,3.09927,1.26025,0.12687,0.00026,0.00005,
8.087,5.09625,0.02509,1.88956,1.50073,0.12787,0.00026,0.00005,
8.088,5.09750,0.02551,3.07971,0.13206,0.13004,0.00026,0.00005,
8.089,5.09750,0.02426,3.08215,0.23314,0.12364,0.00026,0.00005,
8.090,5.09500,0.02426,3.07237,0.04565,0.12358,0.00026,0.00005,
8.091,5.09500,0.02572,1.71348,0.00734,0.13104,0.00026,0.00005,
8.092,5.09375,0.02509,3.08541,1.35970,0.12781,0.00026,0.00005,
8.093,5.09750,0.02426,3.05525,0.02201,0.12364,0.00026,0.00005,
8.094,5.09250,0.02530,3.09112,0.44427,0.12885,0.00026,0.00005,
8.095,5.09750,0.02530,1.43551,1.94907,0.12897,0.00026,0.00005,
8.096,5.09500,0.02467,1.72001,0.00489,0.12571,0.00026,0.00005,
8.097,5.09500,0.02551,1.72001,0.00489,0.12997,0.00026,0.00005,
8.098,5.09500,0.02488,1.71105,0.03261,0.12678,0.00026,0.00005,
8.099,5.09625,0.02488,3.06913,0.03913,0.12681,0.00026,0.00005,
8.100,5.09750,0.02467,3.07729,1.87001,0.12577,0.00026,0.00005,
8.101,5.09500,0.02551,2.29390,0.00571,0.12997,0.00026,0.00005,
8.102,5.09625,0.02530,2.95012,1.17793,0.12894,0.00026,0.00005,
8.103,5.09625,0.02446,3.05202,0.02038,0.12468,0.00026,0.00005,
8.104,5.09500,0.02572,0.67415,2.14310,0.13104,0.00026,0.00005,
8.105,5.09625,0.02593,2.95501,1.98332,0.13214,0.00026,0.00005,
8.106,5.09625,0.02405,1.44612,0.00489,0.12255,0.00026,0.00005,
8.107,5.09625,0.02676,3.08544,0.30488,0.13640,0.00026,0.00005,
8.108,5.10000,0.02676,3.08544,0.30488,0.13650,0.00026,0.00005,
8.109,5.09625,0.02446,2.50587,0.83393,0.12468,0.00026,0.00005,
8.110,5.09750,0.02467,1.86840,0.00571,0.12577,0.00026,0.00005,
8.111,5.09625,0.02530,2.08524,0.00408,0.12894,0.00026,0.00005,
8.112,5.09750,0.02446,3.09525,0.61791,0.12471,0.00026,0.00005,
8.113,5.09250,0.02509,3.09525,0.61791,0.12778,0.00026,0.00005,
8.114,5.09375,0.02446,3.05123,0.01549,0.12462,0.00026,0.00005,
8.115,5.09625,0.02551,1.35239,1.69313,0.13001,0.00026,0.00005,
8.116,5.09625,0.02593,3.07976,0.06277,0.13214,0.00026,0.00005,
8.117,5.09750,0.02593,0.41574,1.32141,0.13217,0.00026,0.00005,
8.118,5.09625,0.02446,3.01618,0.85920,0.12468,0.00026,0.00005,
8.119,5.09750,0.02530,3.08791,1.25701,0.12897,0.00026,0.00005,
8.120,5.09625,0.02551,3.08791,1.25701,0.13001,0.00026,0.00005,
8.121,5.09500,0.02467,0.84942,2.21402,0.12571,0.00026,0.00005,
8.122,5.09750,0.02509,3.07811,0.06195,0.12791,0.00026,0.00005,
8.123,5.09625,0.02572,3.05529,0.02364,0.13107,0.00026,0.00005,
8.124,5.09750,0.02446,3.09360,0.77116,0.12471,0.00026,0.00005,
8.125,5.09750,0.02614,2.33141,0.23151,0.13324,0.00026,0.00005,
8.126,5.09625,0.02614,3.07567,0.08152,0.13320,0.00026,0.00005,
8.127,5.09625,0.02530,3.09197,0.62932,0.12894,0.00026,0.00005,
8.128,5.09500,0.02467,1.16081,0.05625,0.12571,0.00026,0.00005,
8.129,5.09750,0.02467,1.88632,0.90077,0.12577,0.00026,0.00005,
8.130,5.09500,0.02509,3.06996,0.01956,0.12784,0.00026,0.00005,
8.131,5.09625,0.01966,3.06996,0.01956,0.10017,0.00026,0.00005,
8.132,5.09500,0.02175,1.00673,1.10944,0.11080,0.00026,0.00005,
8.133,5.09875,0.02049,3.05851,0.02038,0.10448,0.00026,0.00005,
8.134,5.09875,0.01945,1.20563,1.24150,0.09915,0.00026,0.00005,
8.135,5.09875,0.01945,1.54474,0.06277,0.09915,0.00026,0.00005,
8.136,5.09625,0.01966,1.48605,2.15612,0.10017,0.00026,0.00005,
8.137,5.09750,0.01924,1.53496,0.00815,0.09806,0.00026,0.00005,
8.138,5.09625,0.01882,1.82272,0.00815,0.09591,0.00026,0.00005,
8.139,5.09625,0.01966,3.04873,1.05483,0.10017,0.00026,0.00005,
8.140,5.09625,0.01945,3.07645,0.04891,0.09910,0.00026,0.00005,
8.141,5.09750,0.01945,3.08378,0.20461,0.09913,0.00026,0.00005,
8.142,5.09750,0.01903,3.08378,0.20461,0.09700,0.00026,0.00005,
8.143,5.09750,0.01882,3.05681,0.02282,0.09593,0.00026,0.00005,
8.144,5.09750,0.01882,2.13569,0.00489,0.09593,0.00026,0.00005,
8.145,5.09625,0.01903,2.34356,0.22172,0.09697,0.00026,0.00005,
8.146,5.09500,0.02028,2.00445,1.39146,0.10334,0.00026,0.00005,
8.147,5.09875,0.01986,3.06578,0.01467,0.10128,0.00026,0.00005,
8.148,5.09750,0.01924,3.19213,0.00734,0.09806,0.00026,0.00005,
8.149,5.09625,0.01986,1.67595,2.60603,0.10123,0.00026,0.00005,
8.150,5.09750,0.02070,0.79966,1.91071,0.10552,0.00026,0.00005,
8.151,5.09875,0.01882,0.37497,1.75909,0.09595,0.00026,0.00005,
8.152,5.09875,0.02049,2.47153,2.69488,0.10448,0.00026,0.00005,
8.153,5.09875,0.02049,2.47153,2.69488,0.10448,0.00026,0.00005,
8.154,5.09750,0.02028,3.09329,0.52900,0.10339,0.00026,0.00005,
8.155,5.09750,0.01903,2.20647,0.25268,0.09700,0.00026,0.00005,
8.156,5.09750,0.01986,1.74431,0.94225,0.10126,0.00026,0.00005,
8.157,5.09875,0.01966,0.52329,1.11831,0.10022,0.00026,0.00005,
8.158,5.09875,0.01903,3.09166,0.70913,0.09702,0.00026,0.00005,
8.159,5.09750,0.02028,3.05009,1.16640,0.10339,0.00026,0.00005,
8.160,5.09625,0.02007,1.86087,2.69308,0.10230,0.00026,0.00005,
8.161,5.09625,0.01966,0.41162,1.94645,0.10017,0.00026,0.00005,
8.162,5.09625,0.01986,2.23499,2.86669,0.10123,0.00026,0.00005,
8.163,5.10000,0.01986,3.05009,0.01467,0.10131,0.00026,0.00005,
8.164,5.09625,0.02028,3.05009,0.01467,0.10337,0.00026,0.00005,
8.165,5.09750,0.01966,2.78601,2.15023,0.10019,0.00026,0.00005,
8.166,5.09625,0.01986,2.43552,1.68155,0.10123,0.00026,0.00005,
8.167,5.09875,0.02028,0.40021,1.94238,0.10342,0.00026,0.00005,
8.168,5.09750,0.01903,2.80476,1.89674,0.09700,0.00026,0.00005,
8.169,5.09875,0.02028,3.00120,0.92514,0.10342,0.00026,0.00005,
8.170,5.09875,0.02049,2.75178,2.12008,0.10448,0.00026,0.00005,
8.171,5.09875,0.01903,1.43621,1.57722,0.09702,0.00026,0.00005,
8.172,5.09875,0.01903,3.04440,1.10935,0.09702,0.00026,0.00005,
8.173,5.09875,0.02007,3.05337,0.02201,0.10235,0.00026,0.00005,
8.174,5.09625,0.02049,1.78018,0.00652,0.10443,0.00026,0.00005,
8.175,5.09875,0.01903,1.78018,0.00652,0.09702,0.00026,0.00005,
8.176,5.09500,0.02028,2.83086,1.73536,0.10334,0.00026,0.00005,
8.177,5.09875,0.01966,2.00761,2.34017,0.10022,0.00026,0.00005,
8.178,5.09875,0.01798,3.08436,0.16710,0.09169,0.00026,0.00005,
8.179,5.09750,0.01945,3.08762,0.24535,0.09913,0.00026,0.00005,
8.180,5.09750,0.01903,0.68713,2.13558,0.09700,0.00026,0.00005,
8.181,5.09625,0.01903,2.58062,2.83738,0.09697,0.00026,0.00005,
8.182,5.09625,0.01861,3.07213,0.06276,0.09484,0.00026,0.00005,
8.183,5.09625,0.02007,3.04931,0.02201,0.10230,0.00026,0.00005,
8.184,5.09875,0.01924,3.20092,0.00734,0.09809,0.00026,0.00005,
8.185,5.09375,0.01840,1.71987,0.40837,0.09373,0.00026,0.00005,
8.186,5.09750,0.01903,1.71987,0.40837,0.09700,0.00026,0.00005,
8.187,5.09875,0.01966,2.23344,1.32539,0.10022,0.00026,0.00005,
8.188,5.09625,0.01861,3.06813,0.02445,0.09484,0.00026,0.00005,
8.189,5.09625,0.01945,3.08688,0.26655,0.09910,0.00026,0.00005,
8.190,5.09625,0.01945,0.39452,1.94163,0.09910,0.00026,0.00005,
8.191,5.09875,0.01903,3.08851,1.40854,0.09702,0.00026,0.00005,
8.192,5.09875,0.01882,3.09177,0.78170,0.09595,0.00026,0.00005,
8.193,5.09500,0.01903,3.05101,0.01223,0.09695,0.00026,0.00005,
8.194,5.09750,0.02028,3.18795,0.00652,0.10339,0.00026,0.00005,
8.195,5.09500,0.01840,1.76067,2.15356,0.09375,0.00026,0.00005,
8.196,5.09750,0.01861,0.63661,1.40364,0.09486,0.00026,0.00005,
8.197,5.09750,0.01966,0.63661,1.40364,0.10019,0.00026,0.00005,
8.198,5.09750,0.01882,1.30178,0.13857,0.09593,0.00026,0.00005,
8.199,5.09750,0.01882,1.08822,0.35214,0.09593,0.00026,0.00005,
8.200,5.09875,0.01945,2.47967,2.70139,0.09915,0.00026,0.00005,
8.201,5.09500,0.02007,0.48093,1.34743,0.10227,0.00026,0.00005,
8.202,5.09875,0.01840,3.05434,1.36129,0.09382,0.00026,0.00005,
8.203,5.09875,0.01861,3.05679,0.01304,0.09489,0.00026,0.00005,
8.204,5.09500,0.01966,3.06902,0.01304,0.10014,0.00026,0.00005,
8.205,5.09875,0.01819,1.89358,1.46563,0.09275,0.00026,0.00005,
8.206,5.09875,0.01945,3.04782,1.22924,0.09915,0.00026,0.00005,
8.207,5.09875,0.01986,2.18214,1.73463,0.10128,0.00026,0.00005,
8.208,5.09625,0.01986,2.18214,1.73463,0.10123,0.00026,0.00005,
8.209,5.09750,0.01903,3.07574,1.86435,0.09700,0.00026,0.00005,
8.210,5.09875,0.01945,0.46140,1.23013,0.09915,0.00026,0.00005,
8.211,5.10125,0.01861,2.18147,1.25133,0.09493,0.00026,0.00005,
8.212,5.09875,0.01861,1.15432,1.25948,0.09489,0.00026,0.00005,
8.213,5.09750,0.02007,3.05373,0.02283,0.10233,0.00026,0.00005,
8.214,5.09625,0.01903,3.07003,0.02038,0.09697,0.00026,0.00005,
8.215,5.09875,0.01966,1.08584,1.25051,0.10022,0.00026,0.00005,
8.216,5.09875,0.01924,0.75080,1.00514,0.09809,0.00026,0.00005,
8.217,5.09750,0.01924,2.34940,2.56787,0.09806,0.00026,0.00005,
8.218,5.09750,0.01819,3.02601,0.82253,0.09273,0.00026,0.00005,
8.219,5.09875,0.01986,3.02601,0.82253,0.10128,0.00026,0.00005,
8.220,5.09625,0.01840,2.22717,0.19484,0.09377,0.00026,0.00005,
8.221,5.09750,0.01945,3.06765,1.65815,0.09913,0.00026,0.00005,
8.222,5.09625,0.01986,1.20489,1.33125,0.10123,0.00026,0.00005,
8.223,5.09625,0.01924,3.05053,0.02120,0.09804,0.00026,0.00005,
8.224,5.09875,0.01924,2.22391,0.00408,0.09809,0.00026,0.00005,
8.225,5.09875,0.01966,1.55543,0.91467,0.10022,0.00026,0.00005,
8.226,5.09625,0.01966,1.30434,0.16060,0.10017,0.00026,0.00005,
8.227,5.09875,0.01966,1.26847,1.14701,0.10022,0.00026,0.00005,
8.228,5.09750,0.01903,1.78532,0.02609,0.09700,0.00026,0.00005,
8.229,5.09875,0.01945,3.07744,0.06522,0.09915,0.00026,0.00005,
8.230,5.09750,0.01777,3.07744,0.06522,0.09060,0.00026,0.00005,
8.231,5.09875,0.01861,1.91794,0.34738,0.09489,0.00026,0.00005,
8.232,5.09750,0.01966,2.07858,0.00489,0.10019,0.00026,0.00005,
8.233,5.09750,0.01840,3.05468,0.01631,0.09380,0.00026,0.00005,
8.234,5.09750,0.01945,1.40828,0.00163,0.09913,0.00026,0.00005,
8.235,5.09875,0.01945,1.35202,2.02395,0.09915,0.00026,0.00005,
8.236,5.09500,0.01945,2.19601,0.41099,0.09908,0.00026,0.00005,
8.237,5.09750,0.01861,2.68120,2.45614,0.09486,0.00026,0.00005,
8.238,5.09625,0.01945,3.07670,0.08807,0.09910,0.00026,0.00005,
8.239,5.09750,0.01861,3.07017,0.01957,0.09486,0.00026,0.00005,
8.240,5.09875,0.01986,3.06446,1.56159,0.10128,0.00026,0.00005,
8.241,5.09750,0.01986,3.06446,1.56159,0.10126,0.00026,0.00005,
8.242,5.09875,0.01924,2.26131,1.40098,0.09809,0.00026,0.00005,
8.243,5.09875,0.02028,3.05150,0.00652,0.10342,0.00026,0.00005,
8.244,5.09750,0.02028,3.05476,1.14900,0.10339,0.00026,0.00005,
8.245,5.09750,0.02091,1.95795,0.03507,0.10659,0.00026,0.00005,
8.246,5.09625,0.02112,0.94921,1.27703,0.10763,0.00026,0.00005,
8.247,5.09500,0.02070,0.97531,1.58528,0.10547,0.00026,0.00005,
8.248,5.09500,0.02091,2.01993,0.30988,0.10654,0.00026,0.00005,
8.249,5.09875,0.02091,3.09064,0.52516,0.10661,0.00026,0.00005,
8.250,5.09750,0.02237,0.56023,0.97938,0.11405,0.00026,0.00005,
8.251,5.09750,0.02175,1.77773,1.61627,0.11085,0.00026,0.00005,
8.252,5.09750,0.02091,1.77773,1.61627,0.10659,0.00026,0.00005,
8.253,5.09625,0.02091,3.05639,0.02365,0.10656,0.00026,0.00005,
8.254,5.09625,0.02237,1.44502,0.00000,0.11402,0.00026,0.00005,
8.255,5.09500,0.02196,0.46890,0.98998,0.11186,0.00026,0.00005,
8.256,5.09875,0.02133,1.77528,1.34716,0.10875,0.00026,0.00005,
8.257,5.09625,0.02154,2.38200,0.00571,0.10976,0.00026,0.00005,
8.258,5.09875,0.02175,2.91776,1.36347,0.11088,0.00026,0.00005,
8.259,5.09750,0.02133,3.09472,0.83667,0.10872,0.00026,0.00005,
8.260,5.09500,0.02091,3.08493,1.47111,0.10654,0.00026,0.00005,
8.261,5.09500,0.02112,0.97286,1.54695,0.10760,0.00026,0.00005,
8.262,5.09750,0.02112,2.29963,2.56874,0.10765,0.00026,0.00005,
8.263,5.09625,0.01966,2.29963,2.56874,0.10017,0.00026,0.00005,
8.264,5.09750,0.02154,1.06500,1.43685,0.10979,0.00026,0.00005,
8.265,5.09625,0.02091,1.88943,1.50943,0.10656,0.00026,0.00005,
8.266,5.09750,0.02070,2.44884,1.71329,0.10552,0.00026,0.00005,
8.267,5.09625,0.02154,2.65190,2.57687,0.10976,0.00026,0.00005,
8.268,5.09875,0.02112,3.07675,1.31616,0.10768,0.00026,0.00005,
8.269,5.09750,0.02049,3.09225,0.45503,0.10446,0.00026,0.00005,
8.270,5.09750,0.02112,3.07023,1.74673,0.10765,0.00026,0.00005,
8.271,5.09750,0.02112,0.65890,2.05334,0.10765,0.00026,0.00005,
8.272,5.09500,0.02070,0.59447,1.26968,0.10547,0.00026,0.00005,
8.273,5.09625,0.02007,3.05474,0.02446,0.10230,0.00026,0.00005,
8.274,5.09875,0.02070,3.05474,0.02446,0.10555,0.00026,0.00005,
8.275,5.09875,0.02007,1.95712,2.15283,0.10235,0.00026,0.00005,
8.276,5.09375,0.01882,1.95712,2.15283,0.09586,0.00026,0.00005,
8.277,5.09625,0.02028,0.82688,0.91658,0.10337,0.00026,0.00005,
8.278,5.09875,0.01945,1.34307,2.07536,0.09915,0.00026,0.00005,
8.279,5.09875,0.02070,2.00523,0.00408,0.10555,0.00026,0.00005,
8.280,5.09500,0.02070,0.46237,1.40179,0.10547,0.00026,0.00005,
8.281,5.09625,0.01945,3.08165,0.10764,0.09910,0.00026,0.00005,
8.282,5.09500,0.02028,3.08735,0.23322,0.10334,0.00026,0.00005,
8.283,5.09875,0.01986,3.05881,0.01468,0.10128,0.00026,0.00005,
8.284,5.09500,0.01986,3.09632,1.05684,0.10121,0.00026,0.00005,
8.285,5.09500,0.01861,2.12429,1.26479,0.09482,0.00026,0.00005,
8.286,5.09500,0.02028,2.12429,1.26479,0.10334,0.00026,0.00005,
8.287,5.09875,0.01986,1.55671,1.75160,0.10128,0.00026,0.00005,
8.288,5.09625,0.01924,3.08080,0.09867,0.09804,0.00026,0.00005,
8.289,5.09625,0.01924,0.40773,1.61868,0.09804,0.00026,0.00005,
8.290,5.09500,0.01986,1.62032,1.29658,0.10121,0.00026,0.00005,
8.291,5.09500,0.02007,3.08569,1.71817,0.10227,0.00026,0.00005,
8.292,5.09625,0.01945,3.08814,1.47598,0.09910,0.00026,0.00005,
8.293,5.09750,0.01986,3.05878,0.01712,0.10126,0.00026,0.00005,
8.294,5.09625,0.02028,1.40911,1.54040,0.10337,0.00026,0.00005,
8.295,5.09750,0.02007,2.12182,0.64258,0.10233,0.00026,0.00005,
8.296,5.09625,0.01966,0.44524,1.40585,0.10017,0.00026,0.00005,
8.297,5.09750,0.01945,0.44524,1.40585,0.09913,0.00026,0.00005,
8.298,5.09750,0.01924,0.71025,1.18891,0.09806,0.00026,0.00005,
8.299,5.10000,0.01924,3.09703,0.67355,0.09811,0.00026,0.00005,
8.300,5.09875,0.02028,3.09295,0.39630,0.10342,0.00026,0.00005,
8.301,5.09875,0.02007,0.58222,0.91084,0.10235,0.00026,0.00005,
8.302,5.09625,0.01945,2.57923,2.85484,0.09910,0.00026,0.00005,
8.303,5.09500,0.01986,3.05707,0.01468,0.10121,0.00026,0.00005,
8.304,5.09625,0.02028,3.06930,1.57053,0.10337,0.00026,0.00005,
8.305,5.10125,0.02028,1.37320,1.48246,0.10347,0.00026,0.00005,
8.306,5.09750,0.02112,1.55667,0.02202,0.10765,0.00026,0.00005,
8.307,5.09750,0.02112,3.09214,0.31965,0.10765,0.00026,0.00005,
8.308,5.09500,0.02112,3.09214,0.31965,0.10760,0.00026,0.00005,
8.309,5.09750,0.02049,0.62949,1.46936,0.10446,0.00026,0.00005,
8.310,5.09750,0.02112,0.54632,1.73436,0.10765,0.00026,0.00005,
8.311,5.09625,0.02112,1.39923,1.50850,0.10763,0.00026,0.00005,
8.312,5.09875,0.02049,3.04879,1.51910,0.10448,0.00026,0.00005,
8.313,5.09875,0.02091,3.05695,0.01060,0.10661,0.00026,0.00005,
8.314,5.09750,0.02028,1.75393,0.92222,0.10339,0.00026,0.00005,
8.315,5.09625,0.02028,1.20435,1.59493,0.10337,0.00026,0.00005,
8.316,5.09625,0.01945,1.70256,0.14922,0.09910,0.00026,0.00005,
8.317,5.09750,0.01945,2.16734,0.20467,0.09913,0.00026,0.00005,
8.318,5.09750,0.02112,2.22197,1.32421,0.10765,0.00026,0.00005,
8.319,5.09625,0.01986,2.22197,1.32421,0.10123,0.00026,0.00005,
8.320,5.09500,0.02007,0.40443,1.17741,0.10227,0.00026,0.00005,
8.321,5.09875,0.02028,2.30590,2.50485,0.10342,0.00026,0.00005,
8.322,5.09500,0.02070,1.39104,1.13827,0.10547,0.00026,0.00005,
8.323,5.09750,0.01966,3.05605,0.01712,0.10019,0.00026,0.00005,
8.324,5.09625,0.02070,0.52592,1.68621,0.10550,0.00026,0.00005,
8.325,5.09625,0.02070,1.60141,1.68947,0.10550,0.00026,0.00005,
8.326,5.09500,0.02070,0.79337,0.93850,0.10547,0.00026,0.00005,
8.327,5.09625,0.01966,1.10158,1.64463,0.10017,0.00026,0.00005,
8.328,5.09500,0.02154,1.52803,0.02528,0.10973,0.00026,0.00005,
8.329,5.09500,0.02070,1.84276,2.20969,0.10547,0.00026,0.00005,
8.330,5.09625,0.01986,1.84276,2.20969,0.10123,0.00026,0.00005,
8.331,5.09750,0.02112,0.36690,1.80110,0.10765,0.00026,0.00005,
8.332,5.09625,0.02091,3.07629,1.88589,0.10656,0.00026,0.00005,
8.333,5.09500,0.02028,3.05265,0.01468,0.10334,0.00026,0.00005,
8.334,5.09500,0.02070,1.42114,1.11702,0.10547,0.00026,0.00005,
8.335,5.09750,0.02070,1.79376,2.63275,0.10552,0.00026,0.00005,
8.336,5.09750,0.02112,2.19165,1.91361,0.10765,0.00026,0.00005,
8.337,5.09750,0.02070,2.12642,0.27722,0.10552,0.00026,0.00005,
8.338,5.09625,0.02070,1.30455,1.12925,0.10550,0.00026,0.00005,
8.339,5.09750,0.02049,2.21121,1.75462,0.10446,0.00026,0.00005,
8.340,5.09500,0.01986,2.48517,2.70287,0.10121,0.00026,0.00005,
8.341,5.09625,0.01903,2.48517,2.70287,0.09697,0.00026,0.00005,
8.342,5.09875,0.02091,0.98412,1.27275,0.10661,0.00026,0.00005,
8.343,5.09875,0.01924,3.05265,0.01631,0.09809,0.00026,0.00005,
8.344,5.09750,0.01924,1.78968,1.41788,0.09806,0.00026,0.00005,
8.345,5.09875,0.02007,2.00330,1.29477,0.10235,0.00026,0.00005,
8.346,5.09875,0.02049,2.03184,0.48187,0.10448,0.00026,0.00005,
8.347,5.09875,0.01882,0.68897,1.24095,0.09595,0.00026,0.00005,
8.348,5.09625,0.01945,0.62455,1.97884,0.09910,0.00026,0.00005,
8.349,5.09875,0.02112,0.97108,1.58911,0.10768,0.00026,0.00005,
8.350,5.09625,0.01966,2.07424,2.78929,0.10017,0.00026,0.00005,
8.351,5.09625,0.01945,3.07466,0.04566,0.09910,0.00026,0.00005,
8.352,5.09625,0.01966,3.07466,0.04566,0.10017,0.00026,0.00005,
8.353,5.09625,0.01966,3.05591,0.01794,0.10017,0.00026,0.00005,
8.354,5.09875,0.01986,3.01677,0.84796,0.10128,0.00026,0.00005,
8.355,5.09750,0.02007,1.36570,2.00085,0.10233,0.00026,0.00005,
8.356,5.09750,0.01986,0.91237,2.25687,0.10126,0.00026,0.00005,
8.357,5.09500,0.02028,2.67433,0.72158,0.10334,0.00026,0.00005,
8.358,5.10000,0.01986,1.92666,0.14105,0.10131,0.00026,0.00005,
8.359,5.09500,0.01966,1.22872,0.05952,0.10014,0.00026,0.00005,
8.360,5.09625,0.02028,1.82392,0.89932,0.10337,0.00026,0.00005,
8.361,5.09625,0.01945,1.99678,1.82148,0.09910,0.00026,0.00005,
8.362,5.09500,0.01945,1.77093,0.14595,0.09908,0.00026,0.00005,
8.363,5.09750,0.01986,1.77093,0.14595,0.10126,0.00026,0.00005,
8.364,5.09750,0.02133,1.84186,0.02935,0.10872,0.00026,0.00005,
8.365,5.09625,0.01903,1.50920,0.15655,0.09697,0.00026,0.00005,
8.366,5.09750,0.01903,1.66004,1.32575,0.09700,0.00026,0.00005,
8.367,5.09625,0.02028,1.71466,0.02038,0.10337,0.00026,0.00005,
8.368,5.09750,0.01945,0.77702,0.96781,0.09913,0.00026,0.00005,
8.369,5.09625,0.01966,2.12315,1.17328,0.10017,0.00026,0.00005,
8.370,5.09625,0.02133,0.39463,1.17817,0.10869,0.00026,0.00005,
8.371,5.09625,0.02133,3.08688,0.15491,0.10869,0.00026,0.00005,
8.372,5.09875,0.01986,1.71792,0.03588,0.10128,0.00026,0.00005,
8.373,5.09500,0.02070,2.73303,2.24382,0.10547,0.00026,0.00005,
8.374,5.09625,0.02112,2.73303,2.24382,0.10763,0.00026,0.00005,
8.375,5.09750,0.02154,0.54791,1.23279,0.10979,0.00026,0.00005,
8.376,5.09750,0.02007,3.09013,0.27232,0.10233,0.00026,0.00005,
8.377,5.09625,0.02070,2.02856,2.05791,0.10550,0.00026,0.00005,
8.378,5.10125,0.02049,1.31596,0.02120,0.10453,0.00026,0.00005,
8.379,5.10125,0.02091,1.10723,1.35917,0.10667,0.00026,0.00005,
8.380,5.09875,0.02091,1.28987,1.40972,0.10661,0.00026,0.00005,
8.381,5.09500,0.02070,2.54630,1.94866,0.10547,0.00026,0.00005,
8.382,5.09625,0.02112,1.24502,1.64372,0.10763,0.00026,0.00005,
8.383,5.09875,0.02028,3.05100,0.01631,0.10342,0.00026,0.00005,
8.384,5.09875,0.01986,0.90829,0.57074,0.10128,0.00026,0.00005,
8.385,5.09750,0.02070,0.90829,0.57074,0.10552,0.00026,0.00005,
8.386,5.09750,0.01945,1.37302,1.13739,0.09913,0.00026,0.00005,
8.387,5.09625,0.02007,1.59968,0.03017,0.10230,0.00026,0.00005,
8.388,5.09625,0.02070,2.24950,1.37220,0.10550,0.00026,0.00005,
8.389,5.09750,0.02070,2.48839,2.70364,0.10552,0.00026,0.00005,
8.390,5.09625,0.01966,2.50470,1.94457,0.10017,0.00026,0.00005,
8.391,5.09625,0.02112,3.09337,0.45088,0.10763,0.00026,0.00005,
8.392,5.09500,0.01986,2.52264,1.84265,0.10121,0.00026,0.00005,
8.393,5.09625,0.01966,3.05342,0.02120,0.10017,0.00026,0.00005,
8.394,5.09625,0.02007,1.29230,0.04566,0.10230,0.00026,0.00005,
8.395,5.09750,0.02112,2.06605,0.46148,0.10765,0.00027,0.00005,
8.396,5.09750,0.01945,2.06605,0.46148,0.09913,0.00027,0.00005,
8.397,5.09750,0.02028,1.70235,1.59799,0.10339,0.00027,0.00005,
8.398,5.09750,0.02028,2.31790,1.47651,0.10339,0.00027,0.00005,
8.399,5.09750,0.02112,1.13082,1.24089,0.10765,0.00027,0.00005,
8.400,5.09500,0.01945,0.70931,1.51157,0.09908,0.00027,0.00005,
8.401,5.09750,0.01924,0.36118,1.83361,0.09806,0.00027,0.00005,
8.402,5.09625,0.02007,1.80263,0.08398,0.10230,0.00027,0.00005,
8.403,5.09625,0.02007,3.05493,0.01794,0.10230,0.00027,0.00005,
8.404,5.09500,0.01924,0.66692,1.51401,0.09801,0.00027,0.00005,
8.405,5.09875,0.02028,1.42270,1.94776,0.10342,0.00027,0.00005,
8.406,5.09875,0.02154,0.43945,1.40069,0.10981,0.00027,0.00005,
8.407,5.09875,0.02154,0.43945,1.40069,0.10981,0.00027,0.00005,
8.408,5.09625,0.02070,0.97997,1.27022,0.10550,0.00027,0.00005,
8.409,5.09375,0.02070,3.08586,1.43572,0.10545,0.00027,0.00005,
8.410,5.09500,0.02070,1.33462,2.44830,0.10547,0.00027,0.00005,
8.411,5.09625,0.02154,3.08830,0.45738,0.10976,0.00027,0.00005,
8.412,5.09625,0.02049,2.09039,2.00968,0.10443,0.00027,0.00005,
8.413,5.10000,0.02154,3.05243,0.01794,0.10984,0.00027,0.00005,
8.414,5.09750,0.02007,2.67088,0.83974,0.10233,0.00027,0.00005,
8.415,5.09750,0.01986,2.60565,0.80469,0.10126,0.00027,0.00005,
8.416,5.09500,0.01986,3.09320,1.10553,0.10121,0.00027,0.00005,
8.417,5.09500,0.02028,2.98558,1.81238,0.10334,0.00027,0.00005,
8.418,5.09625,0.02070,2.98558,1.81238,0.10550,0.00027,0.00005,
8.419,5.09750,0.02028,1.72562,1.62128,0.10339,0.00027,0.00005,
8.420,5.09875,0.02070,2.40951,2.61737,0.10555,0.00027,0.00005,
8.421,5.09750,0.02070,3.09095,0.49152,0.10552,0.00027,0.00005,
8.422,5.09750,0.02028,1.87153,2.99314,0.10339,0.00027,0.00005,
8.423,5.09875,0.01986,3.04938,0.02282,0.10128,0.00027,0.00005,
8.424,5.09875,0.02049,0.78660,0.93984,0.10448,0.00027,0.00005,
8.425,5.09750,0.02049,1.61721,1.48353,0.10446,0.00027,0.00005,
8.426,5.09625,0.01966,1.68975,1.34903,0.10017,0.00027,0.00005,
8.427,5.09625,0.01903,1.54140,0.06847,0.09697,0.00027,0.00005,
8.428,5.09625,0.01945,1.39142,1.80550,0.09910,0.00027,0.00005,
8.429,5.09375,0.02007,1.39142,1.80550,0.10225,0.00027,0.00005,
8.430,5.09625,0.01882,3.08200,1.38979,0.09591,0.00027,0.00005,
8.431,5.09750,0.02070,3.06896,0.01467,0.10552,0.00027,0.00005,
8.432,5.09500,0.02070,1.10531,1.38246,0.10547,0.00027,0.00005,
8.433,5.09625,0.01986,3.05184,0.01549,0.10123,0.00027,0.00005,
8.434,5.09625,0.01986,1.19009,0.02853,0.10123,0.00027,0.00005,
8.435,5.09875,0.02112,1.47375,1.82263,0.10768,0.00027,0.00005,
8.436,5.09625,0.02049,1.80306,1.55364,0.10443,0.00027,0.00005,
8.437,5.09875,0.01945,1.62537,1.71503,0.09915,0.00027,0.00005,
8.438,5.09500,0.02133,1.62537,1.71503,0.10867,0.00027,0.00005,
8.439,5.09625,0.02091,3.10727,1.17379,0.10656,0.00027,0.00005,
8.440,5.09375,0.02049,2.78285,1.54956,0.10438,0.00027,0.00005,
8.441,5.09750,0.02070,2.78285,1.54956,0.10552,0.00027,0.00005,
8.442,5.09500,0.02154,1.71422,2.78040,0.10973,0.00027,0.00005,
8.443,5.09500,0.02154,3.05184,0.02119,0.10973,0.00027,0.00005,
8.444,5.09625,0.01924,1.83322,2.19514,0.09804,0.00027,0.00005,
8.445,5.09750,0.02091,1.57972,1.82426,0.10659,0.00027,0.00005,
8.446,5.09750,0.02070,2.39077,1.61803,0.10552,0.00027,0.00005,
8.447,5.09875,0.02028,0.98386,1.56097,0.10342,0.00027,0.00005,
8.448,5.09875,0.02133,2.22693,1.02380,0.10875,0.00027,0.00005,
8.449,5.09500,0.02154,1.04092,1.45745,0.10973,0.00027,0.00005,
8.450,5.09625,0.01986,0.89909,1.72318,0.10123,0.00027,0.00005,
8.451,5.09750,0.02133,1.66123,0.98712,0.10872,0.00027,0.00005,
8.452,5.09750,0.02049,1.66123,0.98712,0.10446,0.00027,0.00005,
8.453,5.09250,0.02049,3.05427,0.01630,0.10435,0.00027,0.00005,
8.454,5.09625,0.01945,1.76556,1.40609,0.09910,0.00027,0.00005,
8.455,5.09500,0.02049,1.85767,0.53228,0.10441,0.00027,0.00005,
8.456,5.09625,0.02028,2.35408,1.84707,0.10337,0.00027,0.00005,
8.457,5.09500,0.01903,2.03455,2.78528,0.09695,0.00027,0.00005,
8.458,5.09625,0.02028,1.71095,0.58526,0.10337,0.00027,0.00005,
8.459,5.09500,0.01986,1.44277,1.14688,0.10121,0.00027,0.00005,
8.460,5.09875,0.01945,2.32474,2.59210,0.09915,0.00027,0.00005,
8.461,5.09875,0.01966,1.41913,0.02364,0.10022,0.00027,0.00005,
8.462,5.09750,0.01966,1.49575,1.19171,0.10019,0.00027,0.00005,
8.463,5.09625,0.02049,1.49575,1.19171,0.10443,0.00027,0.00005,
8.464,5.09625,0.01966,2.12335,1.98560,0.10017,0.00027,0.00005,
8.465,5.09625,0.01945,2.64665,0.58606,0.09910,0.00027,0.00005,
8.466,5.09750,0.02007,1.89104,1.50794,0.10233,0.00027,0.00005,
8.467,5.09750,0.01986,1.39465,1.13055,0.10126,0.00027,0.00005,
8.468,5.09500,0.01966,0.55835,1.00339,0.10014,0.00027,0.00005,
8.469,5.09750,0.02049,2.49993,1.79405,0.10446,0.00027,0.00005,
8.470,5.09750,0.02112,1.71172,0.56242,0.10765,0.00027,0.00005,
8.471,5.09625,0.02112,1.71743,0.13368,0.10763,0.00027,0.00005,
8.472,5.09625,0.02049,1.91550,2.26110,0.10443,0.00027,0.00005,
8.473,5.09750,0.02007,3.05501,0.02201,0.10233,0.00027,0.00005,
8.474,5.09750,0.02091,3.05501,0.02201,0.10659,0.00027,0.00005,
8.475,5.09875,0.01924,1.99045,0.00000,0.09809,0.00027,0.00005,
8.476,5.09500,0.02049,0.38880,1.19166,0.10441,0.00027,0.00005,
8.477,5.09625,0.02049,2.74441,0.55100,0.10443,0.00027,0.00005,
8.478,5.09750,0.02070,1.24790,1.22834,0.10552,0.00027,0.00005,
8.479,5.09750,0.02028,2.33442,1.04983,0.10339,0.00027,0.00005,
8.480,5.09750,0.02028,1.30088,0.05543,0.10339,0.00027,0.00005,
8.481,5.09250,0.02091,1.32615,0.06032,0.10648,0.00027,0.00005,
8.482,5.09875,0.02154,1.22019,1.71984,0.10981,0.00027,0.00005,
8.483,5.09750,0.02007,3.05495,0.02527,0.10233,0.00027,0.00005,
8.484,5.09750,0.02112,2.88705,2.58872,0.10765,0.00027,0.00005,
8.485,5.09625,0.02112,2.88705,2.58872,0.10763,0.00027,0.00005,
8.486,5.09500,0.02007,2.72485,0.56486,0.10227,0.00027,0.00005,
8.487,5.09875,0.02175,1.12238,1.34979,0.11088,0.00027,0.00005,
8.488,5.09875,0.02133,0.74581,2.01083,0.10875,0.00027,0.00005,
8.489,5.09750,0.02133,2.05240,0.20296,0.10872,0.00027,0.00005,
8.490,5.09750,0.02007,1.48754,0.15161,0.10233,0.00027,0.00005,
8.491,5.09750,0.02112,1.31963,0.13857,0.10765,0.00027,0.00005,
8.492,5.09625,0.02175,0.63088,1.44271,0.11082,0.00027,0.00005,
8.493,5.09750,0.01966,3.05496,0.02119,0.10019,0.00027,0.00005,
8.494,5.09875,0.02175,1.04739,1.21775,0.11088,0.00027,0.00005,
8.495,5.09750,0.02070,1.74429,1.24220,0.10552,0.00027,0.00005,
8.496,5.09500,0.02007,1.74429,1.24220,0.10227,0.00027,0.00005,
8.497,5.09500,0.02154,1.21858,1.62042,0.10973,0.00027,0.00005,
8.498,5.09750,0.02154,1.72475,2.10622,0.10979,0.00027,0.00005,
8.499,5.09750,0.02049,1.52424,0.13938,0.10446,0.00027,0.00005,
8.500,5.09500,0.02049,1.90408,0.90721,0.10441,0.00027,0.00005,
8.501,5.09500,0.02091,3.09331,0.97568,0.10654,0.00027,0.00005,
8.502,5.09875,0.02070,1.52750,0.04646,0.10555,0.00027,0.00005,
8.503,5.09375,0.02028,3.05500,0.02201,0.10331,0.00027,0.00005,
8.504,5.09500,0.01966,2.90339,2.61647,0.10014,0.00027,0.00005,
8.505,5.09625,0.02070,1.90163,2.25701,0.10550,0.00027,0.00005,
8.506,5.09625,0.02112,1.96276,0.03016,0.10763,0.00027,0.00005,
8.507,5.09625,0.02112,1.96276,0.03016,0.10763,0.00027,0.00005,
8.508,5.09500,0.02007,1.30499,0.15243,0.10227,0.00027,0.00005,
8.509,5.09750,0.02007,0.94064,1.22185,0.10233,0.00027,0.00005,
8.510,5.09625,0.01986,2.04674,1.04334,0.10123,0.00027,0.00005,
8.511,5.09750,0.01966,1.70358,0.14264,0.10019,0.00027,0.00005,
8.512,5.09500,0.01986,2.09973,1.11752,0.10121,0.00027,0.00005,
8.513,5.09375,0.01986,3.05504,0.02364,0.10118,0.00027,0.00005,
8.514,5.09625,0.01966,2.05245,1.23734,0.10017,0.00027,0.00005,
8.515,5.09625,0.01966,1.10937,0.29915,0.10017,0.00027,0.00005,
8.516,5.09500,0.01966,2.13559,1.95953,0.10014,0.00027,0.00005,
8.517,5.09625,0.01986,2.16004,0.10026,0.10123,0.00027,0.00005,
8.518,5.09500,0.02007,2.16004,0.10026,0.10227,0.00027,0.00005,
8.519,5.09500,0.01966,1.64167,1.48517,0.10014,0.00027,0.00005,
8.520,5.09625,0.01903,1.68406,0.14591,0.09697,0.00027,0.00005,
8.521,5.09625,0.02028,1.67510,0.52821,0.10337,0.00027,0.00005,
8.522,5.09750,0.01945,1.89355,0.09456,0.09913,0.00027,0.00005,
8.523,5.09750,0.02070,3.05430,0.01549,0.10552,0.00027,0.00005,
8.524,5.09750,0.02070,2.86926,1.92126,0.10552,0.00027,0.00005,
8.525,5.09875,0.02070,1.71341,2.54729,0.10555,0.00027,0.00005,
8.526,5.09750,0.02028,1.75172,0.03668,0.10339,0.00027,0.00005,
8.527,5.09500,0.01924,1.13303,0.07336,0.09801,0.00027,0.00005,
8.528,5.10125,0.02070,1.97262,2.31905,0.10560,0.00027,0.00005,
8.529,5.09750,0.01986,1.97262,2.31905,0.10126,0.00027,0.00005,
8.530,5.09625,0.01924,2.10880,1.23088,0.09804,0.00027,0.00005,
8.531,5.10000,0.02028,2.09249,0.03016,0.10344,0.00027,0.00005,
8.532,5.10000,0.01903,1.45097,0.04402,0.09704,0.00027,0.00005,
8.533,5.10000,0.01986,3.05356,0.01875,0.10131,0.00027,0.00005,
8.534,5.09750,0.01986,2.19194,1.16567,0.10126,0.00027,0.00005,
8.535,5.09750,0.02049,2.33867,2.58974,0.10446,0.00027,0.00005,
8.536,5.09750,0.02070,1.44934,1.60911,0.10552,0.00027,0.00005,
8.537,5.09625,0.02007,2.03299,2.04114,0.10230,0.00027,0.00005,
8.538,5.09500,0.02091,2.57099,0.79233,0.10654,0.00027,0.00005,
8.539,5.09500,0.02175,1.63927,0.44426,0.11080,0.00027,0.00005,
8.540,5.09500,0.02028,1.63927,0.44426,0.10334,0.00027,0.00005,
8.541,5.09750,0.02112,1.61991,0.00571,0.10765,0.00027,0.00005,
8.542,5.09750,0.02070,2.15390,2.46044,0.10552,0.00027,0.00005,
8.543,5.09875,0.02070,3.05394,0.01304,0.10555,0.00027,0.00005,
8.544,5.09625,0.02028,2.44250,0.80710,0.10337,0.00027,0.00005,
8.545,5.09625,0.02133,2.38706,1.60768,0.10869,0.00027,0.00005,
8.546,5.09750,0.02049,1.10141,0.33262,0.10446,0.00027,0.00005,
8.547,5.09625,0.02007,1.41202,0.04728,0.10230,0.00027,0.00005,
8.548,5.09875,0.02028,1.79845,1.44952,0.10342,0.00027,0.00005,
8.549,5.10000,0.02112,2.88274,1.98025,0.10771,0.00027,0.00005,
8.550,5.09875,0.02049,2.05118,0.69949,0.10448,0.00027,0.00005,
8.551,5.09875,0.02091,2.05118,0.69949,0.10661,0.00027,0.00005,
8.552,5.09500,0.02091,2.08379,1.29218,0.10654,0.00027,0.00005,
8.553,5.09625,0.02112,3.05475,0.02364,0.10763,0.00027,0.00005,
8.554,5.09750,0.02049,2.77431,2.39195,0.10446,0.00027,0.00005,
8.555,5.09750,0.02091,3.08492,0.13859,0.10659,0.00027,0.00005,
8.556,5.09625,0.02049,2.28923,0.26577,0.10443,0.00027,0.00005,
8.557,5.09750,0.01903,1.89057,0.57394,0.09700,0.00027,0.00005,
8.558,5.09625,0.02091,2.23705,1.37126,0.10656,0.00027,0.00005,
8.559,5.09500,0.02091,2.09031,2.01368,0.10654,0.00027,0.00005,
8.560,5.09500,0.02007,2.26640,0.25680,0.10227,0.00027,0.00005,
8.561,5.10000,0.02007,2.21341,1.86693,0.10238,0.00027,0.00005,
8.562,5.09500,0.01966,2.21341,1.86693,0.10014,0.00027,0.00005,
8.563,5.09500,0.02091,3.05639,0.02038,0.10654,0.00027,0.00005,
8.564,5.09625,0.01966,1.89384,0.18180,0.10017,0.00027,0.00005,
8.565,5.09750,0.02091,0.60166,1.36881,0.10659,0.00027,0.00005,
8.566,5.09750,0.02070,2.18651,2.92839,0.10552,0.00027,0.00005,
8.567,5.09500,0.01986,2.31288,0.25110,0.10121,0.00027,0.00005,
8.568,5.09875,0.02070,2.30554,1.05412,0.10555,0.00027,0.00005,
8.569,5.09875,0.01945,3.05150,1.52045,0.09915,0.00027,0.00005,
8.570,5.09500,0.01945,2.71398,0.67585,0.09908,0.00027,0.00005,
8.571,5.09750,0.02133,1.40305,0.14104,0.10872,0.00027,0.00005,
8.572,5.09750,0.02028,0.63590,2.01286,0.10339,0.00027,0.00005,
8.573,5.09875,0.01966,0.63590,2.01286,0.10022,0.00027,0.00005,
8.574,5.09750,0.02049,2.84198,2.26152,0.10446,0.00027,0.00005,
8.575,5.09750,0.02070,2.02020,2.70094,0.10552,0.00027,0.00005,
8.576,5.09625,0.02007,3.12976,0.82015,0.10230,0.00027,0.00005,
8.577,5.09750,0.02007,2.89089,2.00145,0.10233,0.00027,0.00005,
8.578,5.09375,0.02007,2.05363,0.27148,0.10225,0.00027,0.00005,
8.579,5.09375,0.02007,2.75148,0.64731,0.10225,0.00027,0.00005,
8.580,5.09625,0.01924,2.01857,0.18017,0.09804,0.00027,0.00005,
8.581,5.09500,0.02133,3.13791,0.95874,0.10867,0.00027,0.00005,
8.582,5.09875,0.02007,1.48621,1.19027,0.10235,0.00027,0.00005,
8.583,5.09875,0.01966,3.05394,0.01957,0.10022,0.00027,0.00005,
8.584,5.09750,0.02028,3.05394,0.01957,0.10339,0.00027,0.00005,
8.585,5.09875,0.02154,1.39327,0.00978,0.10981,0.00027,0.00005,
8.586,5.09500,0.01966,2.00879,0.08316,0.10014,0.00027,0.00005,
8.587,5.09625,0.02112,1.90607,0.64568,0.10763,0.00027,0.00005,
8.588,5.09625,0.02091,2.44006,2.67159,0.10656,0.00027,0.00005,
8.589,5.09750,0.02091,2.64795,0.74922,0.10659,0.00027,0.00005,
8.590,5.09875,0.02049,2.99769,1.77807,0.10448,0.00027,0.00005,
8.591,5.09625,0.02091,2.44414,1.62073,0.10656,0.00027,0.00005,
8.592,5.09750,0.02091,1.39327,0.82830,0.10659,0.00027,0.00005,
8.593,5.09750,0.02007,3.05395,0.02364,0.10233,0.00027,0.00005,
8.594,5.09750,0.02112,1.18864,1.69247,0.10765,0.00027,0.00005,
8.595,5.09500,0.02112,1.18864,1.69247,0.10760,0.00027,0.00005,
8.596,5.10000,0.02007,2.28435,1.06472,0.10238,0.00027,0.00005,
8.597,5.10000,0.02091,1.31419,0.01957,0.10664,0.00027,0.00005,
8.598,5.09500,0.02091,1.57100,0.00245,0.10654,0.00027,0.00005,
8.599,5.09500,0.02133,2.60882,1.19679,0.10867,0.00027,0.00005,
8.600,5.09500,0.02112,2.60882,1.19679,0.10760,0.00027,0.00005,
8.601,5.09625,0.02028,1.57915,0.63671,0.10337,0.00027,0.00005,
8.602,5.09250,0.02028,2.12700,1.86449,0.10329,0.00027,0.00005,
8.603,5.09625,0.02070,3.05639,0.02038,0.10550,0.00027,0.00005,
8.604,5.09625,0.01986,0.76716,1.00439,0.10123,0.00027,0.00005,
8.605,5.09625,0.02112,1.70878,2.80366,0.10763,0.00027,0.00005,
8.606,5.09625,0.01966,1.59953,0.03995,0.10017,0.00027,0.00005,
8.607,5.09500,0.01966,1.59953,0.03995,0.10014,0.00027,0.00005,
8.608,5.09750,0.01882,1.45197,1.95905,0.09593,0.00027,0.00005,
8.609,5.09625,0.02049,1.53186,0.15490,0.10443,0.00027,0.00005,
8.610,5.09625,0.02049,0.85439,1.08999,0.10443,0.00027,0.00005,
8.611,5.09750,0.02049,1.08592,0.13452,0.10446,0.00027,0.00005,
8.612,5.09625,0.01945,3.13139,1.11853,0.09910,0.00027,0.00005,
8.613,5.09875,0.02028,3.05638,0.02120,0.10342,0.00027,0.00005,
8.614,5.09875,0.01986,2.76615,0.62448,0.10128,0.00027,0.00005,
8.615,5.09875,0.02028,2.65365,0.62530,0.10342,0.00027,0.00005,
8.616,5.09625,0.02028,1.88731,0.07826,0.10337,0.00027,0.00005,
8.617,5.09625,0.02070,1.92726,0.34648,0.10550,0.00027,0.00005,
8.618,5.09750,0.01924,1.92726,0.34648,0.09806,0.00027,0.00005,
8.619,5.09875,0.01945,2.62013,0.65136,0.09915,0.00027,0.00005,
8.620,5.09875,0.02007,1.47800,1.92311,0.10235,0.00027,0.00005,
8.621,5.09500,0.02070,0.88126,0.65299,0.10547,0.00027,0.00005,
8.622,5.09625,0.01986,1.53180,1.22609,0.10123,0.00027,0.00005,
8.623,5.09625,0.02091,3.05627,0.01793,0.10656,0.00027,0.00005,
8.624,5.09625,0.02070,1.53425,1.03859,0.10550,0.00027,0.00005,
8.625,5.09875,0.02070,2.82475,2.47094,0.10555,0.00027,0.00005,
8.626,5.09750,0.01986,2.20273,1.35571,0.10126,0.00027,0.00005,
8.627,5.09750,0.02133,0.40109,1.26767,0.10872,0.00027,0.00005,
8.628,5.09625,0.01986,2.08534,0.11413,0.10123,0.00027,0.00005,
8.629,5.09500,0.02007,2.08534,0.11413,0.10227,0.00027,0.00005,
8.630,5.09625,0.02112,2.09252,1.08417,0.10763,0.00027,0.00005,
8.631,5.09875,0.01882,1.58386,0.02772,0.09595,0.00027,0.00005,
8.632,5.09750,0.01966,1.82108,1.45018,0.10019,0.00027,0.00005,
8.633,5.09750,0.02007,3.05279,0.01712,0.10233,0.00027,0.00005,
8.634,5.09625,0.02007,2.47728,1.93275,0.10230,0.00027,0.00005,
8.635,5.09375,0.02070,2.05747,1.97188,0.10545,0.00027,0.00005,
8.636,5.09750,0.02070,1.66782,1.31078,0.10552,0.00027,0.00005,
8.637,5.09750,0.01986,2.95904,0.90646,0.10126,0.00027,0.00005,
8.638,5.09750,0.02133,2.97453,1.81618,0.10872,0.00027,0.00005,
8.639,5.09500,0.02196,2.50418,0.88364,0.11186,0.00027,0.00005,
8.640,5.09875,0.01966,2.50418,0.88364,0.10022,0.00027,0.00005,
8.641,5.09875,0.02049,2.04841,0.66270,0.10448,0.00027,0.00005,
8.642,5.09875,0.02091,2.26849,0.20378,0.10661,0.00027,0.00005,
8.643,5.09750,0.02091,3.05672,0.01793,0.10659,0.00027,0.00005,
8.644,5.09625,0.02007,2.78610,1.58623,0.10230,0.00027,0.00005,
8.645,5.09625,0.02112,1.58868,0.00000,0.10763,0.00027,0.00005,
8.646,5.10000,0.02070,3.05835,1.40772,0.10557,0.00027,0.00005,
8.647,5.09625,0.02007,2.42989,0.75725,0.10230,0.00027,0.00005,
8.648,5.09500,0.01945,1.60417,1.70850,0.09908,0.00027,0.00005,
8.649,5.09750,0.02007,2.33941,0.21927,0.10233,0.00027,0.00005,
8.650,5.09500,0.01966,1.13465,1.28545,0.10014,0.00027,0.00005,
8.651,5.09500,0.01986,1.13465,1.28545,0.10121,0.00027,0.00005,
8.652,5.09875,0.01986,2.05494,0.95044,0.10128,0.00027,0.00005,
8.653,5.09625,0.02049,3.05592,0.02608,0.10443,0.00027,0.00005,
8.654,5.09750,0.01945,2.33209,1.51044,0.09913,0.00027,0.00005,
8.655,5.09500,0.02007,2.41604,1.60988,0.10227,0.00027,0.00005,
8.656,5.09625,0.01945,2.55054,0.84610,0.09910,0.00027,0.00005,
8.657,5.09875,0.01986,2.12341,0.20215,0.10128,0.00027,0.00005,
8.658,5.09625,0.01924,1.14933,1.52511,0.09804,0.00027,0.00005,
8.659,5.09875,0.01924,2.61820,1.17705,0.09809,0.00027,0.00005,
8.660,5.09875,0.02112,2.97278,1.86257,0.10768,0.00027,0.00005,
8.661,5.09625,0.02112,3.03228,1.64738,0.10763,0.00027,0.00005,
8.662,5.09875,0.02028,3.03228,1.64738,0.10342,0.00027,0.00005,
8.663,5.09625,0.02007,3.05675,0.02119,0.10230,0.00027,0.00005,
8.664,5.09750,0.02070,2.01256,0.03668,0.10552,0.00027,0.00005,
8.665,5.09500,0.02112,1.57158,1.54549,0.10760,0.00027,0.00005,
8.666,5.09750,0.02028,0.84692,1.06538,0.10339,0.00027,0.00005,
8.667,5.09750,0.02007,2.94996,1.96039,0.10233,0.00027,0.00005,
8.668,5.09750,0.02028,1.46968,1.93675,0.10339,0.00027,0.00005,
8.669,5.09750,0.01966,2.58723,1.26427,0.10019,0.00027,0.00005,
8.670,5.09625,0.01966,2.00849,0.02934,0.10017,0.00027,0.00005,
8.671,5.09750,0.01986,1.06701,1.40692,0.10126,0.00027,0.00005,
8.672,5.09750,0.02049,1.92045,1.42322,0.10446,0.00027,0.00005,
8.673,5.09875,0.01986,1.92045,1.42322,0.10128,0.00027,0.00005,
8.674,5.09375,0.01945,2.28568,1.61644,0.09905,0.00027,0.00005,
8.675,5.09750,0.02028,1.98978,1.35152,0.10339,0.00027,0.00005,
8.676,5.09750,0.01966,2.40062,0.87140,0.10019,0.00027,0.00005,
8.677,5.09625,0.02007,3.13670,1.00100,0.10230,0.00027,0.00005,
8.678,5.09625,0.01966,1.95147,1.20398,0.10017,0.00027,0.00005,
8.679,5.09625,0.01966,2.01750,1.14855,0.10017,0.00027,0.00005,
8.680,5.09625,0.02028,2.97367,1.81045,0.10337,0.00027,0.00005,
8.681,5.09625,0.01966,2.43404,0.97166,0.10017,0.00027,0.00005,
8.682,5.09750,0.01966,1.01242,1.32706,0.10019,0.00027,0.00005,
8.683,5.09875,0.02049,3.05192,0.01630,0.10448,0.00027,0.00005,
8.684,5.09875,0.02028,3.05192,0.01630,0.10342,0.00027,0.00005,
8.685,5.09625,0.01924,1.85858,0.00326,0.09804,0.00027,0.00005,
8.686,5.09750,0.02049,2.87917,1.96537,0.10446,0.00027,0.00005,
8.687,5.09750,0.01945,2.37703,1.57979,0.09913,0.00027,0.00005,
8.688,5.09750,0.01945,1.10374,1.46404,0.09913,0.00027,0.00005,
8.689,5.09750,0.01903,2.14552,1.24232,0.09700,0.00027,0.00005,
8.690,5.09500,0.02070,0.97249,1.38089,0.10547,0.00027,0.00005,
8.691,5.09625,0.02007,1.65397,0.43611,0.10230,0.00027,0.00005,
8.692,5.10000,0.02070,1.97760,1.39638,0.10557,0.00027,0.00005,
8.693,5.09625,0.02049,3.05117,0.01467,0.10443,0.00027,0.00005,
8.694,5.09750,0.02049,1.32465,0.00163,0.10446,0.00027,0.00005,
8.695,5.09500,0.01966,1.32465,0.00163,0.10014,0.00027,0.00005,
8.696,5.09500,0.02133,2.66343,0.61470,0.10867,0.00027,0.00005,
8.697,5.09625,0.02133,1.32560,0.05707,0.10869,0.00027,0.00005,
8.698,5.09500,0.02007,2.15389,1.20250,0.10227,0.00027,0.00005,
8.699,5.10000,0.02049,2.70827,0.57964,0.10451,0.00027,0.00005,
8.700,5.09750,0.02154,1.99574,0.12718,0.10979,0.00027,0.00005,
8.701,5.09625,0.02070,0.88781,1.15358,0.10550,0.00027,0.00005,
8.702,5.10000,0.01945,1.68023,1.71610,0.09918,0.00027,0.00005,
8.703,5.09750,0.02091,3.05312,0.02120,0.10659,0.00027,0.00005,
8.704,5.09500,0.02070,1.90035,0.18343,0.10547,0.00027,0.00005,
8.705,5.09500,0.02049,2.50608,0.75085,0.10441,0.00027,0.00005,
8.706,5.09625,0.02049,2.50608,0.75085,0.10443,0.00027,0.00005,
8.707,5.09750,0.01986,1.65259,1.18298,0.10126,0.00027,0.00005,
8.708,5.09750,0.02007,1.49850,1.57758,0.10233,0.00027,0.00005,
8.709,5.09875,0.01882,1.96810,1.43083,0.09595,0.00027,0.00005,
8.710,5.10000,0.02028,1.64607,1.70069,0.10344,0.00027,0.00005,
8.711,5.09875,0.02049,1.01014,1.33218,0.10448,0.00027,0.00005,
8.712,5.09625,0.01986,1.23190,1.35256,0.10123,0.00027,0.00005,
8.713,5.09250,0.01986,3.05244,0.01631,0.10116,0.00027,0.00005,
8.714,5.09250,0.02070,0.88948,1.14222,0.10542,0.00027,0.00005,
8.715,5.09625,0.02070,2.89672,2.60892,0.10550,0.00027,0.00005,
8.716,5.09625,0.01945,2.13850,0.54787,0.09910,0.00027,0.00005,
8.717,5.09625,0.01986,2.13850,0.54787,0.10123,0.00027,0.00005,
8.718,5.09750,0.02007,1.33564,1.64549,0.10233,0.00027,0.00005,
8.719,5.09750,0.01924,2.00753,0.66537,0.09806,0.00027,0.00005,
8.720,5.09625,0.01903,0.85373,1.07634,0.09697,0.00027,0.00005,
8.721,5.09875,0.02070,1.15217,1.55417,0.10555,0.00027,0.00005,
8.722,5.09750,0.01986,2.15349,1.22066,0.10126,0.00027,0.00005,
8.723,5.10000,0.01882,3.05125,0.01549,0.09598,0.00027,0.00005,
8.724,5.10000,0.01882,1.64060,0.54469,0.09598,0.00027,0.00005,
8.725,5.09750,0.01945,0.80807,1.55987,0.09913,0.00027,0.00005,
8.726,5.09625,0.02007,1.45387,0.69554,0.10230,0.00027,0.00005,
8.727,5.09625,0.01903,2.57261,1.25899,0.09697,0.00027,0.00005,
8.728,5.09875,0.01882,2.57261,1.25899,0.09595,0.00027,0.00005,
8.729,5.10000,0.02049,1.82162,0.54551,0.10451,0.00027,0.00005,
8.730,5.09625,0.02049,1.62266,0.49984,0.10443,0.00027,0.00005,
8.731,5.09500,0.02028,2.65170,0.89287,0.10334,0.00027,0.00005,
8.732,5.09875,0.02175,2.68106,0.63112,0.11088,0.00027,0.00005,
8.733,5.09875,0.02175,3.05288,0.01794,0.11088,0.00027,0.00005,
8.734,5.09750,0.02112,2.19100,1.11384,0.10765,0.00027,0.00005,
8.735,5.09500,0.02028,2.29129,0.92059,0.10334,0.00027,0.00005,
8.736,5.09750,0.01986,1.34624,0.00408,0.10126,0.00027,0.00005,
8.737,5.09875,0.02007,2.13881,1.23779,0.10235,0.00027,0.00005,
8.738,5.09500,0.02049,1.70338,1.64794,0.10441,0.00027,0.00005,
8.739,5.09625,0.02049,1.70338,1.64794,0.10443,0.00027,0.00005,
8.740,5.09750,0.02112,2.66393,0.73060,0.10765,0.00027,0.00005,
8.741,5.09875,0.02112,0.97197,1.27040,0.10768,0.00027,0.00005,
8.742,5.09875,0.02028,1.72377,1.62184,0.10342,0.00027,0.00005,
8.743,5.09625,0.02028,3.05044,0.01875,0.10337,0.00028,0.00005,
8.744,5.09750,0.02112,2.56282,0.80155,0.10765,0.00028,0.00005,
8.745,5.09750,0.02070,2.79440,2.18040,0.10552,0.00028,0.00005,
8.746,5.09875,0.01986,3.05859,1.43267,0.10128,0.00028,0.00005,
8.747,5.09875,0.02112,1.56477,1.81754,0.10768,0.00028,0.00005,
8.748,5.09875,0.02091,2.10049,1.28100,0.10661,0.00028,0.00005,
8.749,5.09375,0.01966,2.77075,0.53491,0.10012,0.00028,0.00005,
8.750,5.09625,0.02133,2.77075,0.53491,0.10869,0.00028,0.00005,
8.751,5.09625,0.02112,3.06511,0.01794,0.10763,0.00028,0.00005,
8.752,5.09625,0.02112,1.14238,1.52807,0.10763,0.00028,0.00005,
8.753,5.09750,0.02070,3.05125,0.02283,0.10552,0.00028,0.00005,
8.754,5.09875,0.02112,2.76586,0.63357,0.10768,0.00028,0.00005,
8.755,5.09625,0.02133,2.48536,2.54488,0.10869,0.00028,0.00005,
8.756,5.09875,0.01945,1.97328,1.40821,0.09915,0.00028,0.00005,
8.757,5.09500,0.02112,3.08631,1.23779,0.10760,0.00028,0.00005,
8.758,5.09625,0.02112,1.93740,1.16929,0.10763,0.00028,0.00005,
8.759,5.09875,0.02049,1.71806,1.68137,0.10448,0.00028,0.00005,
8.760,5.09875,0.02112,0.85291,1.06900,0.10768,0.00028,0.00005,
8.761,5.09250,0.02112,0.85291,1.06900,0.10755,0.00028,0.00005,
8.762,5.09500,0.02091,0.85291,1.06900,0.10654,0.00028,0.00005,
8.763,5.09750,0.02028,1.74823,0.58546,0.10339,0.00028,0.00005,
8.764,5.09625,0.01986,1.93741,2.16491,0.10123,0.00028,0.00005,
8.765,5.09750,0.01966,3.16460,0.00408,0.10019,0.00028,0.00005,
8.766,5.09625,0.02028,1.48486,1.80694,0.10337,0.00028,0.00005,
8.767,5.09750,0.01945,2.15594,1.01274,0.09913,0.00028,0.00005,
8.768,5.09625,0.02049,1.66262,1.74171,0.10443,0.00028,0.00005,
8.769,5.09625,0.01986,1.62103,1.68871,0.10123,0.00028,0.00005,
8.770,5.09750,0.01986,2.79522,1.58841,0.10126,0.00028,0.00005,
8.771,5.09875,0.01903,1.29813,2.10375,0.09702,0.00028,0.00005,
8.772,5.09750,0.01986,1.84119,1.49464,0.10126,0.00028,0.00005,
8.773,5.09750,0.02007,1.84119,1.49464,0.10233,0.00028,0.00005,
8.774,5.09375,0.02007,0.87166,0.98908,0.10225,0.00028,0.00005,
8.775,5.09750,0.02070,2.07112,0.00652,0.10552,0.00028,0.00005,
8.776,5.09875,0.02007,2.02627,2.04584,0.10235,0.00028,0.00005,
8.777,5.09750,0.02028,1.75229,1.61286,0.10339,0.00028,0.00005,
8.778,5.09750,0.02007,2.85961,1.82731,0.10233,0.00028,0.00005,
8.779,5.09750,0.02007,1.87868,0.12965,0.10233,0.00028,0.00005,
8.780,5.09625,0.02028,2.50654,0.76811,0.10337,0.00028,0.00005,
8.781,5.09750,0.02028,2.74627,1.40820,0.10339,0.00028,0.00005,
8.782,5.09500,0.01986,2.24317,1.77105,0.10121,0.00028,0.00005,
8.783,5.09875,0.02070,3.05286,0.01712,0.10555,0.00028,0.00005,
8.784,5.09500,0.02070,3.05286,0.01712,0.10547,0.00028,0.00005,
8.785,5.09875,0.01966,3.07073,0.02283,0.10022,0.00028,0.00005,
8.786,5.09875,0.02154,1.00210,1.55086,0.10981,0.00028,0.00005,
8.787,5.09875,0.02133,2.56682,0.84637,0.10875,0.00028,0.00005,
8.788,5.09750,0.02133,2.65814,0.73874,0.10872,0.00028,0.00005,
8.789,5.09750,0.02007,1.70333,1.69518,0.10233,0.00028,0.00005,
8.790,5.09500,0.02133,1.87864,1.48155,0.10867,0.00028,0.00005,
8.791,5.09750,0.02070,1.74818,1.02330,0.10552,0.00028,0.00005,
8.792,5.09750,0.01966,2.10205,1.12849,0.10019,0.00028,0.00005,
8.793,5.09750,0.02112,3.05605,0.02120,0.10765,0.00028,0.00005,
8.794,5.09750,0.02112,2.16973,0.20140,0.10765,0.00028,0.00005,
8.795,5.09875,0.01986,2.16973,0.20140,0.10128,0.00028,0.00005,
8.796,5.09875,0.02028,2.02448,1.32248,0.10342,0.00028,0.00005,
8.797,5.09875,0.02028,2.97517,1.89974,0.10342,0.00028,0.00005,
8.798,5.09750,0.02070,1.11212,1.44885,0.10552,0.00028,0.00005,
8.799,5.09875,0.01945,2.15738,1.17409,0.09915,0.00028,0.00005,
8.800,5.09500,0.01924,2.84390,2.26745,0.09801,0.00028,0.00005,
8.801,5.09750,0.02091,1.62986,1.77336,0.10659,0.00028,0.00005,
8.802,5.09750,0.02007,2.07014,0.17448,0.10233,0.00028,0.00005,
8.803,5.09750,0.01945,3.05507,0.02609,0.09913,0.00028,0.00005,
8.804,5.09750,0.01986,1.70079,1.92990,0.10126,0.00028,0.00005,
8.805,5.09750,0.01882,1.80190,0.00000,0.09593,0.00028,0.00005,
8.806,5.09750,0.01882,1.80190,0.00000,0.09593,0.00028,0.00005,
8.807,5.09875,0.01966,0.74766,1.66329,0.10022,0.00028,0.00005,
8.808,5.09875,0.02112,2.21853,1.76113,0.10768,0.00028,0.00005,
8.809,5.09875,0.01966,1.76357,1.64046,0.10022,0.00028,0.00005,
8.810,5.09750,0.01924,1.33960,1.62497,0.09806,0.00028,0.00005,
8.811,5.09625,0.02070,1.36569,1.70161,0.10550,0.00028,0.00005,
8.812,5.09625,0.02070,2.76562,0.62863,0.10550,0.00028,0.00005,
8.813,5.09625,0.01924,3.05425,0.02446,0.09804,0.00028,0.00005,
8.814,5.09625,0.01986,1.77580,1.53610,0.10123,0.00028,0.00005,
8.815,5.09500,0.01986,2.15494,0.00571,0.10121,0.00028,0.00005,
8.816,5.09875,0.02007,1.90789,1.47413,0.10235,0.00028,0.00005,
8.817,5.09750,0.01966,1.90789,1.47413,0.10019,0.00028,0.00005,
8.818,5.09750,0.01945,1.77661,2.78192,0.09913,0.00028,0.00005,
8.819,5.10000,0.01966,0.84469,1.06564,0.10024,0.00028,0.00005,
8.820,5.10000,0.02070,0.83164,1.98289,0.10557,0.00028,0.00005,
8.821,5.09500,0.02028,1.64942,1.77824,0.10334,0.00028,0.00005,
8.822,5.09875,0.02112,2.25848,1.08195,0.10768,0.00028,0.00005,
8.823,5.09875,0.02049,3.05669,0.01794,0.10448,0.00028,0.00005,
8.824,5.09625,0.02049,1.92419,1.39748,0.10443,0.00028,0.00005,
8.825,5.09875,0.02007,3.17736,0.00978,0.10235,0.00028,0.00005,
8.826,5.09625,0.02112,2.27641,1.08521,0.10763,0.00028,0.00005,
8.827,5.09875,0.02028,2.12068,1.22952,0.10342,0.00028,0.00005,
8.828,5.09625,0.02049,2.12068,1.22952,0.10443,0.00028,0.00005,
8.829,5.09625,0.02049,2.37997,1.79782,0.10443,0.00028,0.00005,
8.830,5.09625,0.02007,2.11743,1.19773,0.10230,0.00028,0.00005,
8.831,5.10000,0.02028,2.49004,1.67062,0.10344,0.00028,0.00005,
8.832,5.10000,0.01986,2.44927,1.49533,0.10131,0.00028,0.00005,
8.833,5.09625,0.01986,3.05751,0.02446,0.10123,0.00028,0.00005,
8.834,5.09875,0.02007,1.54343,1.77254,0.10235,0.00028,0.00005,
8.835,5.09750,0.02091,3.07708,0.04403,0.10659,0.00028,0.00005,
8.836,5.09875,0.01945,2.29109,0.00571,0.09915,0.00028,0.00005,
8.837,5.09750,0.01986,2.39790,0.98900,0.10126,0.00028,0.00005,
8.838,5.09625,0.02007,0.86099,1.40156,0.10230,0.00028,0.00005,
8.839,5.09875,0.01966,0.86099,1.40156,0.10022,0.00028,0.00005,
8.840,5.09875,0.01945,3.09583,0.46393,0.09915,0.00028,0.00005,
8.841,5.09875,0.02070,1.32329,2.06035,0.10555,0.00028,0.00005,
8.842,5.09625,0.02070,1.98371,1.36569,0.10550,0.00028,0.00005,
8.843,5.09750,0.02007,3.05669,0.01631,0.10233,0.00028,0.00005,
8.844,5.09750,0.02007,1.44640,1.81494,0.10233,0.00028,0.00005,
8.845,5.09750,0.02028,1.50592,0.00000,0.10339,0.00028,0.00005,
8.846,5.09875,0.01986,2.76317,1.75297,0.10128,0.00028,0.00005,
8.847,5.09875,0.01966,1.70405,1.66410,0.10022,0.00028,0.00005,
8.848,5.09750,0.02070,2.44193,1.50022,0.10552,0.00028,0.00005,
8.849,5.09750,0.01966,2.41502,1.61355,0.10019,0.00028,0.00005,
8.850,5.09750,0.02070,2.41502,1.61355,0.10552,0.00028,0.00005,
8.851,5.09750,0.02070,1.77499,3.00615,0.10552,0.00028,0.00005,
8.852,5.09625,0.02028,1.70895,1.61355,0.10337,0.00028,0.00005,
8.853,5.09750,0.02028,3.05752,0.02609,0.10339,0.00028,0.00005,
8.854,5.09750,0.01966,2.92217,1.86223,0.10019,0.00028,0.00005,
8.855,5.09375,0.01986,2.74850,0.01305,0.10118,0.00028,0.00005,
8.856,5.09875,0.02007,2.49819,0.77131,0.10235,0.00028,0.00005,
8.857,5.09625,0.01966,2.24952,0.95721,0.10017,0.00028,0.00005,
8.858,5.09625,0.01903,2.74280,0.65798,0.09697,0.00028,0.00005,
8.859,5.09625,0.01986,1.78314,1.56708,0.10123,0.00028,0.00005,
8.860,5.09625,0.01986,0.77049,1.89974,0.10123,0.00028,0.00005,
8.861,5.09625,0.02091,0.77049,1.89974,0.10656,0.00028,0.00005,
8.862,5.09750,0.02070,2.81537,2.45254,0.10552,0.00028,0.00005,
8.863,5.10000,0.02091,3.05426,0.01875,0.10664,0.00028,0.00005,
8.864,5.09750,0.02133,2.07667,0.00815,0.10872,0.00028,0.00005,
8.865,5.10000,0.02007,1.62253,0.00245,0.10238,0.00028,0.00005,
8.866,5.09625,0.02007,1.39749,0.00000,0.10230,0.00028,0.00005,
8.867,5.09625,0.02028,2.00166,1.28090,0.10337,0.00028,0.00005,
8.868,5.09875,0.01986,3.13417,1.07054,0.10128,0.00028,0.00005,
8.869,5.09875,0.01986,2.30660,0.98901,0.10128,0.00028,0.00005,
8.870,5.09875,0.02049,2.02204,1.30781,0.10448,0.00028,0.00005,
8.871,5.09625,0.02133,2.20223,1.89077,0.10869,0.00028,0.00005,
8.872,5.09875,0.01945,2.20223,1.89077,0.09915,0.00028,0.00005,
8.873,5.09625,0.02028,3.05593,0.01631,0.10337,0.00028,0.00005,
8.874,5.09875,0.02049,2.73305,0.66614,0.10448,0.00028,0.00005,
8.875,5.09500,0.02007,0.46638,0.98576,0.10227,0.00028,0.00005,
8.876,5.10125,0.01903,2.41425,0.83410,0.09707,0.00028,0.00005,
8.877,5.09750,0.02112,2.72816,0.55933,0.10765,0.00028,0.00005,
8.878,5.09750,0.01966,2.85454,1.83046,0.10019,0.00028,0.00005,
8.879,5.10125,0.01966,1.67391,0.98331,0.10027,0.00028,0.00005,
8.880,5.09625,0.02028,0.86101,1.42686,0.10337,0.00028,0.00005,
8.881,5.09750,0.01966,3.07142,0.03914,0.10019,0.00028,0.00005,
8.882,5.09750,0.02028,2.19900,1.19286,0.10339,0.00028,0.00005,
8.883,5.09625,0.02028,2.19900,1.19286,0.10337,0.00028,0.00005,
8.884,5.09500,0.01986,2.19819,1.53123,0.10121,0.00028,0.00005,
8.885,5.09750,0.02007,2.27483,1.78236,0.10233,0.00028,0.00005,
8.886,5.09500,0.01945,0.87813,1.36571,0.09908,0.00028,0.00005,
8.887,5.09500,0.01966,1.98783,2.70860,0.10014,0.00028,0.00005,
8.888,5.09750,0.01966,1.95277,2.01636,0.10019,0.00028,0.00005,
8.889,5.09500,0.02112,2.22102,1.03713,0.10760,0.00028,0.00005,
8.890,5.09750,0.02007,1.90140,2.98908,0.10233,0.00028,0.00005,
8.891,5.09750,0.01986,1.81986,2.57080,0.10126,0.00028,0.00005,
8.892,5.09750,0.02070,2.62298,0.66859,0.10552,0.00028,0.00005,
8.893,5.09625,0.01986,3.05757,0.01549,0.10123,0.00028,0.00005,
8.894,5.09875,0.02028,3.05757,0.01549,0.10342,0.00028,0.00005,
8.895,5.09750,0.02007,3.09773,1.12852,0.10233,0.00028,0.00005,
8.896,5.09750,0.02028,2.45926,2.55385,0.10339,0.00028,0.00005,
8.897,5.09875,0.02028,2.14941,1.22474,0.10342,0.00028,0.00005,
8.898,5.09750,0.02049,2.85963,1.87788,0.10446,0.00028,0.00005,
8.899,5.09625,0.02070,2.29455,1.60390,0.10550,0.00028,0.00005,
8.900,5.09625,0.02007,2.80500,2.80663,0.10230,0.00028,0.00005,
8.901,5.09625,0.01903,2.22850,1.69768,0.09697,0.00028,0.00005,
8.902,5.09375,0.01945,1.79797,1.60146,0.09905,0.00028,0.00005,
8.903,5.09625,0.01986,3.05370,0.01794,0.10123,0.00028,0.00005,
8.904,5.09750,0.02028,2.76341,0.53164,0.10339,0.00028,0.00005,
8.905,5.09750,0.01966,2.76341,0.53164,0.10019,0.00028,0.00005,
8.906,5.09750,0.01966,2.34700,0.00000,0.10019,0.00028,0.00005,
8.907,5.09625,0.02007,2.64221,0.75352,0.10230,0.00028,0.00005,
8.908,5.09375,0.02007,2.21734,1.17595,0.10225,0.00028,0.00005,
8.909,5.09625,0.01945,1.93762,2.98554,0.09910,0.00028,0.00005,
8.910,5.09750,0.01966,2.11866,0.57330,0.10019,0.00028,0.00005,
8.911,5.09875,0.02091,1.36514,1.70194,0.10661,0.00028,0.00005,
8.912,5.09750,0.01945,1.37004,1.49889,0.09913,0.00028,0.00005,
8.913,5.09500,0.01945,3.05322,0.02283,0.09908,0.00028,0.00005,
8.914,5.09500,0.02049,1.47687,0.00000,0.10441,0.00028,0.00005,
8.915,5.10000,0.02049,1.68645,0.00408,0.10451,0.00028,0.00005,
8.916,5.09625,0.01966,1.68645,0.00408,0.10017,0.00028,0.00005,
8.917,5.09750,0.01966,0.69404,2.06416,0.10019,0.00028,0.00005,
8.918,5.09750,0.01966,2.23461,1.17032,0.10019,0.00028,0.00005,
8.919,5.09625,0.01986,2.67501,1.93775,0.10123,0.00028,0.00005,
8.920,5.10000,0.02007,0.57089,1.27552,0.10238,0.00028,0.00005,
8.921,5.09750,0.02007,2.78756,2.41811,0.10233,0.00028,0.00005,
8.922,5.09750,0.02028,2.20525,0.42246,0.10339,0.00028,0.00005,
8.923,5.09750,0.01986,3.05669,0.01794,0.10126,0.00028,0.00005,
8.924,5.09750,0.01986,2.66930,0.60432,0.10126,0.00028,0.00005,
8.925,5.09750,0.02049,2.66930,0.60432,0.10446,0.00028,0.00005,
8.926,5.10000,0.02112,2.64402,0.01386,0.10771,0.00028,0.00005,
8.927,5.09875,0.01966,1.73550,0.01060,0.10022,0.00028,0.00005,
8.928,5.09750,0.02049,1.73550,0.01060,0.10446,0.00028,0.00005,
8.929,5.09750,0.02196,1.61316,1.78932,0.11192,0.00028,0.00006,
8.930,5.09250,0.01966,2.19954,1.18173,0.10010,0.00028,0.00006,
8.931,5.09875,0.01924,1.45984,0.69648,0.09809,0.00028,0.00006,
8.932,5.09875,0.02049,2.13348,1.23393,0.10448,0.00028,0.00006,
8.933,5.09750,0.02049,3.05587,0.01794,0.10446,0.00028,0.00006,
8.934,5.09625,0.01903,2.00952,2.21993,0.09697,0.00028,0.00006,
8.935,5.09750,0.02007,1.61235,0.00245,0.10233,0.00028,0.00006,
8.936,5.09750,0.01882,3.07463,0.02120,0.09593,0.00028,0.00006,
8.937,5.09750,0.02007,1.43292,1.94509,0.10233,0.00028,0.00006,
8.938,5.09625,0.01945,1.33098,1.70613,0.09910,0.00028,0.00006,
8.939,5.09750,0.01903,1.33098,1.70613,0.09700,0.00028,0.00006,
8.940,5.09750,0.01986,2.29572,1.76236,0.10126,0.00028,0.00006,
8.941,5.09750,0.01903,2.34139,0.98190,0.09700,0.00028,0.00006,
8.942,5.09625,0.01903,1.80395,1.58213,0.09697,0.00028,0.00006,
8.943,5.09750,0.01966,3.05579,0.01794,0.10019,0.00028,0.00006,
8.944,5.09625,0.02091,2.20030,1.17436,0.10656,0.00028,0.00006,
8.945,5.09875,0.01924,1.29914,0.00000,0.09809,0.00028,0.00006,
8.946,5.09750,0.02070,0.56027,1.78438,0.10552,0.00028,0.00006,
8.947,5.09250,0.02175,1.33910,0.00571,0.11074,0.00028,0.00006,
8.948,5.09875,0.01945,1.36112,2.07389,0.09915,0.00028,0.00006,
8.949,5.10000,0.01986,1.85207,1.53157,0.10131,0.00028,0.00006,
8.950,5.10000,0.02028,1.85207,1.53157,0.10344,0.00028,0.00006,
8.951,5.09625,0.02028,2.00529,0.48685,0.10337,0.00028,0.00006,
8.952,5.09625,0.01966,2.10804,0.60020,0.10017,0.00028,0.00006,
8.953,5.09750,0.02091,3.05808,0.01549,0.10659,0.00028,0.00006,
8.954,5.09625,0.02112,1.82262,1.57063,0.10763,0.00028,0.00006,
8.955,5.09625,0.02007,3.07113,0.00979,0.10230,0.00028,0.00006,
8.956,5.09875,0.02112,2.25238,0.00815,0.10768,0.00028,0.00006,
8.957,5.09625,0.02049,2.19856,1.08134,0.10443,0.00028,0.00006,
8.958,5.09750,0.01903,1.86013,1.49071,0.09700,0.00028,0.00006,
8.959,5.09750,0.02070,1.93026,0.85708,0.10552,0.00028,0.00006,
8.960,5.09500,0.02070,1.35371,2.03546,0.10547,0.00028,0.00006,
8.961,5.09375,0.01966,1.35371,2.03546,0.10012,0.00028,0.00006,
8.962,5.09875,0.02049,1.56477,1.78330,0.10448,0.00028,0.00006,
8.963,5.09875,0.02049,3.05289,0.02365,0.10448,0.00028,0.00006,
8.964,5.09875,0.01945,1.59983,2.84007,0.09915,0.00028,0.00006,
8.965,5.09750,0.02175,0.83661,1.17256,0.11085,0.00028,0.00006,
8.966,5.09875,0.02133,0.77872,1.11629,0.10875,0.00028,0.00006,
8.967,5.09625,0.02007,2.07521,1.30628,0.10230,0.00028,0.00006,
8.968,5.09625,0.02133,2.79848,2.42747,0.10869,0.00028,0.00006,
8.969,5.09750,0.02133,2.76994,0.52920,0.10872,0.00028,0.00006,
8.970,5.09500,0.02091,1.31933,2.08581,0.10654,0.00028,0.00006,
8.971,5.09625,0.02070,2.39812,1.62103,0.10550,0.00028,0.00006,
8.972,5.09750,0.02049,2.39812,1.62103,0.10446,0.00028,0.00006,
8.973,5.09750,0.02091,3.06102,0.02202,0.10659,0.00028,0.00006,
8.974,5.09625,0.01986,2.48371,0.84313,0.10123,0.00028,0.00006,
8.975,5.09875,0.02112,0.68983,1.50523,0.10768,0.00028,0.00006,
8.976,5.09875,0.02091,3.06836,0.01631,0.10661,0.00028,0.00006,
8.977,5.09875,0.02007,2.05807,1.35683,0.10235,0.00028,0.00006,
8.978,5.09750,0.02007,2.14206,1.98876,0.10233,0.00028,0.00006,
8.979,5.09625,0.02049,1.25001,0.03017,0.10443,0.00028,0.00006,
8.980,5.09750,0.02133,2.60358,0.80235,0.10872,0.00028,0.00006,
8.981,5.09500,0.01945,1.50849,1.77268,0.09908,0.00028,0.00006,
8.982,5.09625,0.02154,1.82813,1.17989,0.10976,0.00028,0.00006,
8.983,5.09625,0.02070,1.82813,1.17989,0.10550,0.00028,0.00006,
8.984,5.09875,0.02091,2.12249,2.03688,0.10661,0.00028,0.00006,
8.985,5.09625,0.02028,2.17223,0.49087,0.10337,0.00028,0.00006,
8.986,5.09625,0.02112,2.31248,1.46609,0.10763,0.00028,0.00006,
8.987,5.09875,0.02112,2.40299,0.00571,0.10768,0.00028,0.00006,
8.988,5.09625,0.01945,2.20159,2.64925,0.09910,0.00028,0.00006,
8.989,5.09875,0.02007,1.51665,0.90428,0.10235,0.00028,0.00006,
8.990,5.09875,0.02049,1.65771,1.67484,0.10448,0.00028,0.00006,
8.991,5.09625,0.01945,1.42859,1.50360,0.09910,0.00028,0.00006,
8.992,5.10000,0.01966,1.80123,2.78052,0.10024,0.00028,0.00006,
8.993,5.09625,0.01986,3.05450,0.01957,0.10123,0.00028,0.00006,
8.994,5.09750,0.02028,3.05450,0.01957,0.10339,0.00028,0.00006,
8.995,5.09750,0.01945,3.09935,0.64091,0.09913,0.00028,0.00006,
8.996,5.09875,0.01945,2.70958,2.02628,0.09915,0.00028,0.00006,
8.997,5.09500,0.01924,0.77219,1.63570,0.09801,0.00028,0.00006,
8.998,5.09750,0.02112,1.93495,2.18120,0.10765,0.00028,0.00006,
8.999,5.09750,0.02007,2.42745,0.95239,0.10233,0.00028,0.00006,
9.000,5.09625,0.02070,2.05482,1.29731,0.10550,0.00028,0.00006,
9.001,5.09875,0.02070,1.34949,0.00000,0.10555,0.00028,0.00006,
9.002,5.10000,0.02070,2.02465,2.17223,0.10557,0.00028,0.00006,
9.003,5.09750,0.02007,3.05531,0.01957,0.10233,0.00028,0.00006,
9.004,5.09750,0.02112,2.34102,0.92793,0.10765,0.00028,0.00006,
9.005,5.09750,0.02112,2.34102,0.92793,0.10765,0.00028,0.00006,
9.006,5.09500,0.02091,1.74659,0.01223,0.10654,0.00028,0.00006,
9.007,5.09875,0.02049,1.93984,0.81540,0.10448,0.00028,0.00006,
9.008,5.09625,0.02070,1.86238,1.20190,0.10550,0.00028,0.00006,
9.009,5.09625,0.02091,2.31900,0.00489,0.10656,0.00028,0.00006,
9.010,5.09875,0.01986,2.18691,1.14646,0.10128,0.00028,0.00006,
9.011,5.09500,0.02049,2.85798,2.35162,0.10441,0.00028,0.00006,
9.012,5.09625,0.02154,3.07896,0.08154,0.10976,0.00028,0.00006,
9.013,5.09625,0.02070,2.23909,1.16766,0.10550,0.00028,0.00006,
9.014,5.09625,0.02070,2.44458,2.88000,0.10550,0.00028,0.00006,
9.015,5.09875,0.02112,2.69572,2.28313,0.10768,0.00028,0.00006,
9.016,5.09875,0.02133,2.69572,2.28313,0.10875,0.00028,0.00006,
9.017,5.09250,0.02049,1.57047,1.79797,0.10435,0.00028,0.00006,
9.018,5.09750,0.02091,1.57373,0.64580,0.10659,0.00028,0.00006,
9.019,5.09875,0.02091,2.60766,0.66455,0.10661,0.00028,0.00006,
9.020,5.09750,0.02112,2.64925,0.63031,0.10765,0.00028,0.00006,
9.021,5.09375,0.01966,1.76372,2.64272,0.10012,0.00028,0.00006,
9.022,5.09750,0.02154,2.84821,0.00815,0.10979,0.00028,0.00006,
9.023,5.09750,0.02007,3.05124,0.01794,0.10233,0.00028,0.00006,
9.024,5.09625,0.02007,1.66750,2.81722,0.10230,0.00028,0.00006,
9.025,5.09625,0.01966,2.57668,2.08254,0.10017,0.00028,0.00006,
9.026,5.09750,0.01945,1.70256,2.84902,0.09913,0.00028,0.00006,
9.027,5.09750,0.02028,1.70256,2.84902,0.10339,0.00028,0.00006,
9.028,5.09750,0.01986,2.38913,0.00489,0.10126,0.00028,0.00006,
9.029,5.09500,0.02007,1.00539,1.32585,0.10227,0.00028,0.00006,
9.030,5.09375,0.02049,2.76340,2.13146,0.10438,0.00028,0.00006,
9.031,5.09750,0.02070,1.80123,0.00000,0.10552,0.00028,0.00006,
9.032,5.09750,0.01966,1.04372,1.12444,0.10019,0.00028,0.00006,
9.033,5.09875,0.01966,3.05369,0.01712,0.10022,0.00028,0.00006,
9.034,5.09875,0.02175,1.36091,1.61939,0.11088,0.00028,0.00006,
9.035,5.09875,0.02049,1.02822,0.54550,0.10448,0.00028,0.00006,
9.036,5.09875,0.02028,3.06592,1.54274,0.10342,0.00028,0.00006,
9.037,5.09750,0.02196,2.73976,2.07602,0.11192,0.00028,0.00006,
9.038,5.09500,0.02091,2.73976,2.07602,0.10654,0.00028,0.00006,
9.039,5.09250,0.02028,1.64956,1.89337,0.10329,0.00028,0.00006,
9.040,5.09500,0.02133,1.09427,1.24594,0.10867,0.00028,0.00006,
9.041,5.09500,0.02112,0.42075,1.56394,0.10760,0.00028,0.00006,
9.042,5.09500,0.02112,1.73355,1.26225,0.10760,0.00028,0.00006,
9.043,5.09750,0.01986,3.05287,0.01957,0.10126,0.00028,0.00006,
9.044,5.09875,0.02133,1.99040,2.97786,0.10875,0.00028,0.00006,
9.045,5.10000,0.02133,2.41115,0.00408,0.10877,0.00028,0.00006,
9.046,5.09875,0.01966,1.52154,1.84607,0.10022,0.00028,0.00006,
9.047,5.09750,0.02133,3.03983,1.48974,0.10872,0.00028,0.00006,
9.048,5.09625,0.02049,1.40005,1.28834,0.10443,0.00028,0.00006,
9.049,5.09750,0.02070,1.40005,1.28834,0.10552,0.00028,0.00006,
9.050,5.09750,0.01945,2.79114,2.43073,0.09913,0.00028,0.00006,
9.051,5.09750,0.01945,1.71643,2.58403,0.09913,0.00028,0.00006,
9.052,5.09875,0.02091,2.73732,2.81397,0.10661,0.00028,0.00006,
9.053,5.09750,0.02112,3.05207,0.01957,0.10765,0.00028,0.00006,
9.054,5.09625,0.02028,2.17958,1.26633,0.10337,0.00028,0.00006,
9.055,5.09750,0.02133,3.02027,0.83987,0.10872,0.00028,0.00006,
9.056,5.09875,0.02007,1.09754,1.40739,0.10235,0.00028,0.00006,
9.057,5.09875,0.01986,1.66669,3.03821,0.10128,0.00028,0.00006,
9.058,5.09625,0.02154,0.73550,1.76291,0.10976,0.00028,0.00006,
9.059,5.09625,0.02175,1.44490,1.63163,0.11082,0.00028,0.00006,
9.060,5.09750,0.02175,1.44490,1.63163,0.11085,0.00028,0.00006,
9.061,5.09500,0.02028,3.07571,0.02609,0.10334,0.00028,0.00006,
9.062,5.09875,0.02091,2.05808,2.68676,0.10661,0.00028,0.00006,
9.063,5.09625,0.02091,3.05125,0.01957,0.10656,0.00028,0.00006,
9.064,5.09750,0.01966,2.03688,0.00408,0.10019,0.00028,0.00006,
9.065,5.09500,0.02049,2.93383,1.31362,0.10441,0.00028,0.00006,
9.066,5.09625,0.02028,1.78737,2.18447,0.10337,0.00028,0.00006,
9.067,5.09375,0.01966,2.96481,2.72671,0.10012,0.00028,0.00006,
9.068,5.09375,0.01966,0.82274,1.50035,0.10012,0.00028,0.00006,
9.069,5.09625,0.01966,1.36907,0.78197,0.10017,0.00028,0.00006,
9.070,5.09750,0.02049,2.19589,0.45989,0.10446,0.00028,0.00006,
9.071,5.09625,0.01986,2.19589,0.45989,0.10123,0.00028,0.00006,
9.072,5.09750,0.01924,3.16215,0.01142,0.09806,0.00028,0.00006,
9.073,5.09875,0.01986,3.05451,0.02120,0.10128,0.00028,0.00006,
9.074,5.09625,0.02049,0.90755,1.31933,0.10443,0.00028,0.00006,
9.075,5.09500,0.01945,1.96350,0.00652,0.09908,0.00028,0.00006,
9.076,5.09750,0.01924,1.68545,0.00815,0.09806,0.00028,0.00006,
9.077,5.09750,0.02049,2.82049,2.46824,0.10446,0.00028,0.00006,
9.078,5.09625,0.02049,0.81867,1.52889,0.10443,0.00028,0.00006,
9.079,5.09375,0.01924,1.81183,2.77075,0.09799,0.00028,0.00006,
9.080,5.09875,0.01924,1.92436,0.84884,0.09809,0.00028,0.00006,
9.081,5.09625,0.02049,1.88196,0.00897,0.10443,0.00028,0.00006,
9.082,5.09500,0.01924,1.88196,0.00897,0.09801,0.00028,0.00006,
9.083,5.09500,0.01924,3.06103,0.01631,0.09801,0.00028,0.00006,
9.084,5.09625,0.02028,1.69441,1.13341,0.10337,0.00028,0.00006,
9.085,5.09875,0.01966,1.77106,0.00489,0.10022,0.00028,0.00006,
9.086,5.09875,0.01966,1.73844,1.96268,0.10022,0.00028,0.00006,
9.087,5.09625,0.01966,1.73844,1.96268,0.10017,0.00028,0.00006,
9.088,5.09625,0.01986,2.26845,1.65690,0.10123,0.00028,0.00006,
9.089,5.10125,0.02049,3.08712,0.31719,0.10453,0.00028,0.00006,
9.090,5.09625,0.02007,2.12005,1.26632,0.10230,0.00028,0.00006,
9.091,5.09500,0.02133,0.84476,1.20028,0.10867,0.00029,0.00006,
9.092,5.10000,0.02133,2.94361,2.75117,0.10877,0.00029,0.00006,
9.093,5.09625,0.01966,3.05450,0.01794,0.10017,0.00029,0.00006,
9.094,5.09750,0.02112,3.05450,0.01794,0.10765,0.00029,0.00006,
9.095,5.09750,0.02154,1.74576,2.13063,0.10979,0.00029,0.00006,
9.096,5.09875,0.02154,2.57991,0.69064,0.10981,0.00029,0.00006,
9.097,5.09375,0.02007,0.64335,2.08496,0.10225,0.00029,0.00006,
9.098,5.09875,0.02049,1.80691,1.46934,0.10448,0.00029,0.00006,
9.099,5.09750,0.02070,2.76093,0.53653,0.10552,0.00029,0.00006,
9.100,5.09875,0.01882,2.31654,2.59132,0.09595,0.00029,0.00006,
9.101,5.09750,0.02028,2.47880,2.88242,0.10339,0.00029,0.00006,
9.102,5.09750,0.02091,1.52642,1.56067,0.10659,0.00029,0.00006,
9.103,5.09500,0.01966,3.05855,0.02038,0.10014,0.00029,0.00006,
9.104,5.09500,0.02007,1.43428,1.65280,0.10227,0.00029,0.00006,
9.105,5.09750,0.02007,1.43428,1.65280,0.10233,0.00029,0.00006,
9.106,5.09750,0.02049,2.20554,0.00815,0.10446,0.00029,0.00006,
9.107,5.09750,0.02091,2.07346,0.46475,0.10659,0.00029,0.00006,
9.108,5.09875,0.01986,1.96827,2.14032,0.10128,0.00029,0.00006,
9.109,5.09625,0.02007,1.50434,0.67919,0.10230,0.00029,0.00006,
9.110,5.09500,0.02112,3.08776,0.21118,0.10760,0.00029,0.00006,
9.111,5.09750,0.01966,0.66207,1.50352,0.10019,0.00029,0.00006,
9.112,5.09875,0.01966,2.25691,0.94989,0.10022,0.00029,0.00006,
9.113,5.09875,0.02049,3.06004,0.02120,0.10448,0.00029,0.00006,
9.114,5.09875,0.02049,2.77548,2.13298,0.10448,0.00029,0.00006,
9.115,5.09750,0.01882,3.07798,0.52835,0.09593,0.00029,0.00006,
9.116,5.09625,0.02028,3.07798,0.52835,0.10337,0.00029,0.00006,
9.117,5.09875,0.01945,1.43408,1.58980,0.09915,0.00029,0.00006,
9.118,5.09375,0.01861,1.45854,1.81970,0.09479,0.00029,0.00006,
9.119,5.09750,0.01924,1.72513,1.39168,0.09806,0.00029,0.00006,
9.120,5.09750,0.02007,1.74551,0.58619,0.10233,0.00029,0.00006,
9.121,5.09625,0.01924,2.14419,1.23270,0.09804,0.00029,0.00006,
9.122,5.09625,0.02070,0.48998,1.06312,0.10550,0.00029,0.00006,
9.123,5.09875,0.02070,3.05241,0.01957,0.10555,0.00029,0.00006,
9.124,5.09875,0.02091,1.63301,2.68798,0.10661,0.00029,0.00006,
9.125,5.09875,0.02154,3.09562,0.61309,0.10981,0.00029,0.00006,
9.126,5.09500,0.02007,1.76345,2.50209,0.10227,0.00029,0.00006,
9.127,5.09875,0.02112,1.76345,2.50209,0.10768,0.00029,0.00006,
9.128,5.09625,0.02112,0.79404,1.25792,0.10763,0.00029,0.00006,
9.129,5.09875,0.02007,1.63537,3.02617,0.10235,0.00029,0.00006,
9.130,5.09500,0.02070,2.25903,1.60684,0.10547,0.00029,0.00006,
9.131,5.09500,0.02091,2.74491,2.35849,0.10654,0.00029,0.00006,
9.132,5.09750,0.02091,1.39977,1.99408,0.10659,0.00029,0.00006,
9.133,5.09625,0.01986,3.05144,0.01794,0.10123,0.00029,0.00006,
9.134,5.09500,0.01945,3.08568,0.25191,0.09908,0.00029,0.00006,
9.135,5.09750,0.01966,1.52368,1.05329,0.10019,0.00029,0.00006,
9.136,5.09500,0.02070,1.95658,2.74654,0.10547,0.00029,0.00006,
9.137,5.09875,0.02007,2.64382,0.65301,0.10235,0.00029,0.00006,
9.138,5.09875,0.02049,2.64382,0.65301,0.10448,0.00029,0.00006,
9.139,5.09625,0.02007,3.17129,0.01060,0.10230,0.00029,0.00006,
9.140,5.09625,0.01945,1.78131,0.57882,0.09910,0.00029,0.00006,
9.141,5.09625,0.01945,2.06909,0.45980,0.09910,0.00029,0.00006,
9.142,5.09500,0.01966,2.96015,2.75552,0.10014,0.00029,0.00006,
9.143,5.09875,0.01986,3.05064,0.01630,0.10128,0.00029,0.00006,
9.144,5.09750,0.01903,1.78457,2.78813,0.09700,0.00029,0.00006,
9.145,5.09625,0.02007,0.42719,1.55874,0.10230,0.00029,0.00006,
9.146,5.10000,0.02007,2.09191,0.10435,0.10238,0.00029,0.00006,
9.147,5.09875,0.02091,1.45439,0.70926,0.10661,0.00029,0.00006,
9.148,5.09625,0.01924,2.65443,2.20849,0.09804,0.00029,0.00006,
9.149,5.09500,0.02112,2.65443,2.20849,0.10760,0.00029,0.00006,
9.150,5.09500,0.02112,0.45409,1.44869,0.10760,0.00029,0.00006,
9.151,5.09750,0.02049,1.41200,1.53185,0.10446,0.00029,0.00006,
9.152,5.09875,0.02028,2.92836,2.76368,0.10342,0.00029,0.00006,
9.153,5.09500,0.02049,3.05472,0.01712,0.10441,0.00029,0.00006,
9.154,5.09625,0.02070,1.17232,1.26281,0.10550,0.00029,0.00006,
9.155,5.09875,0.01966,3.08978,1.36635,0.10022,0.00029,0.00006,
9.156,5.10000,0.02028,1.94681,2.45552,0.10344,0.00029,0.00006,
9.157,5.09500,0.02091,2.75797,0.53888,0.10654,0.00029,0.00006,
9.158,5.09500,0.02133,2.84357,1.71446,0.10867,0.00029,0.00006,
9.159,5.09750,0.02133,1.91909,1.20656,0.10872,0.00029,0.00006,
9.160,5.09500,0.01945,1.91909,1.20656,0.09908,0.00029,0.00006,
9.161,5.09375,0.02112,3.18848,0.00163,0.10758,0.00029,0.00006,
9.162,5.09375,0.02028,1.71367,2.79145,0.10331,0.00029,0.00006,
9.163,5.09625,0.02049,3.05233,0.01794,0.10443,0.00029,0.00006,
9.164,5.09750,0.02091,0.69215,2.07402,0.10659,0.00029,0.00006,
9.165,5.09875,0.02133,2.75476,2.11560,0.10875,0.00029,0.00006,
9.166,5.09750,0.01986,2.81753,2.79960,0.10126,0.00029,0.00006,
9.167,5.09875,0.02070,3.21620,0.01304,0.10555,0.00029,0.00006,
9.168,5.09875,0.02070,0.96201,1.22044,0.10555,0.00029,0.00006,
9.169,5.09750,0.02091,3.06700,0.02283,0.10659,0.00029,0.00006,
9.170,5.09625,0.02028,2.02918,2.18571,0.10337,0.00029,0.00006,
9.171,5.09750,0.02070,2.02918,2.18571,0.10552,0.00029,0.00006,
9.172,5.09750,0.02091,0.64242,0.78591,0.10659,0.00029,0.00006,
9.173,5.09875,0.02070,3.05395,0.02120,0.10555,0.00029,0.00006,
9.174,5.09500,0.02112,1.70470,1.93216,0.10760,0.00029,0.00006,
9.175,5.10000,0.02091,2.28761,0.68808,0.10664,0.00029,0.00006,
9.176,5.09875,0.02070,2.69932,2.44577,0.10555,0.00029,0.00006,
9.177,5.09875,0.02133,2.96102,2.72622,0.10875,0.00029,0.00006,
9.178,5.09500,0.02133,3.00015,0.92613,0.10867,0.00029,0.00006,
9.179,5.09750,0.02154,1.71041,1.93135,0.10979,0.00029,0.00006,
9.180,5.09875,0.01966,0.86336,1.40550,0.10022,0.00029,0.00006,
9.181,5.09875,0.02070,0.98728,0.63509,0.10555,0.00029,0.00006,
9.182,5.09875,0.02091,0.98728,0.63509,0.10661,0.00029,0.00006,
9.183,5.09625,0.02070,3.05314,0.01141,0.10550,0.00029,0.00006,
9.184,5.09500,0.02028,1.37779,1.68106,0.10334,0.00029,0.00006,
9.185,5.09750,0.02028,3.03683,1.56774,0.10339,0.00029,0.00006,
9.186,5.09750,0.01903,1.65416,2.82405,0.09700,0.00029,0.00006,
9.187,5.09750,0.01903,2.54034,2.50936,0.09700,0.00029,0.00006,
9.188,5.09625,0.01945,1.70878,0.00000,0.09910,0.00029,0.00006,
9.189,5.09625,0.01966,1.86205,0.00000,0.10017,0.00029,0.00006,
9.190,5.09750,0.02007,1.61421,0.00652,0.10233,0.00029,0.00006,
9.191,5.10000,0.01966,2.49958,1.68514,0.10024,0.00029,0.00006,
9.192,5.09750,0.02028,1.63215,3.03113,0.10339,0.00029,0.00006,
9.193,5.09875,0.01986,1.63215,3.03113,0.10128,0.00029,0.00006,
9.194,5.10125,0.01966,3.09228,0.42312,0.10027,0.00029,0.00006,
9.195,5.10125,0.01903,3.09717,0.83401,0.09707,0.00029,0.00006,
9.196,5.09500,0.01903,1.01092,1.34110,0.09695,0.00029,0.00006,
9.197,5.09875,0.01986,2.73030,2.33735,0.10128,0.00029,0.00006,
9.198,5.09875,0.01986,1.30115,0.02038,0.10128,0.00029,0.00006,
9.199,5.09875,0.01945,2.14658,0.01141,0.09915,0.00029,0.00006,
9.200,5.09750,0.02070,2.17022,0.00815,0.10552,0.00029,0.00006,
9.201,5.09625,0.02007,1.53758,0.00245,0.10230,0.00029,0.00006,
9.202,5.09500,0.01924,1.79438,2.63655,0.09801,0.00029,0.00006,
9.203,5.09500,0.02112,3.05314,0.02201,0.10760,0.00029,0.00006,
9.204,5.09500,0.02028,3.05314,0.02201,0.10334,0.00029,0.00006,
9.205,5.09500,0.02028,0.63346,1.49275,0.10334,0.00029,0.00006,
9.206,5.09500,0.01966,0.80385,1.55798,0.10014,0.00029,0.00006,
9.207,5.09750,0.02091,1.80500,2.59826,0.10659,0.00029,0.00006,
9.208,5.09625,0.02091,0.71417,1.50091,0.10656,0.00029,0.00006,
9.209,5.09875,0.01966,2.01453,0.00000,0.10022,0.00029,0.00006,
9.210,5.09875,0.02091,2.95779,1.14219,0.10661,0.00029,0.00006,
9.211,5.09500,0.02049,3.08823,1.37780,0.10441,0.00029,0.00006,
9.212,5.09750,0.02070,2.84610,2.51510,0.10552,0.00029,0.00006,
9.213,5.09750,0.02133,3.05399,0.01957,0.10872,0.00029,0.00006,
9.214,5.09375,0.02133,1.10958,0.29513,0.10864,0.00029,0.00006,
9.215,5.09875,0.02007,1.10958,0.29513,0.10235,0.00029,0.00006,
9.216,5.09500,0.02028,3.06867,0.01957,0.10334,0.00029,0.00006,
9.217,5.09750,0.02049,2.42053,0.80711,0.10446,0.00029,0.00006,
9.218,5.09875,0.02070,0.89761,1.34030,0.10555,0.00029,0.00006,
9.219,5.09500,0.02028,1.31910,0.00000,0.10334,0.00029,0.00006,
9.220,5.09625,0.01966,1.54167,0.00652,0.10017,0.00029,0.00006,
9.221,5.09750,0.01966,1.62564,3.01730,0.10019,0.00029,0.00006,
9.222,5.09750,0.01966,1.06882,1.37536,0.10019,0.00029,0.00006,
9.223,5.09625,0.01966,3.05236,0.02038,0.10017,0.00029,0.00006,
9.224,5.09875,0.01882,2.06181,0.00000,0.09595,0.00029,0.00006,
9.225,5.09750,0.01986,2.13682,2.30231,0.10126,0.00029,0.00006,
9.226,5.09625,0.01966,2.13682,2.30231,0.10017,0.00029,0.00006,
9.227,5.09875,0.01966,0.80060,1.58407,0.10022,0.00029,0.00006,
9.228,5.09625,0.01945,1.70962,0.00978,0.09910,0.00029,0.00006,
9.229,5.09500,0.01986,1.60853,0.00489,0.10121,0.00029,0.00006,
9.230,5.09875,0.01924,0.96691,0.70847,0.09809,0.00029,0.00006,
9.231,5.09875,0.02028,1.80175,2.63333,0.10342,0.00029,0.00006,
9.232,5.09750,0.02028,1.81398,1.20253,0.10339,0.00029,0.00006,
9.233,5.09625,0.02070,3.05482,0.01794,0.10550,0.00029,0.00006,
9.234,5.09750,0.02028,0.77858,1.60364,0.10339,0.00029,0.00006,
9.235,5.09750,0.01945,3.04504,1.05170,0.09913,0.00029,0.00006,
9.236,5.09875,0.02091,3.08743,0.27556,0.10661,0.00029,0.00006,
9.237,5.09625,0.02133,3.08743,0.27556,0.10869,0.00029,0.00006,
9.238,5.09625,0.02049,3.08012,0.09539,0.10443,0.00029,0.00006,
9.239,5.09750,0.02133,3.08501,0.22176,0.10872,0.00029,0.00006,
9.240,5.09750,0.02091,0.82425,1.12101,0.10659,0.00029,0.00006,
9.241,5.09875,0.02091,1.05415,0.45411,0.10661,0.00029,0.00006,
9.242,5.09500,0.01986,1.90856,0.00815,0.10121,0.00029,0.00006,
9.243,5.10125,0.02216,3.05566,0.02364,0.11307,0.00029,0.00006,
9.244,5.09750,0.02133,2.94886,1.19438,0.10872,0.00029,0.00006,
9.245,5.09750,0.02049,1.38108,0.01631,0.10446,0.00029,0.00006,
9.246,5.09500,0.02154,1.84905,0.03995,0.10973,0.00029,0.00006,
9.247,5.09750,0.02070,1.73654,3.03120,0.10552,0.00029,0.00006,
9.248,5.09875,0.02049,1.73654,3.03120,0.10448,0.00029,0.00006,
9.249,5.09875,0.02070,1.73654,3.03120,0.10555,0.00029,0.00006,
9.250,5.09500,0.02070,2.39533,0.00978,0.10547,0.00029,0.00006,
9.251,5.09875,0.02070,2.30973,0.01060,0.10555,0.00029,0.00006,
9.252,5.09500,0.01986,0.82508,1.48057,0.10121,0.00029,0.00006,
9.253,5.09625,0.01903,3.05491,0.01304,0.09697,0.00029,0.00006,
9.254,5.09625,0.01924,0.91884,0.87236,0.09804,0.00029,0.00006,
9.255,5.09625,0.02175,2.93995,1.26208,0.11082,0.00029,0.00006,
9.256,5.09750,0.02070,0.56255,1.25555,0.10552,0.00029,0.00006,
9.257,5.09500,0.01986,1.45693,1.46998,0.10121,0.00029,0.00006,
9.258,5.09500,0.02049,0.76393,1.33056,0.10441,0.00029,0.00006,
9.259,5.09625,0.02049,1.90290,1.21479,0.10443,0.00029,0.00006,
9.260,5.09750,0.01966,1.90290,1.21479,0.10019,0.00029,0.00006,
9.261,5.09500,0.01924,3.08587,0.18262,0.09801,0.00029,0.00006,
9.262,5.09625,0.02007,2.41162,1.60775,0.10230,0.00029,0.00006,
9.263,5.09500,0.01966,3.05570,0.02038,0.10014,0.00029,0.00006,
9.264,5.09750,0.01966,0.66283,1.94120,0.10019,0.00029,0.00006,
9.265,5.09625,0.02091,3.11929,1.06395,0.10656,0.00029,0.00006,
9.266,5.09875,0.01986,2.02762,0.00000,0.10128,0.00029,0.00006,
9.267,5.09875,0.01924,2.01784,1.30365,0.09809,0.00029,0.00006,
9.268,5.09500,0.01924,2.84943,1.69580,0.09801,0.00029,0.00006,
9.269,5.09625,0.01924,1.01585,1.83603,0.09804,0.00029,0.00006,
9.270,5.09625,0.02112,1.78956,0.00815,0.10763,0.00029,0.00006,
9.271,5.09500,0.01903,1.78956,0.00815,0.09695,0.00029,0.00006,
9.272,5.09750,0.02049,1.67132,0.00000,0.10446,0.00029,0.00006,
9.273,5.09750,0.02007,3.05403,0.01794,0.10233,0.00029,0.00006,
9.274,5.09375,0.01903,1.94362,1.22210,0.09692,0.00029,0.00006,
9.275,5.09750,0.01966,3.08256,1.87106,0.10019,0.00029,0.00006,
9.276,5.09750,0.02028,0.76636,1.12753,0.10339,0.00029,0.00006,
9.277,5.09750,0.02028,2.35044,1.65583,0.10339,0.00029,0.00006,
9.278,5.09375,0.01882,1.70637,0.00000,0.09586,0.00029,0.00006,
9.279,5.09375,0.01966,1.72023,1.93710,0.10012,0.00029,0.00006,
9.280,5.09875,0.02028,1.73899,1.96156,0.10342,0.00029,0.00006,
9.281,5.09625,0.02007,2.92114,2.63660,0.10230,0.00029,0.00006,
9.282,5.09500,0.01986,2.92114,2.63660,0.10121,0.00029,0.00006,
9.283,5.09875,0.02091,3.05800,0.01467,0.10661,0.00029,0.00006,
9.284,5.09750,0.02070,1.99165,2.70744,0.10552,0.00029,0.00006,
9.285,5.09750,0.02049,3.09550,1.25875,0.10446,0.00029,0.00006,
9.286,5.09750,0.02049,1.95252,1.55550,0.10446,0.00029,0.00006,
9.287,5.09500,0.02133,1.50495,0.00163,0.10867,0.00029,0.00006,
9.288,5.09875,0.02133,2.20117,0.00489,0.10875,0.00029,0.00006,
9.289,5.09500,0.02007,1.25304,0.02772,0.10227,0.00029,0.00006,
9.290,5.09500,0.02133,0.85438,1.41935,0.10867,0.00029,0.00006,
9.291,5.09500,0.02070,1.53104,0.00163,0.10547,0.00029,0.00006,
9.292,5.09500,0.01966,2.05198,0.00978,0.10014,0.00029,0.00006,
9.293,5.09750,0.02049,2.05198,0.00978,0.10446,0.00029,0.00006,
9.294,5.09750,0.02049,3.06941,1.71855,0.10446,0.00029,0.00006,
9.295,5.09750,0.02049,3.07431,0.05055,0.10446,0.00029,0.00006,
9.296,5.09875,0.01945,2.27944,0.01060,0.09915,0.00029,0.00006,
9.297,5.10000,0.01966,1.39571,0.00082,0.10024,0.00029,0.00006,
9.298,5.09875,0.01966,3.19659,0.00978,0.10022,0.00029,0.00006,
9.299,5.09625,0.02091,2.21748,1.86448,0.10656,0.00029,0.00006,
9.300,5.09875,0.01966,0.58861,1.33212,0.10022,0.00029,0.00006,
9.301,5.09375,0.02112,1.62235,0.00000,0.10758,0.00029,0.00006,
9.302,5.09625,0.01903,0.80139,0.89351,0.09697,0.00029,0.00006,
9.303,5.09750,0.02070,3.05392,0.01712,0.10552,0.00029,0.00006,
9.304,5.09750,0.02070,3.05392,0.01712,0.10552,0.00029,0.00006,
9.305,5.10125,0.01945,0.54948,1.76175,0.09920,0.00029,0.00006,
9.306,5.09625,0.02049,1.23347,1.52696,0.10443,0.00029,0.00006,
9.307,5.09750,0.01945,2.02834,0.00408,0.09913,0.00029,0.00006,
9.308,5.09875,0.01945,1.50087,0.00489,0.09915,0.00029,0.00006,
9.309,5.09625,0.01986,0.79568,1.24081,0.10123,0.00029,0.00006,
9.310,5.09875,0.02028,1.85469,2.28188,0.10342,0.00029,0.00006,
9.311,5.10000,0.02007,0.74840,1.68186,0.10238,0.00029,0.00006,
9.312,5.09750,0.02028,3.09224,0.75003,0.10339,0.00029,0.00006,
9.313,5.09750,0.01966,3.05637,0.01304,0.10019,0.00029,0.00006,
9.314,5.09625,0.01966,3.18600,0.00815,0.10017,0.00029,0.00006,
9.315,5.09625,0.02007,3.18600,0.00815,0.10230,0.00029,0.00006,
9.316,5.09500,0.02028,2.04304,2.77677,0.10334,0.00029,0.00006,
9.317,5.09500,0.01903,1.43159,0.00326,0.09695,0.00029,0.00006,
9.318,5.09625,0.02028,3.07923,0.08560,0.10337,0.00029,0.00006,
9.319,5.09875,0.02175,0.89760,0.90168,0.11088,0.00029,0.00006,
9.320,5.09750,0.02091,1.11935,1.73569,0.10659,0.00029,0.00006,
9.321,5.09625,0.02007,1.63785,0.00815,0.10230,0.00029,0.00006,
9.322,5.09625,0.02133,3.12733,0.01304,0.10869,0.00029,0.00006,
9.323,5.09500,0.02133,3.05477,0.02446,0.10867,0.00029,0.00006,
9.324,5.09500,0.02154,2.12782,0.00571,0.10973,0.00029,0.00006,
9.325,5.09750,0.01986,3.08738,0.30980,0.10126,0.00029,0.00006,
9.326,5.09750,0.02049,3.08738,0.30980,0.10446,0.00029,0.00006,
9.327,5.09625,0.02091,3.07525,0.05299,0.10656,0.00029,0.00006,
9.328,5.09750,0.02028,3.15352,0.01549,0.10339,0.00029,0.00006,
9.329,5.09500,0.02091,2.14501,0.00897,0.10654,0.00029,0.00006,
9.330,5.09625,0.02070,3.08993,0.42721,0.10550,0.00029,0.00006,
9.331,5.09625,0.02007,1.71291,0.00245,0.10230,0.00029,0.00006,
9.332,5.09625,0.02007,1.14303,1.24820,0.10230,0.00029,0.00006,
9.333,5.09875,0.02112,3.05406,0.02038,0.10768,0.00029,0.00006,
9.334,5.09875,0.02175,3.09482,0.68647,0.11088,0.00029,0.00006,
9.335,5.09750,0.01966,3.11846,0.00734,0.10019,0.00029,0.00006,
9.336,5.09625,0.02049,2.06675,1.62160,0.10443,0.00029,0.00006,
9.337,5.09500,0.02049,2.06675,1.62160,0.10441,0.00029,0.00006,
9.338,5.09875,0.01903,2.16394,2.83660,0.09702,0.00029,0.00006,
9.339,5.09625,0.01966,2.87329,2.56672,0.10017,0.00029,0.00006,
9.340,5.09625,0.01986,0.49410,1.07708,0.10123,0.00029,0.00006,
9.341,5.09750,0.01986,2.17780,0.00326,0.10126,0.00029,0.00006,
9.342,5.09875,0.01986,1.60705,0.00326,0.10128,0.00029,0.00006,
9.343,5.09625,0.01945,3.05022,0.01386,0.09910,0.00029,0.00006,
9.344,5.09625,0.02007,3.08528,1.53041,0.10230,0.00029,0.00006,
9.345,5.09750,0.01986,2.02941,0.03588,0.10126,0.00029,0.00006,
9.346,5.09625,0.02007,1.24015,0.05218,0.10230,0.00029,0.00006,
9.347,5.09750,0.02049,1.39425,0.00734,0.10446,0.00029,0.00006,
9.348,5.09875,0.02007,1.39425,0.00734,0.10235,0.00029,0.00006,
9.349,5.09875,0.02007,3.07483,0.03343,0.10235,0.00029,0.00006,
9.350,5.09375,0.02007,0.62459,2.07109,0.10225,0.00029,0.00006,
9.351,5.09625,0.01986,2.06864,0.00408,0.10123,0.00029,0.00006,
9.352,5.09625,0.02133,1.95693,0.00652,0.10869,0.00029,0.00006,
9.353,5.09500,0.02133,3.05282,0.02528,0.10867,0.00029,0.00006,
9.354,5.09625,0.01924,3.03243,0.84067,0.09804,0.00029,0.00006,
9.355,5.09625,0.02007,3.08054,0.09295,0.10230,0.00029,0.00006,
9.356,5.09750,0.02091,3.07239,0.03098,0.10659,0.00029,0.00006,
9.357,5.09750,0.02049,1.44976,0.01060,0.10446,0.00029,0.00006,
9.358,5.09750,0.02007,3.07076,0.00978,0.10233,0.00029,0.00006,
9.359,5.09500,0.02007,3.07076,0.00978,0.10227,0.00029,0.00006,
9.360,5.09625,0.01986,3.07041,0.01957,0.10123,0.00029,0.00006,
9.361,5.09375,0.02049,1.69138,1.92624,0.10438,0.00029,0.00006,
9.362,5.09500,0.01986,3.06633,0.01468,0.10121,0.00029,0.00006,
9.363,5.09625,0.01882,3.05818,0.02202,0.09591,0.00029,0.00006,
9.364,5.09500,0.02279,3.06878,0.01631,0.11612,0.00029,0.00006,
9.365,5.09375,0.01986,1.20125,2.37722,0.10118,0.00029,0.00006,
9.366,5.09750,0.02070,3.06959,0.02120,0.10552,0.00029,0.00006,
9.367,5.09750,0.02133,3.14381,0.01142,0.10872,0.00029,0.00006,
9.368,5.09625,0.02133,3.09488,0.67851,0.10869,0.00029,0.00006,
9.369,5.09750,0.02028,1.12296,0.27891,0.10339,0.00029,0.00006,
9.370,5.09625,0.02175,1.12296,0.27891,0.11082,0.00029,0.00006,
9.371,5.09500,0.02154,3.03207,0.83835,0.10973,0.00029,0.00006,
9.372,5.09875,0.02007,1.43775,0.00816,0.10235,0.00029,0.00006,
9.373,5.10000,0.02070,3.05490,0.01713,0.10557,0.00029,0.00006,
9.374,5.09875,0.02112,2.21574,0.00245,0.10768,0.00029,0.00006,
9.375,5.09750,0.01945,3.07611,0.05301,0.09913,0.00029,0.00006,
9.376,5.09750,0.02091,2.36009,0.00652,0.10659,0.00029,0.00006,
9.377,5.09750,0.02091,2.47018,0.00489,0.10659,0.00029,0.00006,
9.378,5.09500,0.02049,2.17823,0.00082,0.10441,0.00029,0.00006,
9.379,5.09625,0.01903,1.75009,1.60003,0.09697,0.00029,0.00006,
9.380,5.09625,0.01966,3.08263,1.84713,0.10017,0.00029,0.00006,
9.381,5.09750,0.02007,3.08263,1.84713,0.10233,0.00029,0.00006,
9.382,5.09750,0.01966,3.09813,0.82774,0.10019,0.00029,0.00006,
9.383,5.09875,0.02028,1.47281,0.01549,0.10342,0.00029,0.00006,
9.384,5.09625,0.01986,3.07448,0.05627,0.10123,0.00029,0.00006,
9.385,5.09625,0.02154,2.94726,1.22408,0.10976,0.00029,0.00006,
9.386,5.09625,0.02154,3.08263,0.01468,0.10976,0.00029,0.00006,
9.387,5.09625,0.02112,3.08100,0.11580,0.10763,0.00029,0.00006,
9.388,5.09875,0.02049,1.68159,0.00734,0.10448,0.00029,0.00006,
9.389,5.09750,0.02070,1.25100,1.63102,0.10552,0.00029,0.00006,
9.390,5.09625,0.02070,0.78044,1.27791,0.10550,0.00029,0.00006,
9.391,5.09625,0.02049,3.15848,0.01794,0.10443,0.00029,0.00006,
9.392,5.09375,0.02070,3.15848,0.01794,0.10545,0.00029,0.00006,
9.393,5.09875,0.01986,3.05735,0.01223,0.10128,0.00029,0.00006,
9.394,5.09750,0.02070,1.86018,0.00652,0.10552,0.00029,0.00006,
9.395,5.09750,0.02070,3.08589,0.17126,0.10552,0.00029,0.00006,
9.396,5.09750,0.02133,3.09323,0.55618,0.10872,0.00029,0.00006,
9.397,5.09750,0.02133,0.89054,1.91727,0.10872,0.00029,0.00006,
9.398,5.09500,0.01945,3.09486,0.65975,0.09908,0.00029,0.00006,
9.399,5.09625,0.02112,1.57394,0.00000,0.10763,0.00029,0.00006,
9.400,5.09625,0.02154,2.08771,0.00082,0.10976,0.00029,0.00006,
9.401,5.09625,0.02007,1.31623,0.00163,0.10230,0.00029,0.00006,
9.402,5.09875,0.02112,3.06958,0.03099,0.10768,0.00029,0.00006,
9.403,5.09875,0.02133,3.06958,0.03099,0.10875,0.00029,0.00006,
9.404,5.09750,0.02133,2.37722,2.92442,0.10872,0.00029,0.00006,
9.405,5.09750,0.01945,3.08019,0.10846,0.09913,0.00029,0.00006,
9.406,5.09500,0.01986,3.06877,0.01713,0.10121,0.00029,0.00006,
9.407,5.09750,0.02133,3.06795,0.01468,0.10872,0.00029,0.00006,
9.408,5.09375,0.01966,1.82267,0.00652,0.10012,0.00029,0.00006,
9.409,5.09500,0.01986,3.07529,0.07503,0.10121,0.00029,0.00006,
9.410,5.09750,0.02028,1.86344,0.00408,0.10339,0.00029,0.00006,
9.411,5.09625,0.01882,1.86344,0.00408,0.09591,0.00029,0.00006,
9.412,5.09625,0.01966,1.64326,0.00245,0.10017,0.00029,0.00006,
9.413,5.09875,0.01966,3.05898,0.02610,0.10022,0.00029,0.00006,
9.414,5.09875,0.01966,2.38863,0.00734,0.10022,0.00029,0.00006,
9.415,5.09625,0.01945,2.38863,0.00734,0.09910,0.00029,0.00006,
9.416,5.09875,0.02007,0.51459,2.04937,0.10235,0.00029,0.00006,
9.417,5.09875,0.02028,2.16517,2.92767,0.10342,0.00029,0.00006,
9.418,5.09750,0.02007,0.73803,1.11806,0.10233,0.00029,0.00006,
9.419,5.09625,0.02112,2.21573,0.00082,0.10763,0.00029,0.00006,
9.420,5.09625,0.01986,1.36842,0.00082,0.10123,0.00029,0.00006,
9.421,5.09625,0.02133,3.08017,0.00734,0.10869,0.00029,0.00006,
9.422,5.09875,0.02133,1.12458,0.24955,0.10875,0.00029,0.00006,
9.423,5.09625,0.02091,3.05734,0.01957,0.10656,0.00029,0.00006,
9.424,5.09500,0.02007,3.09240,0.30255,0.10227,0.00029,0.00006,
9.425,5.09750,0.02070,1.83000,2.20350,0.10552,0.00029,0.00006,
9.426,5.09625,0.02112,1.83000,2.20350,0.10763,0.00029,0.00006,
9.427,5.09750,0.02007,3.09561,0.42569,0.10233,0.00029,0.00006,
9.428,5.09500,0.02133,2.61039,2.34046,0.10867,0.00029,0.00006,
9.429,5.09625,0.02091,1.63343,0.00326,0.10656,0.00029,0.00006,
9.430,5.09625,0.02007,2.20672,0.00652,0.10230,0.00029,0.00006,
9.431,5.09625,0.02007,3.07114,0.02446,0.10230,0.00029,0.00006,
9.432,5.09750,0.02028,3.07848,0.08481,0.10339,0.00029,0.00006,
9.433,5.09750,0.02196,3.05238,0.01876,0.11192,0.00029,0.00006,
9.434,5.09875,0.02049,1.71906,1.94576,0.10448,0.00029,0.00006,
9.435,5.09500,0.02049,2.80855,1.88215,0.10441,0.00029,0.00006,
9.436,5.09500,0.02091,0.39062,1.18736,0.10654,0.00029,0.00006,
9.437,5.09625,0.02028,0.39062,1.18736,0.10337,0.00029,0.00006,
9.438,5.09625,0.02112,2.35667,2.60701,0.10763,0.00029,0.00006,
9.439,5.09875,0.02133,2.86062,1.38546,0.10875,0.00030,0.00006,
9.440,5.09875,0.02133,3.08650,0.11498,0.10875,0.00030,0.00006,
9.441,5.09500,0.01986,1.56486,0.01142,0.10121,0.00030,0.00006,
9.442,5.09625,0.02112,2.05576,0.00652,0.10763,0.00030,0.00006,
9.443,5.09625,0.02007,3.05470,0.01794,0.10230,0.00030,0.00006,
9.444,5.09500,0.01924,3.05714,1.29250,0.09801,0.00030,0.00006,
9.445,5.09500,0.01986,0.86438,1.80950,0.10121,0.00030,0.00006,
9.446,5.09625,0.02112,2.61680,0.76571,0.10763,0.00030,0.00006,
9.447,5.09625,0.01966,2.34036,0.00652,0.10017,0.00030,0.00006,
9.448,5.09625,0.02091,2.34036,0.00652,0.10656,0.00030,0.00006,
9.449,5.09500,0.02091,0.78848,0.88388,0.10654,0.00030,0.00006,
9.450,5.09750,0.01945,2.23661,0.00163,0.09913,0.00030,0.00006,
9.451,5.09750,0.02154,1.14562,1.67317,0.10979,0.00030,0.00006,
9.452,5.09625,0.02028,2.77558,2.01971,0.10337,0.00030,0.00006,
9.453,5.09750,0.02028,3.05362,0.01712,0.10339,0.00030,0.00006,
9.454,5.09750,0.02112,0.95726,1.21737,0.10765,0.00030,0.00006,
9.455,5.09875,0.02112,1.32663,1.18068,0.10768,0.00030,0.00006,
9.456,5.09875,0.01966,3.19061,0.00978,0.10022,0.00030,0.00006,
9.457,5.09500,0.02154,1.46688,0.00000,0.10973,0.00030,0.00006,
9.458,5.09500,0.02154,3.06993,0.03343,0.10973,0.00030,0.00006,
9.459,5.09625,0.02070,3.06993,0.03343,0.10550,0.00030,0.00006,
9.460,5.10000,0.02007,3.08054,1.87213,0.10238,0.00030,0.00006,
9.461,5.09750,0.02112,1.00293,1.15704,0.10765,0.00030,0.00006,
9.462,5.09250,0.02133,2.91746,2.63289,0.10861,0.00030,0.00006,
9.463,5.09625,0.01986,3.05608,0.02365,0.10123,0.00030,0.00006,
9.464,5.09625,0.02112,0.50065,1.23613,0.10763,0.00030,0.00006,
9.465,5.09750,0.02091,2.02706,0.31800,0.10659,0.00030,0.00006,
9.466,5.09625,0.02007,3.08625,0.26500,0.10230,0.00030,0.00006,
9.467,5.09625,0.02091,1.67236,0.00000,0.10656,0.00030,0.00006,
9.468,5.09625,0.02091,2.15100,1.21004,0.10656,0.00030,0.00006,
9.469,5.09750,0.02112,3.07646,0.05545,0.10765,0.00030,0.00006,
9.470,5.09500,0.02028,3.07646,0.05545,0.10334,0.00030,0.00006,
9.471,5.09625,0.02049,1.71641,0.49984,0.10443,0.00030,0.00006,
9.472,5.09750,0.01945,1.47586,1.45956,0.09913,0.00030,0.00006,
9.473,5.09625,0.02028,3.05202,0.01712,0.10337,0.00030,0.00006,
9.474,5.09500,0.01986,3.09932,0.61236,0.10121,0.00030,0.00006,
9.475,5.09750,0.02154,0.77789,1.93982,0.10979,0.00030,0.00006,
9.476,5.09750,0.02028,2.20890,0.00815,0.10339,0.00030,0.00006,
9.477,5.09500,0.02028,3.08056,0.07420,0.10334,0.00030,0.00006,
9.478,5.09500,0.02028,1.89905,0.13372,0.10334,0.00030,0.00006,
9.479,5.09625,0.02154,3.08464,1.62590,0.10976,0.00030,0.00006,
9.480,5.09875,0.01986,3.07485,0.08399,0.10128,0.00030,0.00006,
9.481,5.09750,0.02007,3.07485,0.08399,0.10233,0.00030,0.00006,
9.482,5.09875,0.02007,2.16487,0.00897,0.10235,0.00030,0.00006,
9.483,5.09500,0.02028,3.05283,0.00897,0.10334,0.00030,0.00006,
9.484,5.09750,0.01966,2.23989,2.87426,0.10019,0.00030,0.00006,
9.485,5.09750,0.01966,2.30593,0.00815,0.10019,0.00030,0.00006,
9.486,5.09500,0.01966,3.16943,0.01549,0.10014,0.00030,0.00006,
9.487,5.09875,0.02091,2.45107,0.00734,0.10661,0.00030,0.00006,
9.488,5.10000,0.02007,3.08871,1.20026,0.10238,0.00030,0.00006,
9.489,5.09500,0.01945,2.36546,2.92645,0.09908,0.00030,0.00006,
9.490,5.09500,0.02070,2.45189,1.72211,0.10547,0.00030,0.00006,
9.491,5.09625,0.02133,3.06425,0.00734,0.10869,0.00030,0.00006,
9.492,5.09875,0.01924,3.06425,0.00734,0.09809,0.00030,0.00006,
9.493,5.09750,0.01986,3.05773,0.01712,0.10126,0.00030,0.00006,
9.494,5.09500,0.02028,0.77299,0.86024,0.10334,0.00030,0.00006,
9.495,5.09500,0.02028,0.66944,1.51663,0.10334,0.00030,0.00006,
9.496,5.09500,0.01945,3.08871,0.24706,0.09908,0.00030,0.00006,
9.497,5.09500,0.01945,2.20401,0.00734,0.09908,0.00030,0.00006,
9.498,5.09500,0.02007,3.08545,0.24543,0.10227,0.00030,0.00006,
9.499,5.09875,0.01903,3.07322,0.03995,0.09702,0.00030,0.00006,
9.500,5.09875,0.02028,3.08301,0.00815,0.10342,0.00030,0.00006,
9.501,5.09625,0.02028,3.07159,0.03588,0.10337,0.00030,0.00006,
9.502,5.09625,0.01986,1.40329,1.50196,0.10123,0.00030,0.00006,
9.503,5.09625,0.02049,1.40329,1.50196,0.10443,0.00030,0.00006,
9.504,5.09750,0.02049,1.70580,0.03751,0.10446,0.00030,0.00006,
9.505,5.09875,0.02091,1.34866,0.05055,0.10661,0.00030,0.00006,
9.506,5.09750,0.02070,3.06588,0.02202,0.10552,0.00030,0.00006,
9.507,5.09625,0.01945,2.26435,0.00897,0.09910,0.00030,0.00006,
9.508,5.09875,0.01966,1.21575,0.02772,0.10022,0.00030,0.00006,
9.509,5.09500,0.02070,3.08627,0.21689,0.10547,0.00030,0.00006,
9.510,5.09750,0.02007,3.08545,0.25848,0.10233,0.00030,0.00006,
9.511,5.09625,0.02112,3.07322,0.05789,0.10763,0.00030,0.00006,
9.512,5.09625,0.02091,0.45988,0.89775,0.10656,0.00030,0.00006,
9.513,5.09625,0.02091,3.05365,0.01712,0.10656,0.00030,0.00006,
9.514,5.09750,0.01986,3.05365,0.01712,0.10126,0.00030,0.00006,
9.515,5.09750,0.02112,1.61122,1.81996,0.10765,0.00030,0.00006,
9.516,5.09750,0.02028,0.62133,2.11106,0.10339,0.00030,0.00006,
9.517,5.09500,0.02007,3.08056,0.08480,0.10227,0.00030,0.00006,
9.518,5.09625,0.02070,3.08953,0.81539,0.10550,0.00030,0.00006,
9.519,5.10125,0.02070,3.09361,0.82110,0.10560,0.00030,0.00006,
9.520,5.09625,0.02007,3.08790,0.37427,0.10230,0.00030,0.00006,
9.521,5.09625,0.02091,1.75391,0.00652,0.10656,0.00030,0.00006,
9.522,5.09875,0.02091,1.67971,0.01549,0.10661,0.00030,0.00006,
9.523,5.09625,0.02049,3.05528,0.02120,0.10443,0.00030,0.00006,
9.524,5.09625,0.02007,1.01680,1.20189,0.10230,0.00030,0.00006,
9.525,5.09750,0.01945,1.01680,1.20189,0.09913,0.00030,0.00006,
9.526,5.09750,0.02028,0.41993,1.32746,0.10339,0.00030,0.00006,
9.527,5.09500,0.02028,0.87247,1.37801,0.10334,0.00030,0.00006,
9.528,5.09750,0.02007,2.82289,0.00815,0.10233,0.00030,0.00006,
9.529,5.09625,0.01966,3.07566,1.87866,0.10017,0.00030,0.00006,
9.530,5.09625,0.02091,1.63649,1.31767,0.10656,0.00030,0.00006,
9.531,5.09625,0.02091,3.11480,0.02365,0.10656,0.00030,0.00006,
9.532,5.09500,0.01986,3.08137,0.11252,0.10121,0.00030,0.00006,
9.533,5.09500,0.02049,3.05364,0.02446,0.10441,0.00030,0.00006,
9.534,5.09625,0.01986,1.30789,0.16716,0.10123,0.00030,0.00006,
9.535,5.09500,0.01903,3.07240,0.06605,0.09695,0.00030,0.00006,
9.536,5.09750,0.02007,3.07240,0.06605,0.10233,0.00030,0.00006,
9.537,5.09875,0.02070,0.89204,0.82926,0.10555,0.00030,0.00006,
9.538,5.10000,0.01945,3.06670,0.01712,0.09918,0.00030,0.00006,
9.539,5.10000,0.01986,3.07648,1.87867,0.10131,0.00030,0.00006,
9.540,5.09750,0.01986,3.07077,0.03914,0.10126,0.00030,0.00006,
9.541,5.09500,0.02070,3.06588,0.02038,0.10547,0.00030,0.00006,
9.542,5.09875,0.02070,3.18085,0.01142,0.10555,0.00030,0.00006,
9.543,5.10000,0.01986,3.05202,0.01386,0.10131,0.00030,0.00006,
9.544,5.09625,0.02028,2.12981,2.30349,0.10337,0.00030,0.00006,
9.545,5.09750,0.02070,0.66210,1.32502,0.10552,0.00030,0.00006,
9.546,5.10000,0.01945,2.09964,1.26386,0.09918,0.00030,0.00006,
9.547,5.09750,0.02007,2.09964,1.26386,0.10233,0.00030,0.00006,
9.548,5.09750,0.02154,2.47146,2.69895,0.10979,0.00030,0.00006,
9.549,5.09500,0.02154,1.85746,0.00978,0.10973,0.00030,0.00006,
9.550,5.09750,0.02028,3.09115,0.32779,0.10339,0.00030,0.00006,
9.551,5.09750,0.02049,1.96999,0.01060,0.10446,0.00030,0.00006,
9.552,5.09750,0.02133,0.91650,1.25897,0.10872,0.00030,0.00006,
9.553,5.09625,0.01966,3.05609,0.02283,0.10017,0.00030,0.00006,
9.554,5.09750,0.01966,2.87344,1.59165,0.10019,0.00030,0.00006,
9.555,5.09500,0.02049,2.17384,0.73875,0.10441,0.00030,0.00006,
9.556,5.09500,0.01861,3.07892,0.10355,0.09482,0.00030,0.00006,
9.557,5.09500,0.01986,3.07240,0.03343,0.10121,0.00030,0.00006,
9.558,5.09375,0.01986,3.07240,0.03343,0.10118,0.00030,0.00006,
9.559,5.09375,0.01945,0.45744,1.42694,0.09905,0.00030,0.00006,
9.560,5.09875,0.02007,3.09035,1.21575,0.10235,0.00030,0.00006,
9.561,5.09750,0.01903,1.49788,2.53262,0.09700,0.00030,0.00006,
9.562,5.09625,0.02028,0.45254,0.96135,0.10337,0.00030,0.00006,
9.563,5.09750,0.02049,3.05447,0.02038,0.10446,0.00030,0.00006,
9.564,5.09500,0.01966,2.07844,2.39563,0.10014,0.00030,0.00006,
9.565,5.09500,0.01966,2.11432,0.08643,0.10014,0.00030,0.00006,
9.566,5.09500,0.02028,3.07241,0.05545,0.10334,0.00030,0.00006,
9.567,5.09750,0.02028,3.07486,0.05545,0.10339,0.00030,0.00006,
9.568,5.09750,0.01924,1.94798,2.83024,0.09806,0.00030,0.00006,
9.569,5.09875,0.02070,1.94798,2.83024,0.10555,0.00030,0.00006,
9.570,5.09750,0.02028,1.75065,0.93852,0.10339,0.00030,0.00006,
9.571,5.09875,0.01986,3.19064,0.00897,0.10128,0.00030,0.00006,
9.572,5.09875,0.02070,0.97358,1.30871,0.10555,0.00030,0.00006,
9.573,5.09750,0.02070,3.05366,0.02528,0.10552,0.00030,0.00006,
9.574,5.09500,0.01986,3.05366,0.02528,0.10121,0.00030,0.00006,
9.575,5.09500,0.01986,1.05838,1.62019,0.10121,0.00030,0.00006,
9.576,5.09625,0.01986,1.46200,0.02120,0.10123,0.00030,0.00006,
9.577,5.09500,0.02007,3.07812,0.07502,0.10227,0.00030,0.00006,
9.578,5.09625,0.01986,1.83872,1.98386,0.10123,0.00030,0.00006,
9.579,5.09750,0.02112,3.04713,1.04371,0.10765,0.00030,0.00006,
9.580,5.09625,0.02007,3.08709,0.25685,0.10230,0.00030,0.00006,
9.581,5.09875,0.02028,3.08709,0.25685,0.10342,0.00030,0.00006,
9.582,5.09625,0.02112,3.02918,0.82110,0.10763,0.00030,0.00006,
9.583,5.09750,0.01966,3.05608,0.02283,0.10019,0.00030,0.00006,
9.584,5.09750,0.02112,3.07810,0.10926,0.10765,0.00030,0.00006,
9.585,5.09750,0.02112,0.93362,1.20841,0.10765,0.00030,0.00006,
9.586,5.09625,0.02112,2.86284,1.64464,0.10763,0.00030,0.00006,
9.587,5.09750,0.02049,3.09359,0.58382,0.10446,0.00030,0.00006,
9.588,5.09750,0.02091,3.07484,1.85664,0.10659,0.00030,0.00006,
9.589,5.09625,0.02112,3.07647,0.03180,0.10763,0.00030,0.00006,
9.590,5.09750,0.02049,3.09522,1.00864,0.10446,0.00030,0.00006,
9.591,5.09750,0.02070,1.47749,1.17824,0.10552,0.00030,0.00006,
9.592,5.09625,0.02070,1.47749,1.17824,0.10550,0.00030,0.00006,
9.593,5.09875,0.02028,3.05353,0.02283,0.10342,0.00030,0.00006,
9.594,5.09750,0.02112,1.88757,0.01060,0.10765,0.00030,0.00006,
9.595,5.09750,0.02112,2.49909,1.93812,0.10765,0.00030,0.00006,
9.596,5.09625,0.02133,1.50761,0.00326,0.10869,0.00030,0.00006,
9.597,5.09500,0.02007,3.08126,0.06686,0.10227,0.00030,0.00006,
9.598,5.09750,0.02091,3.07555,0.03261,0.10659,0.00030,0.00006,
9.599,5.09625,0.02112,3.07881,0.06604,0.10763,0.00030,0.00006,
9.600,5.09875,0.02028,3.05109,1.21326,0.10342,0.00030,0.00006,
9.601,5.09750,0.02091,0.72812,1.14314,0.10659,0.00030,0.00006,
9.602,5.09750,0.02112,3.07636,0.07257,0.10765,0.00030,0.00006,
9.603,5.09750,0.01986,3.07636,0.07257,0.10126,0.00030,0.00006,
9.604,5.09875,0.01986,2.92126,2.10268,0.10128,0.00030,0.00006,
9.605,5.09500,0.02070,1.30124,0.15654,0.10547,0.00030,0.00006,
9.606,5.09625,0.02028,1.21889,1.32569,0.10337,0.00030,0.00006,
9.607,5.09875,0.01882,3.09410,1.04278,0.09595,0.00030,0.00006,
9.608,5.09500,0.02007,3.07372,0.00897,0.10227,0.00030,0.00006,
9.609,5.09750,0.02007,3.08432,0.14513,0.10233,0.00030,0.00006,
9.610,5.09500,0.01945,1.94859,2.73618,0.09908,0.00030,0.00006,
9.611,5.09375,0.02070,3.07861,1.82548,0.10545,0.00030,0.00006,
9.612,5.09375,0.02007,2.82260,1.82466,0.10225,0.00030,0.00006,
9.613,5.09750,0.02007,3.05415,0.02120,0.10233,0.00030,0.00006,
9.614,5.10000,0.02091,3.05415,0.02120,0.10664,0.00030,0.00006,
9.615,5.09750,0.02070,1.97599,1.17304,0.10552,0.00030,0.00006,
9.616,5.09625,0.01966,2.12762,2.81644,0.10017,0.00030,0.00006,
9.617,5.09625,0.02133,1.84882,0.16467,0.10869,0.00030,0.00006,
9.618,5.10000,0.02091,3.08545,0.29265,0.10664,0.00030,0.00006,
9.619,5.09625,0.02007,3.07322,0.01467,0.10230,0.00030,0.00006,
9.620,5.09750,0.02133,2.32081,2.89877,0.10872,0.00030,0.00006,
9.621,5.09750,0.02133,2.72188,0.68393,0.10872,0.00030,0.00006,
9.622,5.09875,0.02133,1.82355,2.66889,0.10875,0.00030,0.00006,
9.623,5.09625,0.02028,3.05203,0.02038,0.10337,0.00030,0.00006,
9.624,5.10125,0.02112,2.35179,1.54558,0.10773,0.00030,0.00006,
9.625,5.09875,0.02133,2.35179,1.54558,0.10875,0.00030,0.00006,
9.626,5.09625,0.02007,1.31000,1.72411,0.10230,0.00030,0.00006,
9.627,5.09500,0.02049,3.06753,0.02364,0.10441,0.00030,0.00006,
9.628,5.10000,0.02091,3.09035,0.81274,0.10664,0.00030,0.00006,
9.629,5.09625,0.02049,2.39663,0.00408,0.10443,0.00030,0.00006,
9.630,5.09625,0.02133,0.91463,0.86817,0.10869,0.00030,0.00006,
9.631,5.09750,0.02133,1.80970,0.56166,0.10872,0.00030,0.00006,
9.632,5.09375,0.02091,3.08628,1.43961,0.10651,0.00030,0.00006,
9.633,5.09500,0.02007,3.05530,0.01630,0.10227,0.00030,0.00006,
9.634,5.09625,0.02154,3.07568,0.06521,0.10976,0.00030,0.00006,
9.635,5.10000,0.02112,2.69173,2.44228,0.10771,0.00030,0.00006,
9.636,5.09500,0.01986,2.69173,2.44228,0.10121,0.00030,0.00006,
9.637,5.09750,0.02007,3.07569,0.03668,0.10233,0.00030,0.00006,
9.638,5.10000,0.02112,0.85676,2.19774,0.10771,0.00030,0.00006,
9.639,5.10000,0.02007,3.09363,1.15593,0.10238,0.00030,0.00006,
9.640,5.09500,0.02007,2.22219,2.87108,0.10227,0.00030,0.00006,
9.641,5.09625,0.02007,1.68336,2.60370,0.10230,0.00030,0.00006,
9.642,5.09500,0.02070,2.47979,2.97869,0.10547,0.00030,0.00006,
9.643,5.09500,0.02007,3.05450,0.01956,0.10227,0.00030,0.00006,
9.644,5.09875,0.01986,2.40480,0.00815,0.10128,0.00030,0.00006,
9.645,5.10125,0.01986,1.61896,1.72901,0.10133,0.00030,0.00006,
9.646,5.09625,0.02070,2.28741,1.73145,0.10550,0.00030,0.00006,
9.647,5.09500,0.02070,2.28741,1.73145,0.10547,0.00030,0.00006,
9.648,5.09500,0.01986,1.67117,0.12473,0.10121,0.00030,0.00006,
9.649,5.09875,0.01986,1.40623,1.56764,0.10128,0.00030,0.00006,
9.650,5.09875,0.02133,1.79019,2.77577,0.10875,0.00030,0.00006,
9.651,5.09625,0.02112,0.82336,1.87823,0.10763,0.00030,0.00006,
9.652,5.09875,0.02007,1.85948,1.47878,0.10235,0.00030,0.00006,
9.653,5.10000,0.02028,2.73257,0.02690,0.10344,0.00030,0.00006,
9.654,5.09625,0.02175,0.82091,1.16737,0.11082,0.00030,0.00006,
9.655,5.09750,0.01945,1.05488,1.38503,0.09913,0.00030,0.00006,
9.656,5.09500,0.02091,1.06058,0.97172,0.10654,0.00030,0.00006,
9.657,5.09500,0.02112,0.64483,0.78178,0.10760,0.00030,0.00006,
9.658,5.09750,0.02112,0.64483,0.78178,0.10765,0.00030,0.00006,
9.659,5.09625,0.02007,2.64454,1.17716,0.10230,0.00030,0.00006,
9.660,5.09875,0.02091,2.97388,1.08912,0.10661,0.00030,0.00006,
9.661,5.09625,0.02070,2.12117,2.30949,0.10550,0.00030,0.00006,
9.662,5.09750,0.01966,3.09209,0.58695,0.10019,0.00030,0.00006,
9.663,5.09750,0.02133,3.04888,0.01223,0.10872,0.00030,0.00006,
9.664,5.09875,0.02070,1.96873,0.00571,0.10555,0.00030,0.00006,
9.665,5.09750,0.01924,2.19862,0.42472,0.09806,0.00030,0.00006,
9.666,5.09750,0.02070,2.40487,2.63639,0.10552,0.00030,0.00006,
9.667,5.09750,0.02070,3.09127,1.14537,0.10552,0.00030,0.00006,
9.668,5.09625,0.02049,3.00894,0.87390,0.10443,0.00030,0.00006,
9.669,5.09750,0.01986,3.00894,0.87390,0.10126,0.00030,0.00006,
9.670,5.09875,0.02028,2.31541,0.20790,0.10342,0.00030,0.00006,
9.671,5.09500,0.02028,2.01620,2.77197,0.10334,0.00030,0.00006,
9.672,5.09625,0.02028,0.89111,1.43246,0.10337,0.00030,0.00006,
9.673,5.09500,0.01986,3.05406,0.01875,0.10121,0.00030,0.00006,
9.674,5.09875,0.01945,3.07771,0.10925,0.09915,0.00030,0.00006,
9.675,5.09875,0.02216,1.87924,1.94283,0.11301,0.00030,0.00006,
9.676,5.09625,0.02216,1.06803,1.31995,0.11296,0.00030,0.00006,
9.677,5.09500,0.01986,3.07771,0.09131,0.10121,0.00030,0.00006,
9.678,5.09750,0.02070,3.09483,0.71501,0.10552,0.00030,0.00006,
9.679,5.09875,0.02070,3.13722,0.01304,0.10555,0.00030,0.00006,
9.680,5.09625,0.01903,3.13722,0.01304,0.09697,0.00030,0.00006,
9.681,5.09875,0.02007,2.14192,1.18878,0.10235,0.00030,0.00006,
9.682,5.09500,0.02007,3.06978,0.02528,0.10227,0.00030,0.00006,
9.683,5.09375,0.01903,3.05347,0.02609,0.09692,0.00030,0.00006,
9.684,5.09375,0.02028,3.10892,0.01875,0.10331,0.00030,0.00006,
9.685,5.09500,0.02028,2.45012,0.83002,0.10334,0.00030,0.00006,
9.686,5.09875,0.02070,1.98374,0.16878,0.10555,0.00030,0.00006,
9.687,5.09750,0.02007,2.91568,1.37794,0.10233,0.00030,0.00006,
9.688,5.09625,0.01882,2.11093,2.90182,0.09591,0.00030,0.00006,
9.689,5.09625,0.01966,2.12561,0.00000,0.10017,0.00030,0.00006,
9.690,5.09250,0.01966,0.63271,0.78844,0.10010,0.00030,0.00006,
9.691,5.09625,0.01966,0.63271,0.78844,0.10017,0.00030,0.00006,
9.692,5.09625,0.01945,1.51356,0.15821,0.09910,0.00030,0.00006,
9.693,5.09625,0.01945,3.05323,0.01713,0.09910,0.00030,0.00006,
9.694,5.09750,0.01924,3.08666,0.18186,0.09806,0.00030,0.00006,
9.695,5.09750,0.01924,2.21000,0.28298,0.09806,0.00030,0.00006,
9.696,5.09500,0.01986,3.07932,1.88380,0.10121,0.00030,0.00006,
9.697,5.09750,0.01966,0.41917,1.95149,0.10019,0.00030,0.00006,
9.698,5.09750,0.01903,2.32825,2.90317,0.09700,0.00030,0.00006,
9.699,5.10125,0.01986,3.07117,1.52417,0.10133,0.00030,0.00006,
9.700,5.09625,0.02028,0.53904,1.73701,0.10337,0.00030,0.00006,
9.701,5.09500,0.01945,0.55291,1.01774,0.09908,0.00030,0.00006,
9.702,5.09500,0.01966,0.55291,1.01774,0.10014,0.00030,0.00006,
9.703,5.09625,0.01966,3.05974,0.01876,0.10017,0.00030,0.00006,
9.704,5.09875,0.02028,1.37819,0.01142,0.10342,0.00030,0.00006,
9.705,5.09750,0.02112,2.43099,2.55576,0.10765,0.00030,0.00006,
9.706,5.09625,0.01945,0.52844,1.69460,0.09910,0.00030,0.00006,
9.707,5.09875,0.02070,2.41713,2.95862,0.10555,0.00030,0.00006,
9.708,5.09750,0.02070,1.30153,1.79572,0.10552,0.00030,0.00006,
9.709,5.09500,0.02007,1.94333,0.00652,0.10227,0.00030,0.00006,
9.710,5.09750,0.02028,2.85505,1.68563,0.10339,0.00030,0.00006,
9.711,5.09750,0.02133,2.98390,1.01448,0.10872,0.00030,0.00006,
9.712,5.09875,0.02133,2.24506,2.42365,0.10875,0.00030,0.00006,
9.713,5.09500,0.01966,2.24506,2.42365,0.10014,0.00030,0.00006,
9.714,5.09750,0.01966,2.49461,2.70093,0.10019,0.00030,0.00006,
9.715,5.09750,0.02049,2.70419,0.87095,0.10446,0.00030,0.00006,
9.716,5.09875,0.01945,2.37718,1.60408,0.09915,0.00030,0.00006,
9.717,5.09750,0.02028,1.38472,1.86749,0.10339,0.00030,0.00006,
9.718,5.09875,0.02070,2.20755,0.25607,0.10555,0.00030,0.00006,
9.719,5.09625,0.01903,1.74027,0.93048,0.09697,0.00030,0.00006,
9.720,5.09625,0.01986,2.09257,2.40001,0.10123,0.00030,0.00006,
9.721,5.09625,0.01986,2.56637,1.92131,0.10123,0.00030,0.00006,
9.722,5.09500,0.02028,2.35026,2.91377,0.10334,0.00030,0.00006,
9.723,5.09750,0.01986,3.05485,0.02854,0.10126,0.00030,0.00006,
9.724,5.09625,0.01966,3.05485,0.02854,0.10017,0.00030,0.00006,
9.725,5.09500,0.02049,1.39205,0.00245,0.10441,0.00030,0.00006,
9.726,5.09500,0.01882,1.23303,0.02936,0.09588,0.00030,0.00006,
9.727,5.09750,0.01966,2.04444,2.22548,0.10019,0.00030,0.00006,
9.728,5.09500,0.01903,1.00387,1.10826,0.09695,0.00030,0.00006,
9.729,5.09625,0.02091,3.07197,0.02528,0.10656,0.00030,0.00006,
9.730,5.09625,0.02091,2.47421,1.93272,0.10656,0.00030,0.00006,
9.731,5.09750,0.01882,1.54373,1.68318,0.09593,0.00030,0.00006,
9.732,5.09500,0.02070,2.78736,1.54292,0.10547,0.00030,0.00006,
9.733,5.09875,0.02028,3.05484,0.02446,0.10342,0.00030,0.00006,
9.734,5.09500,0.01966,3.05729,1.36921,0.10014,0.00030,0.00006,
9.735,5.09875,0.01882,3.05729,1.36921,0.09595,0.00030,0.00006,
9.736,5.09500,0.02070,3.05729,1.36921,0.10547,0.00030,0.00006,
9.737,5.09500,0.01986,2.77024,2.39348,0.10121,0.00030,0.00006,
9.738,5.09625,0.01986,1.64975,2.05505,0.10123,0.00030,0.00006,
9.739,5.09625,0.02028,3.07279,0.02610,0.10337,0.00030,0.00006,
9.740,5.09250,0.02028,2.56392,1.93354,0.10329,0.00030,0.00006,
9.741,5.09625,0.02007,2.40979,1.66361,0.10230,0.00030,0.00006,
9.742,5.09500,0.02007,3.09480,0.26422,0.10227,0.00030,0.00006,
9.743,5.09625,0.02091,3.05729,0.01631,0.10656,0.00030,0.00006,
9.744,5.09750,0.02091,3.06952,1.83813,0.10659,0.00030,0.00006,
9.745,5.09750,0.02007,2.46280,1.43527,0.10233,0.00030,0.00006,
9.746,5.09250,0.02007,2.99531,0.97941,0.10222,0.00030,0.00006,
9.747,5.09875,0.02112,2.99531,0.97941,0.10768,0.00030,0.00006,
9.748,5.09875,0.02112,1.29255,1.17512,0.10768,0.00030,0.00006,
9.749,5.09625,0.01945,3.09804,0.87747,0.09910,0.00030,0.00006,
9.750,5.09625,0.01966,0.57084,1.82669,0.10017,0.00030,0.00006,
9.751,5.09750,0.02049,2.84035,1.76145,0.10446,0.00030,0.00006,
9.752,5.09500,0.01924,3.07928,0.04648,0.09801,0.00030,0.00006,
9.753,5.09875,0.02028,3.05645,0.01957,0.10342,0.00030,0.00006,
9.754,5.09750,0.02070,3.09233,1.44749,0.10552,0.00030,0.00006,
9.755,5.09500,0.02028,1.95636,2.00692,0.10334,0.00030,0.00006,
9.756,5.09875,0.02049,3.06461,1.47848,0.10448,0.00030,0.00006,
9.757,5.09875,0.01966,3.07684,1.82669,0.10022,0.00030,0.00006,
9.758,5.09875,0.01966,3.07684,1.82669,0.10022,0.00030,0.00006,
9.759,5.09625,0.01966,1.90739,0.04648,0.10017,0.00030,0.00006,
9.760,5.09750,0.01924,3.09553,0.93209,0.09806,0.00030,0.00006,
9.761,5.09875,0.01924,2.21972,2.63724,0.09809,0.00030,0.00006,
9.762,5.09625,0.02070,0.65972,0.77307,0.10550,0.00030,0.00006,
9.763,5.09375,0.01966,3.05802,0.01794,0.10012,0.00030,0.00006,
9.764,5.09375,0.01966,3.07025,0.02283,0.10012,0.00030,0.00006,
9.765,5.09375,0.02133,2.80196,1.59506,0.10864,0.00030,0.00006,
9.766,5.09375,0.02091,1.35042,0.03914,0.10651,0.00030,0.00006,
9.767,5.09500,0.02091,1.01771,1.12046,0.10654,0.00030,0.00006,
9.768,5.09625,0.02007,0.46482,0.97367,0.10230,0.00030,0.00006,
9.769,5.09875,0.02049,0.46482,0.97367,0.10448,0.00030,0.00006,
9.770,5.09500,0.02028,1.91793,1.41235,0.10334,0.00030,0.00006,
9.771,5.09500,0.02007,3.06200,1.74587,0.10227,0.00030,0.00006,
9.772,5.10000,0.02175,2.41698,2.68526,0.11091,0.00030,0.00006,
9.773,5.09500,0.02028,3.05303,0.02283,0.10334,0.00030,0.00006,
9.774,5.09875,0.01986,1.87145,2.04514,0.10128,0.00030,0.00006,
9.775,5.09875,0.02028,1.37077,1.99784,0.10342,0.00030,0.00006,
9.776,5.09750,0.02028,2.26286,2.95436,0.10339,0.00030,0.00006,
9.777,5.09625,0.02112,1.78257,0.04403,0.10763,0.00030,0.00006,
9.778,5.09875,0.01966,0.54146,1.05926,0.10022,0.00030,0.00006,
9.779,5.09625,0.02028,0.86519,2.02312,0.10337,0.00030,0.00006,
9.780,5.09750,0.01945,0.86519,2.02312,0.09913,0.00030,0.00006,
9.781,5.09625,0.02007,2.88262,1.54038,0.10230,0.00030,0.00006,
9.782,5.09750,0.02007,1.83395,2.79047,0.10233,0.00030,0.00006,
9.783,5.09625,0.02112,3.05304,0.02039,0.10763,0.00030,0.00006,
9.784,5.09625,0.02112,1.75729,1.91223,0.10763,0.00030,0.00006,
9.785,5.09625,0.02112,2.32485,1.06498,0.10763,0.00030,0.00006,
9.786,5.09500,0.01966,0.99322,1.55751,0.10014,0.00030,0.00006,
9.787,5.09875,0.02133,1.90000,0.12558,0.10875,0.00031,0.00006,
9.788,5.09625,0.02091,1.94403,2.29468,0.10656,0.00031,0.00006,
9.789,5.09875,0.01986,0.97202,0.37511,0.10128,0.00031,0.00006,
9.790,5.09625,0.02133,2.49691,2.96824,0.10869,0.00031,0.00006,
9.791,5.09625,0.02070,2.49691,2.96824,0.10550,0.00031,0.00006,
9.792,5.09750,0.02049,1.80296,1.76382,0.10446,0.00031,0.00006,
9.793,5.09750,0.02091,3.05712,0.02446,0.10659,0.00031,0.00006,
9.794,5.09750,0.02049,0.48682,2.03210,0.10446,0.00031,0.00006,
9.795,5.09750,0.02049,1.83232,1.46536,0.10446,0.00031,0.00006,
9.796,5.09625,0.02028,1.32429,0.13700,0.10337,0.00031,0.00006,
9.797,5.09875,0.02028,1.68146,0.13700,0.10342,0.00031,0.00006,
9.798,5.09750,0.02049,0.64013,1.50124,0.10446,0.00031,0.00006,
9.799,5.09750,0.02007,0.47867,1.54365,0.10233,0.00031,0.00006,
9.800,5.09750,0.01966,2.88588,1.51674,0.10019,0.00031,0.00006,
9.801,5.09625,0.02070,2.33056,2.98047,0.10550,0.00031,0.00006,
9.802,5.09625,0.02007,2.33056,2.98047,0.10230,0.00031,0.00006,
9.803,5.09750,0.02007,3.05716,0.02039,0.10233,0.00031,0.00006,
9.804,5.09500,0.02007,3.09141,0.99649,0.10227,0.00031,0.00006,
9.805,5.09875,0.02049,1.69453,1.78830,0.10448,0.00031,0.00006,
9.806,5.09500,0.01986,0.99812,1.10087,0.10121,0.00031,0.00006,
9.807,5.09625,0.02028,2.03131,1.61053,0.10337,0.00031,0.00006,
9.808,5.09625,0.01986,0.43953,1.39607,0.10123,0.00031,0.00006,
9.809,5.09750,0.02070,1.71328,0.53820,0.10552,0.00031,0.00006,
9.810,5.09750,0.02091,0.59773,0.86194,0.10659,0.00031,0.00006,
9.811,5.09750,0.02007,1.20933,1.31941,0.10233,0.00031,0.00006,
9.812,5.09750,0.02007,2.49857,2.71385,0.10233,0.00031,0.00006,
9.813,5.09875,0.02112,2.49857,2.71385,0.10768,0.00031,0.00006,
9.814,5.09375,0.02112,2.31264,1.72795,0.10758,0.00031,0.00006,
9.815,5.09750,0.02007,2.12427,1.13104,0.10233,0.00031,0.00006,
9.816,5.09750,0.02091,3.09547,0.44769,0.10659,0.00031,0.00006,
9.817,5.10000,0.02112,1.61705,1.00383,0.10771,0.00031,0.00006,
9.818,5.09750,0.02007,1.64396,2.05169,0.10233,0.00031,0.00006,
9.819,5.09875,0.02070,2.17401,1.21095,0.10555,0.00031,0.00006,
9.820,5.09875,0.02133,1.65375,2.07126,0.10875,0.00031,0.00006,
9.821,5.09500,0.02133,3.08487,1.57383,0.10867,0.00031,0.00006,
9.822,5.09750,0.02007,2.70976,2.30693,0.10233,0.00031,0.00006,
9.823,5.09500,0.02154,3.05307,0.02365,0.10973,0.00031,0.00006,
9.824,5.09750,0.02112,3.05307,0.02365,0.10765,0.00031,0.00006,
9.825,5.09750,0.01945,1.67739,0.99404,0.09913,0.00031,0.00006,
9.826,5.09625,0.02112,3.09302,0.33597,0.10763,0.00031,0.00006,
9.827,5.09500,0.02028,1.83070,0.03017,0.10334,0.00031,0.00006,
9.828,5.09875,0.01986,1.18078,1.09597,0.10128,0.00031,0.00006,
9.829,5.09875,0.02112,2.31589,1.48739,0.10768,0.00031,0.00006,
9.830,5.09875,0.02112,1.42134,0.15983,0.10768,0.00031,0.00006,
9.831,5.09750,0.02112,2.37705,2.61516,0.10765,0.00031,0.00006,
9.832,5.09625,0.02028,1.74752,1.89267,0.10337,0.00031,0.00006,
9.833,5.09750,0.01966,3.05306,0.01957,0.10019,0.00031,0.00006,
9.834,5.09625,0.02070,2.21885,1.32593,0.10550,0.00031,0.00006,
9.835,5.09750,0.01882,2.21885,1.32593,0.09593,0.00031,0.00006,
9.836,5.09750,0.01966,2.56053,2.50508,0.10019,0.00031,0.00006,
9.837,5.09750,0.02028,0.69477,1.34795,0.10339,0.00031,0.00006,
9.838,5.09750,0.01966,1.01361,1.11880,0.10019,0.00031,0.00006,
9.839,5.09625,0.01966,1.23949,0.06361,0.10017,0.00031,0.00006,
9.840,5.09875,0.02070,1.48984,1.62276,0.10555,0.00031,0.00006,
9.841,5.09500,0.01945,2.12100,2.31508,0.09908,0.00031,0.00006,
9.842,5.09625,0.02112,1.80134,0.91086,0.10763,0.00031,0.00006,
9.843,5.09750,0.02049,3.05143,0.01305,0.10446,0.00031,0.00006,
9.844,5.09625,0.02007,0.49417,1.25417,0.10230,0.00031,0.00006,
9.845,5.09500,0.02112,1.85027,1.54610,0.10760,0.00031,0.00006,
9.846,5.09625,0.02028,1.85027,1.54610,0.10337,0.00031,0.00006,
9.847,5.09625,0.02007,2.33873,0.23974,0.10230,0.00031,0.00006,
9.848,5.09750,0.02007,2.46594,2.67470,0.10233,0.00031,0.00006,
9.849,5.09375,0.02070,2.24088,1.66353,0.10545,0.00031,0.00006,
9.850,5.09500,0.02112,0.67112,0.77061,0.10760,0.00031,0.00006,
9.851,5.09500,0.02049,3.00578,0.91331,0.10441,0.00031,0.00006,
9.852,5.09625,0.02112,1.42868,2.11693,0.10763,0.00031,0.00006,
9.853,5.09500,0.02070,3.05389,0.02120,0.10547,0.00031,0.00006,
9.854,5.09375,0.02028,3.09548,0.71026,0.10331,0.00031,0.00006,
9.855,5.09875,0.02007,1.84130,1.53714,0.10235,0.00031,0.00006,
9.856,5.09875,0.02133,2.44719,2.96827,0.10875,0.00031,0.00006,
9.857,5.09625,0.02133,2.44719,2.96827,0.10869,0.00031,0.00006,
9.858,5.09875,0.01945,1.71245,0.36777,0.09915,0.00031,0.00006,
9.859,5.09625,0.02070,1.99379,2.14383,0.10550,0.00031,0.00006,
9.860,5.09625,0.02007,0.48275,1.19546,0.10230,0.00031,0.00006,
9.861,5.09500,0.02007,3.09220,0.53820,0.10227,0.00031,0.00006,
9.862,5.09875,0.01966,0.69314,0.77550,0.10022,0.00031,0.00006,
9.863,5.09500,0.02112,3.05306,0.01794,0.10760,0.00031,0.00006,
9.864,5.09625,0.01986,2.37134,1.58524,0.10123,0.00031,0.00006,
9.865,5.09625,0.02028,2.25147,1.08863,0.10337,0.00031,0.00006,
9.866,5.09625,0.02028,2.02477,0.02773,0.10337,0.00031,0.00006,
9.867,5.09750,0.02007,1.78421,0.54635,0.10233,0.00031,0.00006,
9.868,5.09750,0.01945,1.78421,0.54635,0.09913,0.00031,0.00006,
9.869,5.09875,0.01924,2.33383,1.70022,0.09809,0.00031,0.00006,
9.870,5.09625,0.01986,3.08160,1.83396,0.10123,0.00031,0.00006,
9.871,5.09625,0.02007,3.09220,0.37592,0.10230,0.00031,0.00006,
9.872,5.09875,0.02133,0.70781,2.05005,0.10875,0.00031,0.00006,
9.873,5.09625,0.02007,3.05388,0.01631,0.10230,0.00031,0.00006,
9.874,5.09625,0.02112,0.56756,1.24601,0.10763,0.00031,0.00006,
9.875,5.09625,0.02112,1.93100,1.35610,0.10763,0.00031,0.00006,
9.876,5.09875,0.02028,2.89405,1.49147,0.10342,0.00031,0.00006,
9.877,5.09500,0.02049,1.50288,0.07910,0.10441,0.00031,0.00006,
9.878,5.09875,0.02112,1.78748,0.18103,0.10768,0.00031,0.00006,
9.879,5.09625,0.02112,1.78748,0.18103,0.10763,0.00031,0.00006,
9.880,5.09750,0.02007,3.09058,1.26722,0.10233,0.00031,0.00006,
9.881,5.09875,0.02133,3.07101,1.58443,0.10875,0.00031,0.00006,
9.882,5.09750,0.01986,0.42078,1.34387,0.10126,0.00031,0.00006,
9.883,5.09750,0.02070,3.05307,0.01957,0.10552,0.00031,0.00006,
9.884,5.09750,0.02070,2.49856,1.94487,0.10552,0.00031,0.00006,
9.885,5.09750,0.02007,2.83616,2.28817,0.10233,0.00031,0.00006,
9.886,5.09875,0.02007,1.23786,1.16937,0.10235,0.00031,0.00006,
9.887,5.09750,0.01986,1.65375,0.14760,0.10126,0.00031,0.00006,
9.888,5.09875,0.01966,1.66843,1.33246,0.10022,0.00031,0.00006,
9.889,5.09500,0.02049,1.17018,0.05056,0.10441,0.00031,0.00006,
9.890,5.09625,0.02049,1.17018,0.05056,0.10443,0.00031,0.00006,
9.891,5.09750,0.01945,1.72633,0.02773,0.09913,0.00031,0.00006,
9.892,5.09625,0.02175,1.97913,2.32081,0.11082,0.00031,0.00006,
9.893,5.09625,0.02049,3.05228,0.02283,0.10443,0.00031,0.00006,
9.894,5.09250,0.02049,1.90084,0.90679,0.10435,0.00031,0.00006,
9.895,5.09250,0.02049,2.08921,1.25744,0.10435,0.00031,0.00006,
9.896,5.09875,0.02091,0.36859,1.70758,0.10661,0.00031,0.00006,
9.897,5.09750,0.02028,1.71410,1.79239,0.10339,0.00031,0.00006,
9.898,5.09875,0.01966,1.71410,1.79239,0.10022,0.00031,0.00006,
9.899,5.09500,0.02091,1.24032,1.17263,0.10654,0.00031,0.00006,
9.900,5.09625,0.02070,2.15690,1.18405,0.10550,0.00031,0.00006,
9.901,5.09500,0.02049,3.08734,1.73123,0.10441,0.00031,0.00006,
9.902,5.09500,0.02070,3.08734,1.73123,0.10547,0.00031,0.00006,
9.903,5.09875,0.02070,3.05309,0.02120,0.10555,0.00031,0.00006,
9.904,5.09500,0.02091,1.32921,1.21341,0.10654,0.00031,0.00006,
9.905,5.09375,0.02028,1.42625,1.81604,0.10331,0.00031,0.00006,
9.906,5.09375,0.02007,1.57629,2.00849,0.10225,0.00031,0.00006,
9.907,5.09750,0.02112,1.56569,0.93126,0.10765,0.00031,0.00006,
9.908,5.09500,0.01945,3.10039,1.23217,0.09908,0.00031,0.00006,
9.909,5.09375,0.01966,3.08653,0.22915,0.10012,0.00031,0.00006,
9.910,5.09750,0.02028,3.09224,1.31779,0.10339,0.00031,0.00006,
9.911,5.09750,0.01966,1.10658,2.33141,0.10019,0.00031,0.00006,
9.912,5.09625,0.01966,0.82280,0.86439,0.10017,0.00031,0.00006,
9.913,5.09625,0.01966,0.82280,0.86439,0.10017,0.00031,0.00006,
9.914,5.09625,0.02112,3.03350,1.62765,0.10763,0.00031,0.00006,
9.915,5.09625,0.01861,3.12646,1.09924,0.09484,0.00031,0.00006,
9.916,5.09625,0.02007,2.42517,1.67250,0.10230,0.00031,0.00006,
9.917,5.09625,0.02112,2.35504,2.92015,0.10763,0.00031,0.00006,
9.918,5.09500,0.02007,0.39957,1.67413,0.10227,0.00031,0.00006,
9.919,5.09500,0.01986,2.89079,1.47598,0.10121,0.00031,0.00006,
9.920,5.09500,0.02028,0.62872,1.45314,0.10334,0.00031,0.00006,
9.921,5.09500,0.02028,0.36288,1.81358,0.10334,0.00031,0.00006,
9.922,5.09750,0.01986,2.63393,0.83666,0.10126,0.00031,0.00006,
9.923,5.09875,0.01945,3.05470,0.02365,0.09915,0.00031,0.00006,
9.924,5.09375,0.01903,3.05470,0.02365,0.09692,0.00031,0.00006,
9.925,5.09625,0.01966,0.97201,1.28269,0.10017,0.00031,0.00006,
9.926,5.09750,0.02007,2.82714,1.82496,0.10233,0.00031,0.00006,
9.927,5.09500,0.01882,1.01604,0.25523,0.09588,0.00031,0.00006,
9.928,5.09750,0.02112,1.91710,0.02609,0.10765,0.00031,0.00006,
9.929,5.09750,0.02028,1.01033,2.29384,0.10339,0.00031,0.00006,
9.930,5.09625,0.02028,2.50911,1.93504,0.10337,0.00031,0.00006,
9.931,5.09750,0.01966,2.35989,2.55886,0.10019,0.00031,0.00006,
9.932,5.09750,0.02049,0.45012,1.42784,0.10446,0.00031,0.00006,
9.933,5.09625,0.02049,3.06198,0.01305,0.10443,0.00031,0.00006,
9.934,5.09875,0.01903,2.35418,1.03072,0.09702,0.00031,0.00006,
9.935,5.09750,0.02091,2.35418,1.03072,0.10659,0.00031,0.00006,
9.936,5.09625,0.02028,1.49057,0.00489,0.10337,0.00031,0.00006,
9.937,5.09875,0.02028,1.71237,2.10539,0.10342,0.00031,0.00006,
9.938,5.09875,0.02070,2.43237,0.82357,0.10555,0.00031,0.00006,
9.939,5.09500,0.02070,1.77760,0.90511,0.10547,0.00031,0.00006,
9.940,5.09750,0.02091,1.44165,0.03832,0.10659,0.00031,0.00006,
9.941,5.09500,0.01966,2.55550,1.88605,0.10014,0.00031,0.00006,
9.942,5.09625,0.02049,1.29977,0.01386,0.10443,0.00031,0.00006,
9.943,5.09750,0.02070,3.05290,0.01631,0.10552,0.00031,0.00006,
9.944,5.09625,0.02049,2.85720,1.88116,0.10443,0.00031,0.00006,
9.945,5.09625,0.01966,2.10458,0.60993,0.10017,0.00031,0.00006,
9.946,5.09625,0.02070,2.10458,0.60993,0.10550,0.00031,0.00006,
9.947,5.09625,0.01986,1.81426,1.45141,0.10123,0.00031,0.00006,
9.948,5.09875,0.01986,1.97408,2.75116,0.10128,0.00031,0.00006,
9.949,5.09375,0.01924,2.28067,1.42858,0.09799,0.00031,0.00006,
9.950,5.09750,0.02028,1.69848,1.77676,0.10339,0.00031,0.00006,
9.951,5.09625,0.02007,2.15592,0.29599,0.10230,0.00031,0.00006,
9.952,5.09625,0.01861,0.75832,1.05513,0.09484,0.00031,0.00006,
9.953,5.09625,0.02007,3.05530,0.02691,0.10230,0.00031,0.00006,
9.954,5.09750,0.02007,1.31116,0.05055,0.10233,0.00031,0.00006,
9.955,5.09875,0.01924,1.78165,1.56475,0.09809,0.00031,0.00006,
9.956,5.09875,0.02007,1.47669,0.06523,0.10235,0.00031,0.00006,
9.957,5.09500,0.02007,1.47669,0.06523,0.10227,0.00031,0.00006,
9.958,5.10125,0.02007,1.30464,0.14270,0.10240,0.00031,0.00006,
9.959,5.09875,0.02028,1.73354,2.12901,0.10342,0.00031,0.00006,
9.960,5.09500,0.01945,1.98224,0.12313,0.09908,0.00031,0.00006,
9.961,5.09250,0.02091,1.59737,0.02365,0.10648,0.00031,0.00006,
9.962,5.09500,0.02133,1.89907,0.90917,0.10867,0.00031,0.00006,
9.963,5.09750,0.01986,3.05776,0.01875,0.10126,0.00031,0.00006,
9.964,5.09625,0.02028,1.35764,0.75751,0.10337,0.00031,0.00006,
9.965,5.09625,0.02112,2.77073,2.15266,0.10763,0.00031,0.00006,
9.966,5.10000,0.02112,1.38700,1.46691,0.10771,0.00031,0.00006,
9.967,5.09875,0.01966,3.11076,1.16113,0.10022,0.00031,0.00006,
9.968,5.09750,0.02112,3.11076,1.16113,0.10765,0.00031,0.00006,
9.969,5.09625,0.02028,1.75474,1.53784,0.10337,0.00031,0.00006,
9.970,5.09875,0.01945,0.62786,1.46690,0.09915,0.00031,0.00006,
9.971,5.09750,0.02049,1.36335,0.14677,0.10446,0.00031,0.00006,
9.972,5.09750,0.02049,0.87411,1.09508,0.10446,0.00031,0.00006,
9.973,5.09500,0.01924,3.05530,0.01875,0.09801,0.00031,0.00006,
9.974,5.09500,0.02028,0.86758,1.07633,0.10334,0.00031,0.00006,
9.975,5.09625,0.02028,2.78377,2.16570,0.10337,0.00031,0.00006,
9.976,5.09750,0.02028,1.88520,0.61807,0.10339,0.00031,0.00006,
9.977,5.09500,0.02007,1.36905,0.06197,0.10227,0.00031,0.00006,
9.978,5.09875,0.01966,2.08986,2.40216,0.10022,0.00031,0.00006,
9.979,5.09500,0.01882,2.08986,2.40216,0.09588,0.00031,0.00006,
9.980,5.09875,0.02028,1.38536,2.03523,0.10342,0.00031,0.00006,
9.981,5.09500,0.02007,0.95239,1.62998,0.10227,0.00031,0.00006,
9.982,5.09750,0.01945,0.52756,1.14074,0.09913,0.00031,0.00006,
9.983,5.09750,0.02028,3.05448,0.02202,0.10339,0.00031,0.00006,
9.984,5.09750,0.02028,1.78246,0.13454,0.10339,0.00031,0.00006,
9.985,5.09875,0.01986,2.22848,0.97196,0.10128,0.00031,0.00006,
9.986,5.09625,0.02007,1.62917,0.49332,0.10230,0.00031,0.00006,
9.987,5.09625,0.02091,2.65738,1.19048,0.10656,0.00031,0.00006,
9.988,5.09500,0.01966,2.48533,0.76892,0.10014,0.00031,0.00006,
9.989,5.09750,0.01945,2.00588,0.03099,0.09913,0.00031,0.00006,
9.990,5.09875,0.02133,2.00588,0.03099,0.10875,0.00031,0.00006,
9.991,5.09625,0.02007,2.67940,0.60258,0.10230,0.00031,0.00006,
9.992,5.09625,0.02133,0.81703,0.77871,0.10869,0.00031,0.00006,
9.993,5.09500,0.02133,3.05611,0.02365,0.10867,0.00031,0.00006,
9.994,5.09625,0.01966,1.95696,0.08154,0.10017,0.00031,0.00006,
9.995,5.09625,0.01966,1.49789,0.88226,0.10017,0.00031,0.00006,
9.996,5.09875,0.02028,2.63292,0.85943,0.10342,0.00031,0.00006,
9.997,5.09750,0.02070,1.74414,0.14840,0.10552,0.00031,0.00006,
9.998,5.09750,0.02007,2.40542,1.89335,0.10233,0.00031,0.00006,
9.999,5.09500,0.02049,1.28099,0.02854,0.10441,0.00031,0.00006,
10.000,5.09625,0.02070,1.34459,0.00082,0.10550,0.00031,0.00006,
10.001,5.09625,0.01986,1.34459,0.00082,0.10123,0.00031,0.00006,
10.002,5.09750,0.01986,1.60552,2.84900,0.10126,0.00031,0.00006,
10.003,5.09625,0.02070,3.05529,0.01875,0.10550,0.00031,0.00006,
10.004,5.09625,0.02028,1.37394,1.78327,0.10337,0.00031,0.00006,
10.005,5.09625,0.02028,0.86188,1.41879,0.10337,0.00031,0.00006,
10.006,5.09750,0.02028,2.02382,0.30985,0.10339,0.00031,0.00006,
10.007,5.09750,0.02007,2.28719,1.77186,0.10233,0.00031,0.00006,
10.008,5.09625,0.02133,1.61693,2.02545,0.10869,0.00031,0.00006,
10.009,5.09750,0.02049,1.62590,0.41014,0.10446,0.00031,0.00006,
10.010,5.09750,0.02007,2.29453,0.24788,0.10233,0.00031,0.00006,
10.011,5.09625,0.02007,2.03686,0.11905,0.10230,0.00031,0.00006,
10.012,5.09750,0.02112,2.03686,0.11905,0.10765,0.00031,0.00006,
10.013,5.09625,0.02154,3.05774,0.01468,0.10976,0.00031,0.00006,
10.014,5.10000,0.01986,2.38585,1.88927,0.10131,0.00031,0.00006,
10.015,5.09625,0.02133,2.94358,2.69244,0.10869,0.00031,0.00006,
10.016,5.09500,0.02133,2.08008,0.02935,0.10867,0.00031,0.00006,
10.017,5.09500,0.02007,1.13095,1.26631,0.10227,0.00031,0.00006,
10.018,5.09750,0.02112,1.21412,1.20026,0.10765,0.00031,0.00006,
10.019,5.09750,0.02049,1.74658,0.40851,0.10446,0.00031,0.00006,
10.020,5.09500,0.02049,2.18200,0.29762,0.10441,0.00031,0.00006,
10.021,5.09750,0.02007,2.82698,1.70907,0.10233,0.00031,0.00006,
10.022,5.09500,0.02133,2.43396,0.83170,0.10867,0.00031,0.00006,
10.023,5.09750,0.02091,2.43396,0.83170,0.10659,0.00031,0.00006,
10.024,5.09250,0.01945,1.30953,2.10209,0.09903,0.00031,0.00006,
10.025,5.09875,0.02007,1.89335,0.90591,0.10235,0.00031,0.00006,
10.026,5.09625,0.02133,2.25620,1.78490,0.10869,0.00031,0.00006,
10.027,5.09750,0.01966,1.91292,0.34084,0.10019,0.00031,0.00006,
10.028,5.09625,0.02049,0.83252,1.84035,0.10443,0.00031,0.00006,
10.029,5.09625,0.02049,1.34214,0.14351,0.10443,0.00031,0.00006,
10.030,5.09750,0.02007,1.35193,1.77186,0.10233,0.00031,0.00006,
10.031,5.09750,0.02028,1.38373,0.16716,0.10339,0.00031,0.00006,
10.032,5.09375,0.01966,2.20728,1.30708,0.10012,0.00031,0.00006,
10.033,5.09625,0.01903,3.05366,0.01386,0.09697,0.00031,0.00006,
10.034,5.09750,0.01945,3.05366,0.01386,0.09913,0.00031,0.00006,
10.035,5.09625,0.02028,1.50685,1.75473,0.10337,0.00031,0.00006,
10.036,5.09500,0.01966,2.16243,0.88389,0.10014,0.00031,0.00006,
10.037,5.09375,0.02070,3.06915,1.65689,0.10545,0.00031,0.00006,
10.038,5.09375,0.02070,2.37525,1.59981,0.10545,0.00031,0.00006,
10.039,5.09500,0.02049,2.62313,1.18559,0.10441,0.00031,0.00006,
10.040,5.09625,0.02091,1.67075,0.15003,0.10656,0.00031,0.00006,
10.041,5.09625,0.02112,1.47179,0.03180,0.10763,0.00031,0.00006,
10.042,5.09750,0.02049,2.27903,0.73956,0.10446,0.00031,0.00006,
10.043,5.09750,0.02049,3.05611,0.01468,0.10446,0.00031,0.00006,
10.044,5.09500,0.02112,2.95174,1.94472,0.10760,0.00031,0.00006,
10.045,5.09500,0.02091,2.95174,1.94472,0.10654,0.00031,0.00006,
10.046,5.09750,0.02028,0.38161,1.75474,0.10339,0.00031,0.00006,
10.047,5.09750,0.02091,2.99985,1.68461,0.10659,0.00031,0.00006,
10.048,5.09750,0.02091,2.06132,1.28180,0.10659,0.00031,0.00006,
10.049,5.09750,0.02112,1.62509,0.49005,0.10765,0.00031,0.00006,
10.050,5.09625,0.02049,1.94880,2.97212,0.10443,0.00031,0.00006,
10.051,5.09750,0.02070,1.65689,0.97929,0.10552,0.00031,0.00006,
10.052,5.09500,0.02112,1.90885,0.31311,0.10760,0.00031,0.00006,
10.053,5.09750,0.01945,3.05529,0.02772,0.09913,0.00031,0.00006,
10.054,5.09375,0.01966,1.70337,0.95891,0.10012,0.00031,0.00006,
10.055,5.09875,0.02112,0.92711,1.26794,0.10768,0.00031,0.00006,
10.056,5.09875,0.01966,0.92711,1.26794,0.10022,0.00031,0.00006,
10.057,5.09625,0.01966,2.30431,0.91651,0.10017,0.00031,0.00006,
10.058,5.09875,0.01924,1.76778,1.91781,0.09809,0.00031,0.00006,
10.059,5.09500,0.02091,2.91912,2.10454,0.10654,0.00031,0.00006,
10.060,5.09625,0.01882,2.91912,2.10454,0.09591,0.00031,0.00006,
10.061,5.09750,0.01903,3.07486,1.31850,0.09700,0.00031,0.00006,
10.062,5.09625,0.02028,1.17662,0.15656,0.10337,0.00031,0.00006,
10.063,5.09875,0.02007,3.05610,0.02038,0.10235,0.00031,0.00006,
10.064,5.09875,0.01966,1.86807,0.14922,0.10022,0.00031,0.00006,
10.065,5.09875,0.01945,1.93249,2.15998,0.09915,0.00031,0.00006,
10.066,5.09500,0.01945,1.48891,0.02038,0.09908,0.00031,0.00006,
10.067,5.09875,0.02049,3.11237,1.08855,0.10448,0.00031,0.00006,
10.068,5.09625,0.02112,3.11237,1.08855,0.10763,0.00031,0.00006,
10.069,5.09625,0.02007,1.91780,1.98793,0.10230,0.00031,0.00006,
10.070,5.09750,0.02007,2.10045,0.03506,0.10233,0.00031,0.00006,
10.071,5.09500,0.02112,1.78163,0.50962,0.10760,0.00031,0.00006,
10.072,5.09625,0.01986,2.11513,0.03588,0.10123,0.00031,0.00006,
10.073,5.09875,0.02112,3.05772,0.01957,0.10768,0.00031,0.00006,
10.074,5.09875,0.02154,2.06621,0.29925,0.10981,0.00031,0.00006,
10.075,5.09750,0.02154,0.90590,1.33235,0.10979,0.00031,0.00006,
10.076,5.09625,0.01986,1.96510,0.03914,0.10123,0.00031,0.00006,
10.077,5.09875,0.02112,2.49347,2.70140,0.10768,0.00031,0.00006,
10.078,5.09500,0.02112,1.50685,1.20026,0.10760,0.00031,0.00006,
10.079,5.09500,0.02028,1.50685,1.20026,0.10334,0.00031,0.00006,
10.080,5.09750,0.02112,1.46600,1.82884,0.10765,0.00031,0.00006,
10.081,5.09875,0.01986,1.61358,0.04077,0.10128,0.00031,0.00006,
10.082,5.09750,0.01986,2.29522,2.55287,0.10126,0.00031,0.00006,
10.083,5.09750,0.02028,3.05676,0.02201,0.10339,0.00031,0.00006,
10.084,5.09625,0.02028,1.53612,0.07501,0.10337,0.00031,0.00006,
10.085,5.09500,0.02049,1.17900,1.47171,0.10441,0.00031,0.00006,
10.086,5.09875,0.02007,2.72572,1.33718,0.10235,0.00031,0.00006,
10.087,5.09625,0.01966,2.16395,0.10763,0.10017,0.00031,0.00006,
10.088,5.09500,0.01966,2.89369,0.84063,0.10014,0.00031,0.00006,
10.089,5.09750,0.02007,0.86590,0.74768,0.10233,0.00031,0.00006,
10.090,5.09625,0.01986,0.86590,0.74768,0.10123,0.00031,0.00006,
10.091,5.09750,0.02070,1.38275,1.57679,0.10552,0.00031,0.00006,
10.092,5.09750,0.02091,1.30448,0.14512,0.10659,0.00031,0.00006,
10.093,5.09625,0.02091,3.05493,0.01549,0.10656,0.00031,0.00006,
10.094,5.09625,0.02070,2.15892,0.30085,0.10550,0.00031,0.00006,
10.095,5.09625,0.02070,3.18783,0.00326,0.10550,0.00031,0.00006,
10.096,5.09625,0.02133,1.23681,1.65098,0.10869,0.00031,0.00006,
10.097,5.09625,0.01986,1.65751,0.39624,0.10123,0.00031,0.00006,
10.098,5.09375,0.02154,3.14788,0.97428,0.10971,0.00031,0.00006,
10.099,5.09750,0.02112,2.18093,0.27313,0.10765,0.00031,0.00006,
10.100,5.09625,0.01986,1.92248,0.08642,0.10123,0.00031,0.00006,
10.101,5.09625,0.01966,1.92248,0.08642,0.10017,0.00031,0.00006,
10.102,5.09875,0.01966,2.45153,1.62566,0.10022,0.00031,0.00006,
10.103,5.09625,0.02028,3.05321,0.01304,0.10337,0.00031,0.00006,
10.104,5.10000,0.02070,1.48299,1.81317,0.10557,0.00031,0.00006,
10.105,5.09500,0.01924,2.20369,1.13486,0.09801,0.00031,0.00006,
10.106,5.09750,0.02049,2.54366,0.83158,0.10446,0.00031,0.00006,
10.107,5.09500,0.02028,2.91624,2.09852,0.10334,0.00031,0.00006,
10.108,5.09750,0.01986,1.64930,1.69903,0.10126,0.00031,0.00006,
10.109,5.09750,0.01903,3.12006,0.99138,0.09700,0.00031,0.00006,
10.110,5.09750,0.02028,2.41811,1.67213,0.10339,0.00031,0.00006,
10.111,5.09875,0.02028,2.04879,1.30118,0.10342,0.00031,0.00006,
10.112,5.09750,0.01966,2.04879,1.30118,0.10019,0.00031,0.00006,
10.113,5.09625,0.02091,3.05730,0.02446,0.10656,0.00031,0.00006,
10.114,5.09625,0.02007,2.16130,0.10925,0.10230,0.00031,0.00006,
10.115,5.09750,0.02028,1.63056,1.23841,0.10339,0.00031,0.00006,
10.116,5.09875,0.02049,1.76263,2.79233,0.10448,0.00031,0.00006,
10.117,5.09500,0.02070,2.63743,1.17400,0.10547,0.00031,0.00006,
10.118,5.09875,0.02070,1.90694,1.44386,0.10555,0.00031,0.00006,
10.119,5.09875,0.02007,2.96761,1.88574,0.10235,0.00031,0.00006,
10.120,5.09875,0.02007,0.97263,1.61425,0.10235,0.00031,0.00006,
10.121,5.10000,0.02091,2.82657,1.72350,0.10664,0.00031,0.00006,
10.122,5.09750,0.02091,1.85557,0.37747,0.10659,0.00031,0.00006,
10.123,5.09750,0.01966,1.85557,0.37747,0.10019,0.00031,0.00006,
10.124,5.09875,0.02112,2.28116,0.00815,0.10768,0.00031,0.00006,
10.125,5.10125,0.02133,0.58863,0.97263,0.10880,0.00031,0.00006,
10.126,5.09625,0.02028,1.20091,1.61671,0.10337,0.00031,0.00006,
10.127,5.09750,0.02070,1.44794,1.82705,0.10552,0.00031,0.00006,
10.128,5.09750,0.02133,1.97788,1.17564,0.10872,0.00031,0.00006,
10.129,5.09750,0.02133,1.82705,0.35383,0.10872,0.00031,0.00006,
10.130,5.09750,0.02007,0.81202,1.88412,0.10233,0.00031,0.00006,
10.131,5.09500,0.02112,2.60320,0.80224,0.10760,0.00031,0.00006,
10.132,5.09625,0.02070,2.70103,1.27429,0.10550,0.00031,0.00006,
10.133,5.09875,0.01966,3.05568,0.01386,0.10022,0.00031,0.00006,
10.134,5.09875,0.01924,3.05568,0.01386,0.09809,0.00032,0.00006,
10.135,5.09500,0.01966,2.12056,0.56581,0.10014,0.00032,0.00006,
10.136,5.09750,0.01945,2.07816,2.09936,0.09913,0.00032,0.00006,
10.137,5.09750,0.01986,2.74751,1.41860,0.10126,0.00032,0.00006,
10.138,5.09625,0.01986,1.93386,1.41452,0.10123,0.00032,0.00006,
10.139,5.09875,0.01882,2.83149,1.73737,0.09595,0.00032,0.00006,
10.140,5.09500,0.02028,1.72922,0.40520,0.10334,0.00032,0.00006,
10.141,5.10000,0.01903,2.73855,0.56092,0.09704,0.00032,0.00006,
10.142,5.09750,0.01986,1.84255,0.03180,0.10126,0.00032,0.00006,
10.143,5.09375,0.02007,3.05406,0.01631,0.10225,0.00032,0.00006,
10.144,5.09500,0.02007,2.45890,0.93432,0.10227,0.00032,0.00006,
10.145,5.09625,0.02007,2.45890,0.93432,0.10230,0.00032,0.00006,
10.146,5.09625,0.02091,1.78223,2.66111,0.10656,0.00032,0.00006,
10.147,5.09875,0.02091,2.22738,0.21198,0.10661,0.00032,0.00006,
10.148,5.09500,0.01945,2.06187,1.28409,0.09908,0.00032,0.00006,
10.149,5.09875,0.02049,2.41326,2.87472,0.10448,0.00032,0.00006,
10.150,5.09750,0.02007,2.54534,0.71175,0.10233,0.00032,0.00006,
10.151,5.09750,0.02007,3.03859,0.90660,0.10233,0.00032,0.00006,
10.152,5.10000,0.01966,1.57759,1.65830,0.10024,0.00032,0.00006,
10.153,5.09625,0.02154,3.05490,0.02772,0.10976,0.00032,0.00006,
10.154,5.09625,0.02070,1.30447,1.41127,0.10550,0.00032,0.00006,
10.155,5.09625,0.02070,2.69536,2.82906,0.10550,0.00032,0.00006,
10.156,5.09625,0.02070,2.69536,2.82906,0.10550,0.00032,0.00006,
10.157,5.09625,0.02070,2.68008,0.60744,0.10550,0.00032,0.00006,
10.158,5.09750,0.02112,1.59402,0.15247,0.10765,0.00032,0.00006,
10.159,5.09750,0.02028,2.24305,0.20302,0.10339,0.00032,0.00006,
10.160,5.09625,0.02112,0.61559,1.96501,0.10763,0.00032,0.00006,
10.161,5.09750,0.02112,1.38203,1.96909,0.10765,0.00032,0.00006,
10.162,5.09500,0.02049,0.88303,1.13824,0.10441,0.00032,0.00006,
10.163,5.09750,0.02112,3.05514,0.01223,0.10765,0.00032,0.00006,
10.164,5.09500,0.02070,2.14194,1.23037,0.10547,0.00032,0.00006,
10.165,5.09500,0.02070,1.96827,1.42280,0.10547,0.00032,0.00006,
10.166,5.09500,0.02049,3.17500,0.00897,0.10441,0.00032,0.00006,
10.167,5.09750,0.01966,3.17500,0.00897,0.10019,0.00032,0.00006,
10.168,5.09625,0.01924,1.04284,1.83373,0.09804,0.00032,0.00006,
10.169,5.09875,0.02049,1.94381,0.65391,0.10448,0.00032,0.00006,
10.170,5.09500,0.02007,2.07508,0.11823,0.10227,0.00032,0.00006,
10.171,5.09750,0.01966,0.84389,1.07464,0.10019,0.00032,0.00006,
10.172,5.09625,0.02028,1.64131,1.70002,0.10337,0.00032,0.00006,
10.173,5.09875,0.02091,3.05432,0.01223,0.10661,0.00032,0.00006,
10.174,5.09875,0.02091,1.82558,1.53858,0.10661,0.00032,0.00006,
10.175,5.09625,0.02007,2.11259,1.16270,0.10230,0.00032,0.00006,
10.176,5.09750,0.02070,2.81216,2.46319,0.10552,0.00032,0.00006,
10.177,5.09500,0.02070,1.46356,1.47335,0.10547,0.00032,0.00006,
10.178,5.09875,0.01966,1.46356,1.47335,0.10022,0.00032,0.00006,
10.179,5.09750,0.02049,1.76770,1.58424,0.10446,0.00032,0.00006,
10.180,5.09875,0.02028,1.28174,1.78237,0.10342,0.00032,0.00006,
10.181,5.09750,0.02007,1.72204,1.69105,0.10233,0.00032,0.00006,
10.182,5.09500,0.02154,1.65599,1.73508,0.10973,0.00032,0.00006,
10.183,5.09500,0.02112,3.05596,0.01631,0.10760,0.00032,0.00006,
10.184,5.09500,0.02112,1.79460,1.49211,0.10760,0.00032,0.00006,
10.185,5.09500,0.02049,0.54221,1.03224,0.10441,0.00032,0.00006,
10.186,5.09625,0.02112,1.46846,1.95034,0.10763,0.00032,0.00006,
10.187,5.10000,0.02112,0.79987,1.97643,0.10771,0.00032,0.00006,
10.188,5.09750,0.02028,2.74368,0.54466,0.10339,0.00032,0.00006,
10.189,5.09625,0.02070,2.74368,0.54466,0.10550,0.00032,0.00006,
10.190,5.09750,0.02049,1.97969,1.40242,0.10446,0.00032,0.00006,
10.191,5.09875,0.02028,2.19494,1.89734,0.10342,0.00032,0.00006,
10.192,5.09875,0.02070,2.79749,1.57282,0.10555,0.00032,0.00006,
10.193,5.09500,0.02070,3.05433,0.00652,0.10547,0.00032,0.00006,
10.194,5.09875,0.02007,2.66377,0.73301,0.10235,0.00032,0.00006,
10.195,5.09875,0.02007,1.49781,1.86228,0.10235,0.00032,0.00006,
10.196,5.09750,0.02091,2.72248,1.33556,0.10659,0.00032,0.00006,
10.197,5.09875,0.02091,1.79705,1.50841,0.10661,0.00032,0.00006,
10.198,5.09875,0.02070,2.41672,0.69142,0.10555,0.00032,0.00006,
10.199,5.09750,0.01924,2.59447,2.11830,0.09806,0.00032,0.00006,
10.200,5.09625,0.02091,2.59447,2.11830,0.10656,0.00032,0.00006,
10.201,5.09625,0.02112,2.23572,1.02817,0.10763,0.00032,0.00006,
10.202,5.09750,0.02112,3.11467,1.21489,0.10765,0.00032,0.00006,
10.203,5.09500,0.02007,3.05597,0.02201,0.10227,0.00032,0.00006,
10.204,5.09750,0.02028,1.79787,1.59892,0.10339,0.00032,0.00006,
10.205,5.09875,0.01986,2.88719,2.78935,0.10128,0.00032,0.00006,
10.206,5.09375,0.01882,1.45216,1.82478,0.09586,0.00032,0.00006,
10.207,5.09625,0.02007,1.68943,1.66252,0.10230,0.00032,0.00006,
10.208,5.09625,0.02028,1.93403,2.35721,0.10337,0.00032,0.00006,
10.209,5.09750,0.01945,3.07472,1.37633,0.09913,0.00032,0.00006,
10.210,5.09750,0.01966,0.82351,1.46602,0.10019,0.00032,0.00006,
10.211,5.09625,0.01966,0.82351,1.46602,0.10017,0.00032,0.00006,
10.212,5.10125,0.01966,1.79134,1.49455,0.10027,0.00032,0.00006,
10.213,5.09750,0.02028,3.05515,0.03261,0.10339,0.00032,0.00006,
10.214,5.09500,0.01986,1.98703,0.75665,0.10121,0.00032,0.00006,
10.215,5.09750,0.01966,2.35638,1.76117,0.10019,0.00032,0.00006,
10.216,5.09875,0.02007,1.31517,1.86962,0.10235,0.00032,0.00006,
10.217,5.09500,0.01924,1.95849,2.13950,0.09801,0.00032,0.00006,
10.218,5.09875,0.02007,2.60018,0.67919,0.10235,0.00032,0.00006,
10.219,5.09875,0.02049,2.73960,1.39915,0.10448,0.00032,0.00006,
10.220,5.09625,0.02049,1.46764,0.07257,0.10443,0.00032,0.00006,
10.221,5.09750,0.01903,2.02779,1.12927,0.09700,0.00032,0.00006,
10.222,5.09750,0.01966,2.02779,1.12927,0.10019,0.00032,0.00006,
10.223,5.09375,0.02028,2.02779,1.12927,0.10331,0.00032,0.00006,
10.224,5.09500,0.02070,1.34861,0.00245,0.10547,0.00032,0.00006,
10.225,5.09750,0.02007,1.83374,1.54022,0.10233,0.00032,0.00006,
10.226,5.09625,0.02070,1.84516,1.90305,0.10550,0.00032,0.00006,
10.227,5.09500,0.02070,2.83990,0.83085,0.10547,0.00032,0.00006,
10.228,5.09500,0.02070,1.08606,1.46276,0.10547,0.00032,0.00006,
10.229,5.09875,0.02070,2.29442,1.17167,0.10555,0.00032,0.00006,
10.230,5.09750,0.02049,1.88104,1.41873,0.10446,0.00032,0.00006,
10.231,5.09625,0.02070,3.12935,1.09747,0.10550,0.00032,0.00006,
10.232,5.09750,0.01945,2.01312,0.12557,0.09913,0.00032,0.00006,
10.233,5.09625,0.02007,3.05923,0.01712,0.10230,0.00032,0.00006,
10.234,5.09750,0.02007,3.05923,0.01712,0.10233,0.00032,0.00006,
10.235,5.09625,0.01966,1.38855,1.53123,0.10017,0.00032,0.00006,
10.236,5.09625,0.02049,1.74567,2.70697,0.10443,0.00032,0.00006,
10.237,5.09625,0.02175,2.74774,1.42442,0.11082,0.00032,0.00006,
10.238,5.09500,0.02175,2.21857,1.85493,0.11080,0.00032,0.00006,
10.239,5.09750,0.02028,1.67881,0.14513,0.10339,0.00032,0.00006,
10.240,5.09625,0.01986,2.60260,1.21814,0.10123,0.00032,0.00006,
10.241,5.09500,0.01945,3.08285,1.30375,0.09908,0.00032,0.00006,
10.242,5.09750,0.02070,1.83210,1.57608,0.10552,0.00032,0.00006,
10.243,5.09500,0.01966,3.06002,0.01957,0.10014,0.00032,0.00006,
10.244,5.09375,0.01924,2.23407,0.26336,0.09799,0.00032,0.00006,
10.245,5.09625,0.02007,2.23407,0.26336,0.10230,0.00032,0.00006,
10.246,5.09625,0.01966,1.52631,0.16796,0.10017,0.00032,0.00006,
10.247,5.09500,0.01966,2.02122,0.98982,0.10014,0.00032,0.00006,
10.248,5.09625,0.02007,1.23931,1.64861,0.10230,0.00032,0.00006,
10.249,5.09500,0.01966,2.10031,1.29557,0.10014,0.00032,0.00006,
10.250,5.09500,0.01861,1.42929,1.98372,0.09482,0.00032,0.00006,
10.251,5.09500,0.02007,1.87854,0.08561,0.10227,0.00032,0.00006,
10.252,5.10000,0.02133,1.98045,1.28905,0.10877,0.00032,0.00006,
10.253,5.10000,0.02028,3.05751,0.01794,0.10344,0.00032,0.00006,
10.254,5.09875,0.02028,1.39830,1.12598,0.10342,0.00032,0.00006,
10.255,5.09875,0.02070,2.41503,1.86141,0.10555,0.00032,0.00006,
10.256,5.09625,0.02070,2.41503,1.86141,0.10550,0.00032,0.00006,
10.257,5.09625,0.02091,1.89476,1.47733,0.10656,0.00032,0.00006,
10.258,5.09750,0.02007,2.69784,0.81286,0.10233,0.00032,0.00006,
10.259,5.09625,0.02091,1.58006,1.79611,0.10656,0.00032,0.00006,
10.260,5.09750,0.02133,0.72807,1.46510,0.10872,0.00032,0.00006,
10.261,5.09500,0.02028,2.53885,1.31671,0.10334,0.00032,0.00006,
10.262,5.09625,0.02049,1.84259,2.76877,0.10443,0.00032,0.00006,
10.263,5.09500,0.01986,3.05413,0.02446,0.10121,0.00032,0.00006,
10.264,5.09500,0.01966,1.72681,1.61593,0.10014,0.00032,0.00006,
10.265,5.09750,0.01966,1.28899,0.02120,0.10019,0.00032,0.00006,
10.266,5.09500,0.01924,2.08147,0.45575,0.09801,0.00032,0.00006,
10.267,5.09625,0.02091,2.08147,0.45575,0.10656,0.00032,0.00006,
10.268,5.09500,0.01945,2.24535,1.59718,0.09908,0.00032,0.00006,
10.269,5.10000,0.01903,2.39700,0.84710,0.09704,0.00032,0.00006,
10.270,5.09750,0.01945,1.48467,0.00489,0.09913,0.00032,0.00006,
10.271,5.10000,0.02091,1.64773,0.45168,0.10664,0.00032,0.00006,
10.272,5.09750,0.02007,2.31139,1.72192,0.10233,0.00032,0.00006,
10.273,5.09750,0.02007,3.05332,0.02038,0.10233,0.00032,0.00006,
10.274,5.09500,0.02007,1.66159,0.00652,0.10227,0.00032,0.00006,
10.275,5.09625,0.02112,0.54462,1.21888,0.10763,0.00032,0.00006,
10.276,5.09750,0.02091,2.44510,0.95065,0.10659,0.00032,0.00006,
10.277,5.09625,0.01945,1.40151,2.02114,0.09910,0.00032,0.00006,
10.278,5.09875,0.02091,1.40151,2.02114,0.10661,0.00032,0.00006,
10.279,5.09625,0.02028,2.17115,1.70480,0.10337,0.00032,0.00006,
10.280,5.09875,0.02049,2.11734,0.03669,0.10448,0.00032,0.00006,
10.281,5.09750,0.02112,2.65300,2.20621,0.10765,0.00032,0.00006,
10.282,5.09750,0.02112,1.29796,0.06685,0.10765,0.00032,0.00006,
10.283,5.09750,0.02112,3.05494,0.01304,0.10765,0.00032,0.00006,
10.284,5.09500,0.02007,2.71496,0.57479,0.10227,0.00032,0.00006,
10.285,5.09625,0.02112,2.23067,0.01223,0.10763,0.00032,0.00006,
10.286,5.09750,0.02133,1.44635,1.91759,0.10872,0.00032,0.00006,
10.287,5.09500,0.02070,1.80997,0.17692,0.10547,0.00032,0.00006,
10.288,5.10000,0.02070,2.62038,0.65632,0.10557,0.00032,0.00006,
10.289,5.09875,0.02154,2.62038,0.65632,0.10981,0.00032,0.00006,
10.290,5.09875,0.02007,0.50630,1.09984,0.10235,0.00032,0.00006,
10.291,5.09875,0.02112,1.35911,0.06441,0.10768,0.00032,0.00006,
10.292,5.09875,0.02112,0.82427,0.82020,0.10768,0.00032,0.00006,
10.293,5.09750,0.02112,2.89025,0.29432,0.10765,0.00032,0.00006,
10.294,5.09875,0.02112,1.60778,2.77856,0.10768,0.00032,0.00006,
10.295,5.09875,0.02112,1.46102,0.00245,0.10768,0.00032,0.00006,
10.296,5.09875,0.02049,1.43493,1.92086,0.10448,0.00032,0.00006,
10.297,5.09750,0.01945,2.24290,0.28128,0.09913,0.00032,0.00006,
10.298,5.09875,0.01945,2.74676,0.54625,0.09915,0.00032,0.00006,
10.299,5.09750,0.02007,1.95673,1.31672,0.10233,0.00032,0.00006,
10.300,5.09750,0.02049,1.95673,1.31672,0.10446,0.00032,0.00006,
10.301,5.09750,0.02049,2.23231,1.12023,0.10446,0.00032,0.00006,
10.302,5.09625,0.01882,1.52462,1.21970,0.09591,0.00032,0.00006,
10.303,5.09750,0.02028,3.05087,0.02201,0.10339,0.00032,0.00006,
10.304,5.09750,0.01986,2.29916,0.91314,0.10126,0.00032,0.00006,
10.305,5.09750,0.02007,1.55642,1.80835,0.10233,0.00032,0.00006,
10.306,5.09750,0.02049,2.11327,1.25068,0.10446,0.00032,0.00006,
10.307,5.09750,0.02049,1.30856,2.08147,0.10446,0.00032,0.00006,
10.308,5.09500,0.01966,2.76144,0.72807,0.10014,0.00032,0.00006,
10.309,5.09500,0.01945,2.95467,2.68317,0.09908,0.00032,0.00006,
10.310,5.09750,0.01945,1.37460,1.56212,0.09913,0.00032,0.00006,
10.311,5.09875,0.01986,1.37460,1.56212,0.10128,0.00032,0.00006,
10.312,5.10000,0.02007,2.08229,1.29960,0.10238,0.00032,0.00006,
10.313,5.09750,0.02028,3.05414,0.02283,0.10339,0.00032,0.00006,
10.314,5.09750,0.01966,2.28531,1.63225,0.10019,0.00032,0.00006,
10.315,5.09750,0.01986,2.07333,0.00408,0.10126,0.00032,0.00006,
10.316,5.09750,0.01903,2.28449,1.06153,0.09700,0.00032,0.00006,
10.317,5.09625,0.01986,1.74965,1.81487,0.10123,0.00032,0.00006,
10.318,5.09625,0.02070,1.95755,2.33015,0.10550,0.00032,0.00006,
10.319,5.09625,0.02070,2.23639,0.97185,0.10550,0.00032,0.00006,
10.320,5.09625,0.01986,2.60165,2.05376,0.10123,0.00032,0.00006,
10.321,5.09500,0.02070,0.98000,1.29634,0.10547,0.00032,0.00006,
10.322,5.09625,0.02028,0.98000,1.29634,0.10337,0.00032,0.00006,
10.323,5.09625,0.01903,3.05658,0.01712,0.09697,0.00032,0.00006,
10.324,5.09625,0.02028,2.17442,1.13246,0.10337,0.00032,0.00006,
10.325,5.09750,0.02070,1.89885,0.00571,0.10552,0.00032,0.00006,
10.326,5.09500,0.01986,1.57925,1.71459,0.10121,0.00032,0.00006,
10.327,5.09625,0.02028,1.62327,0.47369,0.10337,0.00032,0.00006,
10.328,5.09625,0.02028,1.56050,1.73823,0.10337,0.00032,0.00006,
10.329,5.09750,0.02070,1.14306,0.25519,0.10552,0.00032,0.00006,
10.330,5.09875,0.02175,1.37787,1.68687,0.11088,0.00032,0.00006,
10.331,5.09500,0.02049,1.52707,1.79367,0.10441,0.00032,0.00006,
10.332,5.09875,0.02091,1.40070,0.13860,0.10661,0.00032,0.00006,
10.333,5.09750,0.02070,1.40070,0.13860,0.10552,0.00032,0.00006,
10.334,5.09500,0.02007,0.75905,1.67628,0.10227,0.00032,0.00006,
10.335,5.09875,0.02091,3.07779,0.04810,0.10661,0.00032,0.00006,
10.336,5.10000,0.02154,0.94576,0.74030,0.10984,0.00032,0.00006,
10.337,5.10000,0.01924,2.96691,1.59964,0.09811,0.00032,0.00006,
10.338,5.09625,0.01924,2.00077,0.00734,0.09804,0.00032,0.00006,
10.339,5.09625,0.02112,2.18421,1.18138,0.10763,0.00032,0.00006,
10.340,5.09625,0.02091,2.31629,1.71052,0.10656,0.00032,0.00006,
10.341,5.09750,0.01945,1.28737,1.70074,0.09913,0.00032,0.00006,
10.342,5.09625,0.01945,1.32325,1.72927,0.09910,0.00032,0.00006,
10.343,5.09750,0.02049,3.05252,0.01794,0.10446,0.00032,0.00006,
10.344,5.09500,0.01924,3.05252,0.01794,0.09801,0.00032,0.00006,
10.345,5.09375,0.01966,3.07048,0.01631,0.10012,0.00032,0.00006,
10.346,5.09375,0.02028,3.08678,0.29270,0.10331,0.00032,0.00006,
10.347,5.09625,0.02028,3.12347,1.12840,0.10337,0.00032,0.00006,
10.348,5.09750,0.02049,2.05459,0.46718,0.10446,0.00032,0.00006,
10.349,5.09500,0.01924,2.82181,2.48182,0.09801,0.00032,0.00006,
10.350,5.09750,0.01945,1.42517,1.65264,0.09913,0.00032,0.00006,
10.351,5.09625,0.02049,2.02361,1.35750,0.10443,0.00032,0.00006,
10.352,5.09750,0.01945,1.24906,1.37544,0.09913,0.00032,0.00006,
10.353,5.09750,0.01986,3.05254,0.01305,0.10126,0.00032,0.00006,
10.354,5.09750,0.02112,1.49121,1.42028,0.10765,0.00032,0.00006,
10.355,5.09750,0.02007,1.49121,1.42028,0.10233,0.00032,0.00006,
10.356,5.10000,0.02007,1.64287,1.87442,0.10238,0.00032,0.00006,
10.357,5.09875,0.01945,1.98205,0.11822,0.09915,0.00032,0.00006,
10.358,5.09500,0.02070,2.43210,2.54870,0.10547,0.00032,0.00006,
10.359,5.09750,0.02070,1.36811,1.69342,0.10552,0.00032,0.00006,
10.360,5.09500,0.01966,1.73827,1.65592,0.10014,0.00032,0.00006,
10.361,5.09500,0.02196,2.40357,0.97431,0.11186,0.00032,0.00006,
10.362,5.10000,0.02049,2.68078,1.22543,0.10451,0.00032,0.00006,
10.363,5.09750,0.02007,3.05501,0.01957,0.10233,0.00032,0.00006,
10.364,5.09750,0.01986,2.69219,0.59355,0.10126,0.00032,0.00006,
10.365,5.09750,0.01986,1.75783,0.00326,0.10126,0.00032,0.00006,
10.366,5.09750,0.02028,1.75783,0.00326,0.10339,0.00032,0.00006,
10.367,5.09625,0.02007,1.87443,2.48511,0.10230,0.00032,0.00006,
10.368,5.09875,0.02049,1.59478,2.79575,0.10448,0.00032,0.00006,
10.369,5.09500,0.01945,1.86628,1.18630,0.09908,0.00032,0.00006,
10.370,5.09750,0.02091,0.55524,1.23848,0.10659,0.00032,0.00006,
10.371,5.09750,0.02007,1.54015,1.87280,0.10233,0.00032,0.00006,
10.372,5.09750,0.01966,2.61556,0.64900,0.10019,0.00032,0.00006,
10.373,5.09750,0.02070,3.05502,0.01305,0.10552,0.00032,0.00006,
10.374,5.09625,0.02070,0.53485,1.19527,0.10550,0.00032,0.00006,
10.375,5.09875,0.01966,3.07785,0.11088,0.10022,0.00032,0.00006,
10.376,5.09625,0.02007,1.60293,1.80024,0.10230,0.00032,0.00006,
10.377,5.09875,0.02007,1.60293,1.80024,0.10235,0.00032,0.00006,
10.378,5.09500,0.01945,0.44194,0.91568,0.09908,0.00032,0.00006,
10.379,5.09500,0.01966,1.56064,1.81097,0.10014,0.00032,0.00006,
10.380,5.09625,0.02028,1.99524,1.16111,0.10337,0.00032,0.00006,
10.381,5.09750,0.01924,0.90589,1.17741,0.09806,0.00032,0.00006,
10.382,5.09750,0.02007,2.77720,1.53048,0.10233,0.00032,0.00006,
10.383,5.09750,0.02007,3.05769,0.02038,0.10233,0.00032,0.00006,
10.384,5.09625,0.02007,3.05769,0.02038,0.10230,0.00032,0.00006,
10.385,5.09750,0.02007,1.85826,1.41306,0.10233,0.00032,0.00006,
10.386,5.09750,0.01966,1.33641,1.47095,0.10019,0.00032,0.00006,
10.387,5.09500,0.02091,2.02052,0.27886,0.10654,0.00032,0.00006,
10.388,5.09625,0.02028,1.38615,2.06781,0.10337,0.00032,0.00006,
10.389,5.09875,0.01986,1.38615,2.06781,0.10128,0.00032,0.00006,
10.390,5.09875,0.02049,2.26269,1.38778,0.10448,0.00032,0.00006,
10.391,5.09875,0.02133,2.49589,1.38289,0.10875,0.00032,0.00006,
10.392,5.09625,0.02133,1.39757,0.81620,0.10869,0.00032,0.00006,
10.393,5.09875,0.01986,3.05605,0.01631,0.10128,0.00032,0.00006,
10.394,5.09625,0.02133,1.65278,1.70660,0.10869,0.00032,0.00006,
10.395,5.09875,0.02028,2.31895,0.00815,0.10342,0.00032,0.00006,
10.396,5.09750,0.01903,1.31032,1.67480,0.09700,0.00032,0.00006,
10.397,5.09875,0.01986,1.87293,1.46443,0.10128,0.00032,0.00006,
10.398,5.09750,0.02007,1.37555,2.04579,0.10233,0.00032,0.00006,
10.399,5.09625,0.02091,2.26595,1.06734,0.10656,0.00032,0.00006,
10.400,5.09625,0.01945,2.26595,1.06734,0.09910,0.00032,0.00006,
10.401,5.09500,0.01945,1.62585,1.78974,0.09908,0.00032,0.00006,
10.402,5.09750,0.02049,1.95689,2.33929,0.10446,0.00032,0.00006,
10.403,5.09875,0.01966,3.05600,0.01468,0.10022,0.00032,0.00006,
10.404,5.09500,0.02007,2.23656,0.67431,0.10227,0.00032,0.00006,
10.405,5.09625,0.02007,3.06742,0.01549,0.10230,0.00032,0.00006,
10.406,5.09750,0.02070,1.79870,0.56179,0.10552,0.00032,0.00006,
10.407,5.09500,0.01945,1.35596,2.01233,0.09908,0.00032,0.00006,
10.408,5.09750,0.01986,2.70295,1.25567,0.10126,0.00032,0.00006,
10.409,5.09750,0.02133,1.64949,1.65112,0.10872,0.00032,0.00006,
10.410,5.09750,0.02133,2.35479,0.88304,0.10872,0.00032,0.00006,
10.411,5.09625,0.01924,2.35479,0.88304,0.09804,0.00032,0.00006,
10.412,5.09500,0.02007,2.36609,1.62658,0.10227,0.00032,0.00006,
10.413,5.09875,0.02091,3.05993,0.02120,0.10661,0.00032,0.00006,
10.414,5.09375,0.02154,2.74521,0.66042,0.10971,0.00032,0.00006,
10.415,5.09500,0.02028,1.91602,0.00571,0.10334,0.00032,0.00006,
10.416,5.09500,0.02007,0.89360,1.35345,0.10227,0.00032,0.00006,
10.417,5.09875,0.02007,2.95068,1.94456,0.10235,0.00032,0.00006,
10.418,5.09875,0.01966,2.76723,0.53323,0.10022,0.00032,0.00006,
10.419,5.10000,0.01966,1.91765,1.45781,0.10024,0.00032,0.00006,
10.420,5.09750,0.01924,1.39503,0.73624,0.09806,0.00032,0.00006,
10.421,5.09625,0.02070,1.97065,1.36975,0.10550,0.00032,0.00006,
10.422,5.09625,0.01945,1.97065,1.36975,0.09910,0.00032,0.00006,
10.423,5.09750,0.02007,3.05890,0.01386,0.10233,0.00032,0.00006,
10.424,5.09625,0.02049,1.44303,0.02283,0.10443,0.00032,0.00006,
10.425,5.09625,0.02049,2.35450,0.00000,0.10443,0.00032,0.00006,
10.426,5.09500,0.01966,2.07405,0.45574,0.10014,0.00032,0.00006,
10.427,5.09500,0.02154,2.67735,1.96073,0.10973,0.00032,0.00006,
10.428,5.09250,0.02154,2.72219,0.56743,0.10968,0.00032,0.00006,
10.429,5.09750,0.02133,2.14498,1.04029,0.10872,0.00032,0.00006,
10.430,5.09875,0.02007,2.72953,2.05204,0.10235,0.00032,0.00006,
10.431,5.09625,0.01986,1.82539,1.31666,0.10123,0.00032,0.00006,
10.432,5.09625,0.02112,1.61424,1.68027,0.10763,0.00032,0.00006,
10.433,5.09875,0.01924,1.61424,1.68027,0.09809,0.00032,0.00006,
10.434,5.09625,0.01945,2.29987,2.90154,0.09910,0.00032,0.00006,
10.435,5.09500,0.02007,2.01045,0.00408,0.10227,0.00032,0.00006,
10.436,5.09500,0.02028,3.11106,0.01141,0.10334,0.00032,0.00006,
10.437,5.09875,0.02028,2.03083,1.13811,0.10342,0.00032,0.00006,
10.438,5.09500,0.01903,2.25748,1.68027,0.09695,0.00032,0.00006,
10.439,5.09875,0.02133,1.96724,1.40960,0.10875,0.00032,0.00006,
10.440,5.09750,0.01903,2.14089,2.67408,0.09700,0.00032,0.00006,
10.441,5.09750,0.02028,1.58325,1.82620,0.10339,0.00032,0.00006,
10.442,5.09625,0.01966,2.20367,0.44677,0.10017,0.00032,0.00006,
10.443,5.09750,0.01966,3.05318,0.02446,0.10019,0.00032,0.00006,
10.444,5.09625,0.01903,3.05318,0.02446,0.09697,0.00032,0.00006,
10.445,5.09625,0.01986,2.44334,2.66428,0.10123,0.00032,0.00006,
10.446,5.09750,0.01986,1.84739,0.90005,0.10126,0.00032,0.00006,
10.447,5.09500,0.01924,2.81103,2.39361,0.09801,0.00032,0.00006,
10.448,5.09750,0.02007,1.65580,2.82652,0.10233,0.00032,0.00006,
10.449,5.09625,0.01903,2.15148,1.31176,0.09697,0.00032,0.00006,
10.450,5.09625,0.01966,1.34682,1.64846,0.10017,0.00032,0.00006,
10.451,5.09625,0.01966,2.28844,1.76015,0.10017,0.00032,0.00006,
10.452,5.09625,0.01924,1.80173,2.41970,0.09804,0.00032,0.00006,
10.453,5.09875,0.02007,3.05479,0.01875,0.10235,0.00032,0.00006,
10.454,5.09375,0.02070,1.20985,0.01957,0.10545,0.00032,0.00006,
10.455,5.09375,0.02070,1.20985,0.01957,0.10545,0.00032,0.00006,
10.456,5.09875,0.01986,1.11039,1.20415,0.10128,0.00032,0.00006,
10.457,5.09875,0.02070,1.63134,1.73244,0.10555,0.00032,0.00006,
10.458,5.09500,0.02070,1.40062,1.95582,0.10547,0.00032,0.00006,
10.459,5.09625,0.02049,2.39199,0.84461,0.10443,0.00032,0.00006,
10.460,5.09750,0.02112,2.21100,1.72999,0.10765,0.00032,0.00006,
10.461,5.09750,0.02133,1.65091,2.71238,0.10872,0.00032,0.00006,
10.462,5.09625,0.01945,2.36101,0.85766,0.09910,0.00032,0.00006,
10.463,5.09750,0.02154,3.05153,0.01875,0.10979,0.00032,0.00006,
10.464,5.09750,0.02154,2.19714,1.17887,0.10979,0.00032,0.00006,
10.465,5.09500,0.01945,3.01077,0.87396,0.09908,0.00032,0.00006,
10.466,5.09625,0.02007,3.01077,0.87396,0.10230,0.00032,0.00006,
10.467,5.09750,0.01903,2.26645,1.62728,0.09700,0.00032,0.00006,
10.468,5.09625,0.01945,1.02316,1.18622,0.09910,0.00032,0.00006,
10.469,5.09625,0.02028,2.68713,0.70684,0.10337,0.00032,0.00006,
10.470,5.09625,0.01966,2.01209,0.00489,0.10017,0.00032,0.00006,
10.471,5.09500,0.01966,1.34764,1.62402,0.10014,0.00032,0.00006,
10.472,5.09625,0.02007,1.70229,1.01257,0.10230,0.00032,0.00006,
10.473,5.09625,0.01966,3.05400,0.01875,0.10017,0.00032,0.00006,
10.474,5.09500,0.01966,1.35172,2.03002,0.10014,0.00032,0.00006,
10.475,5.09375,0.01986,3.07520,0.03995,0.10118,0.00032,0.00006,
10.476,5.09625,0.02070,2.63659,1.89306,0.10550,0.00032,0.00006,
10.477,5.09750,0.02028,2.63659,1.89306,0.10339,0.00032,0.00006,
10.478,5.09625,0.01986,1.52618,0.00326,0.10123,0.00032,0.00006,
10.479,5.09500,0.02196,2.31210,0.21686,0.11186,0.00032,0.00006,
10.480,5.09625,0.02049,1.94849,1.23432,0.10443,0.00032,0.00006,
10.481,5.09750,0.02028,1.07126,1.16665,0.10339,0.00032,0.00006,
10.482,5.09750,0.02049,2.76213,0.53645,0.10446,0.00032,0.00006,
10.483,5.09750,0.02049,3.05400,0.02609,0.10446,0.00033,0.00006,
10.484,5.09750,0.02070,1.30688,1.89468,0.10552,0.00033,0.00006,
10.485,5.09625,0.02049,3.09394,0.55031,0.10443,0.00033,0.00006,
10.486,5.09875,0.02112,0.80385,1.53678,0.10768,0.00033,0.00006,
10.487,5.09500,0.02112,2.08709,1.91099,0.10760,0.00033,0.00006,
10.488,5.09625,0.02007,2.08709,1.91099,0.10230,0.00033,0.00006,
10.489,5.09750,0.02091,1.71289,2.77926,0.10659,0.00033,0.00006,
10.490,5.09500,0.02154,1.19356,1.31585,0.10973,0.00033,0.00006,
10.491,5.09500,0.01966,1.06801,1.14790,0.10014,0.00033,0.00006,
10.492,5.09875,0.01966,3.06868,0.02201,0.10022,0.00033,0.00006,
10.493,5.09500,0.01903,3.05156,0.02201,0.09695,0.00033,0.00006,
10.494,5.09875,0.02070,2.00475,1.25063,0.10555,0.00033,0.00006,
10.495,5.09500,0.02028,3.09803,0.71744,0.10334,0.00033,0.00006,
10.496,5.09875,0.01903,2.58849,2.48658,0.09702,0.00033,0.00006,
10.497,5.09500,0.02028,1.81479,0.97343,0.10334,0.00033,0.00006,
10.498,5.09875,0.02007,2.11237,1.27590,0.10235,0.00033,0.00006,
10.499,5.09500,0.02070,2.11237,1.27590,0.10547,0.00033,0.00006,
10.500,5.09500,0.01945,1.87594,0.00734,0.09908,0.00033,0.00006,
10.501,5.09750,0.01945,2.38386,0.84462,0.09913,0.00033,0.00006,
10.502,5.09625,0.02028,2.00313,2.04960,0.10337,0.00033,0.00006,
10.503,5.10125,0.01986,3.05075,0.02283,0.10133,0.00033,0.00006,
10.504,5.09500,0.02007,2.56404,1.28813,0.10227,0.00033,0.00006,
10.505,5.09875,0.02049,3.08010,0.12311,0.10448,0.00033,0.00006,
10.506,5.09625,0.02028,1.46586,1.72593,0.10337,0.00033,0.00006,
10.507,5.10000,0.02007,1.94606,2.98635,0.10238,0.00033,0.00006,
10.508,5.09625,0.02070,1.30199,1.71452,0.10550,0.00033,0.00006,
10.509,5.09625,0.02112,1.38923,2.00557,0.10763,0.00033,0.00006,
10.510,5.09875,0.02112,1.38923,2.00557,0.10768,0.00033,0.00006,
10.511,5.09750,0.02007,0.50710,1.11367,0.10233,0.00033,0.00006,
10.512,5.09500,0.02175,1.31341,1.69088,0.11080,0.00033,0.00006,
10.513,5.09750,0.02133,3.05647,0.01875,0.10872,0.00033,0.00006,
10.514,5.09750,0.01986,2.74341,0.66690,0.10126,0.00033,0.00006,
10.515,5.09625,0.02112,2.94967,1.19275,0.10763,0.00033,0.00006,
10.516,5.09625,0.01903,2.19799,2.93907,0.09697,0.00033,0.00006,
10.517,5.09875,0.01945,2.01455,0.00652,0.09915,0.00033,0.00006,
10.518,5.09875,0.02028,2.24201,1.84253,0.10342,0.00033,0.00006,
10.519,5.09750,0.02028,1.65827,1.70148,0.10339,0.00033,0.00006,
10.520,5.09500,0.01986,1.48054,0.86419,0.10121,0.00033,0.00006,
10.521,5.09875,0.02070,1.48054,0.86419,0.10555,0.00033,0.00006,
10.522,5.09875,0.02007,2.04471,0.00245,0.10235,0.00033,0.00006,
10.523,5.09625,0.02049,3.05403,0.02609,0.10443,0.00033,0.00006,
10.524,5.09750,0.02175,1.89960,1.98601,0.11085,0.00033,0.00006,
10.525,5.09625,0.01945,3.08908,0.22828,0.09910,0.00033,0.00006,
10.526,5.09625,0.02154,1.81644,2.59503,0.10976,0.00033,0.00006,
10.527,5.09625,0.02112,0.90333,1.31912,0.10763,0.00033,0.00006,
10.528,5.09625,0.02112,1.92242,1.71453,0.10763,0.00033,0.00006,
10.529,5.09875,0.02070,1.15280,1.54087,0.10555,0.00033,0.00006,
10.530,5.09625,0.02112,2.13929,0.00000,0.10763,0.00033,0.00006,
10.531,5.09625,0.02112,2.50127,1.96237,0.10763,0.00033,0.00006,
10.532,5.09625,0.02007,2.50127,1.96237,0.10230,0.00033,0.00006,
10.533,5.09625,0.01986,3.05811,0.01304,0.10123,0.00033,0.00006,
10.534,5.09375,0.02070,1.40636,2.00069,0.10545,0.00033,0.00006,
10.535,5.09750,0.01966,3.07523,0.04403,0.10019,0.00033,0.00006,
10.536,5.09750,0.01966,2.70346,2.39040,0.10019,0.00033,0.00006,
10.537,5.09250,0.01966,2.21756,1.86291,0.10010,0.00033,0.00006,
10.538,5.09500,0.01966,2.06918,2.11728,0.10014,0.00033,0.00006,
10.539,5.09750,0.01945,1.89878,1.13161,0.09913,0.00033,0.00006,
10.540,5.09625,0.01945,0.45166,0.91637,0.09910,0.00033,0.00006,
10.541,5.09875,0.02028,2.13277,0.00815,0.10342,0.00033,0.00006,
10.542,5.09500,0.02007,1.60284,1.68437,0.10227,0.00033,0.00006,
10.543,5.09875,0.01945,1.60284,1.68437,0.09915,0.00033,0.00006,
10.544,5.09750,0.01924,2.77358,2.13032,0.09806,0.00033,0.00006,
10.545,5.09750,0.02049,3.07523,0.04892,0.10446,0.00033,0.00006,
10.546,5.09500,0.02049,3.07523,0.04892,0.10441,0.00033,0.00006,
10.547,5.09875,0.01924,2.69042,2.42464,0.09809,0.00033,0.00006,
10.548,5.09875,0.01945,3.07278,0.02853,0.09915,0.00033,0.00006,
10.549,5.09750,0.02049,2.91136,2.07651,0.10446,0.00033,0.00006,
10.550,5.09750,0.01945,2.39121,1.81726,0.09913,0.00033,0.00006,
10.551,5.09500,0.01966,2.83228,2.24935,0.10014,0.00033,0.00006,
10.552,5.09625,0.02133,1.82378,2.14907,0.10869,0.00033,0.00006,
10.553,5.09875,0.02049,3.03447,0.01794,0.10448,0.00033,0.00006,
10.554,5.09875,0.01986,2.25506,1.62159,0.10128,0.00033,0.00006,
10.555,5.09875,0.01986,2.25506,1.62159,0.10128,0.00033,0.00006,
10.556,5.09500,0.02070,1.72265,0.01141,0.10547,0.00033,0.00006,
10.557,5.09250,0.02175,3.09555,0.78347,0.11074,0.00033,0.00006,
10.558,5.09750,0.01945,0.93429,1.88244,0.09913,0.00033,0.00006,
10.559,5.09625,0.02049,0.81934,1.13892,0.10443,0.00033,0.00006,
10.560,5.09625,0.02070,1.71531,2.78901,0.10550,0.00033,0.00006,
10.561,5.09875,0.02028,1.00196,1.33051,0.10342,0.00033,0.00006,
10.562,5.09875,0.01966,1.81477,2.40910,0.10022,0.00033,0.00006,
10.563,5.09875,0.02133,3.05397,0.01304,0.10875,0.00033,0.00006,
10.564,5.09625,0.02133,1.30197,1.70145,0.10869,0.00033,0.00006,
10.565,5.09875,0.01945,3.09800,0.70031,0.09915,0.00033,0.00006,
10.566,5.09875,0.01986,3.09800,0.70031,0.10128,0.00033,0.00006,
10.567,5.09375,0.01966,1.27095,1.55872,0.10012,0.00033,0.00006,
10.568,5.09750,0.02070,2.19786,1.17964,0.10552,0.00033,0.00006,
10.569,5.09500,0.01986,2.33156,1.50084,0.10121,0.00033,0.00006,
10.570,5.09750,0.02028,1.82449,1.22122,0.10339,0.00033,0.00006,
10.571,5.09625,0.01945,1.78780,1.06551,0.09910,0.00033,0.00006,
10.572,5.09625,0.01986,1.28480,1.59052,0.10123,0.00033,0.00006,
10.573,5.09500,0.01986,3.05386,0.02283,0.10121,0.00033,0.00006,
10.574,5.09875,0.01966,2.69679,0.70681,0.10022,0.00033,0.00006,
10.575,5.09375,0.02091,3.06364,1.44948,0.10651,0.00033,0.00006,
10.576,5.09625,0.02007,1.14622,0.23886,0.10230,0.00033,0.00006,
10.577,5.09750,0.02007,1.14622,0.23886,0.10233,0.00033,0.00006,
10.578,5.09625,0.02028,3.09443,0.36846,0.10337,0.00033,0.00006,
10.579,5.09625,0.02154,2.76835,0.64318,0.10976,0.00033,0.00006,
10.580,5.10000,0.01986,1.73063,1.37766,0.10131,0.00033,0.00006,
10.581,5.10000,0.02112,1.80726,0.00000,0.10771,0.00033,0.00006,
10.582,5.09625,0.02112,2.27598,1.64666,0.10763,0.00033,0.00006,
10.583,5.09875,0.02049,3.05204,0.02038,0.10448,0.00033,0.00006,
10.584,5.09625,0.02049,2.79281,2.43331,0.10443,0.00033,0.00006,
10.585,5.09625,0.02091,1.39151,0.01304,0.10656,0.00033,0.00006,
10.586,5.10000,0.02133,0.69779,1.81215,0.10877,0.00033,0.00006,
10.587,5.09750,0.02007,2.53847,2.03714,0.10233,0.00033,0.00006,
10.588,5.09750,0.02070,2.53847,2.03714,0.10552,0.00033,0.00006,
10.589,5.09750,0.02070,1.74603,0.00326,0.10552,0.00033,0.00006,
10.590,5.09750,0.01945,2.00443,1.39715,0.09913,0.00033,0.00006,
10.591,5.09750,0.01945,1.78353,0.00000,0.09913,0.00033,0.00006,
10.592,5.09750,0.01924,2.09980,0.00734,0.09806,0.00033,0.00006,
10.593,5.09875,0.02049,3.05514,0.02282,0.10448,0.00033,0.00006,
10.594,5.09625,0.01966,1.79575,0.99284,0.10017,0.00033,0.00006,
10.595,5.09500,0.01966,2.06312,0.00978,0.10014,0.00033,0.00006,
10.596,5.09875,0.01945,0.84775,1.96367,0.09915,0.00033,0.00006,
10.597,5.09875,0.02028,1.82265,0.00571,0.10342,0.00033,0.00006,
10.598,5.09875,0.01924,3.06737,0.01304,0.09809,0.00033,0.00006,
10.599,5.09875,0.01986,3.06737,0.01304,0.10128,0.00033,0.00006,
10.600,5.09500,0.01986,2.79349,2.57748,0.10121,0.00033,0.00006,
10.601,5.09500,0.02028,2.25876,1.67430,0.10334,0.00033,0.00006,
10.602,5.10125,0.01966,1.54633,0.00489,0.10027,0.00033,0.00006,
10.603,5.09500,0.01966,3.05353,0.02445,0.10014,0.00033,0.00006,
10.604,5.09500,0.02175,2.27588,2.92066,0.11080,0.00033,0.00006,
10.605,5.09625,0.02049,3.07553,0.02853,0.10443,0.00033,0.00006,
10.606,5.09625,0.02028,2.01340,0.00734,0.10337,0.00033,0.00006,
10.607,5.09750,0.02091,1.68898,1.92781,0.10659,0.00033,0.00006,
10.608,5.09750,0.02070,1.64251,1.89439,0.10552,0.00033,0.00006,
10.609,5.09750,0.02070,2.85300,2.34028,0.10552,0.00033,0.00006,
10.610,5.09750,0.02070,2.85300,2.34028,0.10552,0.00033,0.00006,
10.611,5.09750,0.02154,3.09836,0.54941,0.10979,0.00033,0.00006,
10.612,5.09875,0.02133,1.60746,2.84729,0.10875,0.00033,0.00006,
10.613,5.09750,0.02007,3.05353,0.01467,0.10233,0.00033,0.00006,
10.614,5.10000,0.02154,1.72158,2.54977,0.10984,0.00033,0.00006,
10.615,5.09875,0.02154,1.41509,0.00326,0.10981,0.00033,0.00006,
10.616,5.09750,0.02049,0.94475,1.88706,0.10446,0.00033,0.00006,
10.617,5.09625,0.02070,2.14383,1.83081,0.10550,0.00033,0.00006,
10.618,5.09625,0.02091,2.63617,1.89847,0.10656,0.00033,0.00006,
10.619,5.09625,0.02091,1.87809,3.00054,0.10656,0.00033,0.00006,
10.620,5.09875,0.02070,2.19192,0.67738,0.10555,0.00033,0.00006,
10.621,5.09500,0.02133,2.19192,0.67738,0.10867,0.00033,0.00006,
10.622,5.09625,0.01903,1.54634,1.68410,0.09697,0.00033,0.00006,
10.623,5.09875,0.02028,3.05274,0.02201,0.10342,0.00033,0.00006,
10.624,5.09750,0.02007,2.29873,1.68492,0.10233,0.00033,0.00006,
10.625,5.09625,0.02007,3.09269,0.00978,0.10230,0.00033,0.00006,
10.626,5.09625,0.02091,0.77358,1.64498,0.10656,0.00033,0.00006,
10.627,5.09625,0.01986,2.91009,2.63294,0.10123,0.00033,0.00006,
10.628,5.09750,0.01986,0.70592,1.80801,0.10126,0.00033,0.00006,
10.629,5.09625,0.01986,3.07231,0.04728,0.10123,0.00033,0.00006,
10.630,5.09500,0.02070,1.37516,0.00326,0.10547,0.00033,0.00006,
10.631,5.10000,0.01945,3.09024,0.28856,0.09918,0.00033,0.00006,
10.632,5.09750,0.01986,3.09024,0.28856,0.10126,0.00033,0.00006,
10.633,5.09625,0.02070,3.05440,0.01793,0.10550,0.00033,0.00006,
10.634,5.09375,0.01945,2.30120,1.04504,0.09905,0.00033,0.00006,
10.635,5.09625,0.02007,3.06500,0.00734,0.10230,0.00033,0.00006,
10.636,5.09625,0.02028,3.09109,1.20236,0.10337,0.00033,0.00006,
10.637,5.10000,0.02028,2.84246,2.36722,0.10344,0.00033,0.00006,
10.638,5.09625,0.02007,1.62706,1.82922,0.10230,0.00033,0.00006,
10.639,5.09750,0.01945,1.77623,2.79192,0.09913,0.00033,0.00006,
10.640,5.09625,0.01945,2.24088,1.37925,0.09910,0.00033,0.00006,
10.641,5.09750,0.02028,0.71000,1.06215,0.10339,0.00033,0.00006,
10.642,5.09875,0.01986,1.06623,0.42877,0.10128,0.00033,0.00006,
10.643,5.09750,0.01945,1.06623,0.42877,0.09913,0.00033,0.00006,
10.644,5.09625,0.02049,1.76248,0.00326,0.10443,0.00033,0.00006,
10.645,5.09625,0.01966,3.14590,0.01141,0.10017,0.00033,0.00006,
10.646,5.09500,0.01966,2.12118,0.18179,0.10014,0.00033,0.00006,
10.647,5.09375,0.02007,1.36059,1.49999,0.10225,0.00033,0.00006,
10.648,5.09375,0.02133,1.45515,0.37500,0.10864,0.00033,0.00006,
10.649,5.09750,0.01966,2.85487,2.53204,0.10019,0.00033,0.00006,
10.650,5.09625,0.01945,1.68341,1.89862,0.09910,0.00033,0.00006,
10.651,5.09875,0.02133,2.14971,0.00326,0.10875,0.00033,0.00006,
10.652,5.09500,0.01986,2.30868,0.00326,0.10121,0.00033,0.00006,
10.653,5.09500,0.02007,3.05378,0.02283,0.10227,0.00033,0.00006,
10.654,5.09500,0.02070,3.05378,0.02283,0.10547,0.00033,0.00006,
10.655,5.09625,0.02070,2.02176,1.60599,0.10550,0.00033,0.00006,
10.656,5.09750,0.02112,2.77665,2.55899,0.10765,0.00033,0.00006,
10.657,5.09750,0.02049,1.37202,1.55545,0.10446,0.00033,0.00006,
10.658,5.09750,0.02028,0.94158,1.88154,0.10339,0.00033,0.00006,
10.659,5.09500,0.02070,1.13805,1.23343,0.10547,0.00033,0.00006,
10.660,5.09625,0.01945,1.67610,2.65192,0.09910,0.00033,0.00006,
10.661,5.09500,0.01945,1.71931,0.00082,0.09908,0.00033,0.00006,
10.662,5.09875,0.02070,1.50653,0.00082,0.10555,0.00033,0.00006,
10.663,5.09875,0.01966,3.05465,0.01793,0.10022,0.00033,0.00006,
10.664,5.09625,0.01966,1.62882,2.73671,0.10017,0.00033,0.00006,
10.665,5.09500,0.01903,1.62882,2.73671,0.09695,0.00033,0.00006,
10.666,5.09750,0.01966,3.07807,0.06768,0.10019,0.00033,0.00006,
10.667,5.10000,0.02070,2.85547,2.78780,0.10557,0.00033,0.00006,
10.668,5.09500,0.02007,1.96997,0.00245,0.10227,0.00033,0.00006,
10.669,5.09500,0.01986,1.07468,1.78569,0.10121,0.00033,0.00006,
10.670,5.09750,0.02070,2.07107,0.63926,0.10552,0.00033,0.00006,
10.671,5.09750,0.02070,3.14330,0.00326,0.10552,0.00033,0.00006,
10.672,5.09750,0.01945,3.06258,0.01305,0.09913,0.00033,0.00006,
10.673,5.09875,0.01945,3.05524,0.01468,0.09915,0.00033,0.00006,
10.674,5.09750,0.02049,2.95740,2.70544,0.10446,0.00033,0.00006,
10.675,5.09750,0.02028,1.53292,0.00163,0.10339,0.00033,0.00006,
10.676,5.09875,0.01986,1.53292,0.00163,0.10128,0.00033,0.00006,
10.677,5.09750,0.02133,1.44893,0.00571,0.10872,0.00033,0.00006,
10.678,5.09500,0.02175,1.40817,0.00000,0.11080,0.00033,0.00006,
10.679,5.09750,0.02049,1.33234,1.62750,0.10446,0.00033,0.00006,
10.680,5.10000,0.02070,2.24067,2.91662,0.10557,0.00033,0.00006,
10.681,5.10000,0.02091,1.54841,0.00978,0.10664,0.00033,0.00006,
10.682,5.09750,0.02091,1.14398,1.45383,0.10659,0.00033,0.00006,
10.683,5.09625,0.02007,3.05442,0.01468,0.10230,0.00033,0.00006,
10.684,5.09625,0.02154,3.08948,0.48678,0.10976,0.00033,0.00006,
10.685,5.09500,0.02091,1.71393,1.14072,0.10654,0.00033,0.00006,
10.686,5.09500,0.01966,1.39593,1.66990,0.10014,0.00033,0.00006,
10.687,5.09750,0.01945,1.39593,1.66990,0.09913,0.00033,0.00006,
10.688,5.09500,0.02049,2.09880,0.03669,0.10441,0.00033,0.00006,
10.689,5.09750,0.02028,2.56112,2.06455,0.10339,0.00033,0.00006,
10.690,5.09750,0.01986,1.50112,1.58918,0.10126,0.00033,0.00006,
10.691,5.09750,0.01986,3.07237,0.02772,0.10126,0.00033,0.00006,
10.692,5.09750,0.01945,3.06747,0.01142,0.09913,0.00033,0.00006,
10.693,5.09625,0.02049,3.05606,0.01631,0.10443,0.00033,0.00006,
10.694,5.09625,0.01903,3.14656,0.01142,0.09697,0.00033,0.00006,
10.695,5.09875,0.02049,1.82891,0.00978,0.10448,0.00033,0.00006,
10.696,5.09625,0.02007,1.50520,0.00897,0.10230,0.00033,0.00006,
10.697,5.09875,0.01945,2.48692,0.00571,0.09915,0.00033,0.00006,
10.698,5.09625,0.01924,2.48692,0.00571,0.09804,0.00033,0.00006,
10.699,5.09625,0.02028,1.53373,0.00652,0.10337,0.00033,0.00006,
10.700,5.09875,0.02028,2.75436,0.64007,0.10342,0.00033,0.00006,
10.701,5.09625,0.02028,0.66861,1.50356,0.10337,0.00033,0.00006,
10.702,5.09625,0.02007,1.17089,1.25487,0.10230,0.00033,0.00007,
10.703,5.09750,0.02091,3.05116,0.01305,0.10659,0.00033,0.00007,
10.704,5.09875,0.02028,2.25290,1.62098,0.10342,0.00033,0.00007,
10.705,5.09625,0.02091,3.06909,0.00000,0.10656,0.00033,0.00007,
10.706,5.09750,0.02049,0.72324,2.16891,0.10446,0.00033,0.00007,
10.707,5.09625,0.02112,0.72324,2.16891,0.10763,0.00033,0.00007,
10.708,5.09625,0.02070,2.93945,2.66956,0.10550,0.00033,0.00007,
10.709,5.09625,0.02070,2.90031,1.22552,0.10550,0.00033,0.00007,
10.710,5.09750,0.02154,2.90031,1.22552,0.10979,0.00033,0.00007,
10.711,5.10000,0.02133,1.87049,0.00326,0.10877,0.00033,0.00007,
10.712,5.10000,0.01986,0.92546,1.28586,0.10131,0.00033,0.00007,
10.713,5.09250,0.02133,3.06502,0.01957,0.10861,0.00033,0.00007,
10.714,5.09625,0.02091,0.73711,2.05232,0.10656,0.00033,0.00007,
10.715,5.09625,0.02049,1.30217,1.12604,0.10443,0.00033,0.00007,
10.716,5.09625,0.02091,1.59489,1.78813,0.10656,0.00033,0.00007,
10.717,5.09625,0.02133,3.07970,1.82156,0.10869,0.00033,0.00007,
10.718,5.09750,0.02133,1.76612,1.22715,0.10872,0.00033,0.00007,
10.719,5.09625,0.02007,3.09437,1.28830,0.10230,0.00033,0.00007,
10.720,5.09625,0.01903,1.03472,1.80689,0.09697,0.00033,0.00007,
10.721,5.09750,0.01903,1.03472,1.80689,0.09700,0.00033,0.00007,
10.722,5.09750,0.01966,1.97729,0.00245,0.10019,0.00033,0.00007,
10.723,5.09875,0.01882,3.05603,0.02365,0.09595,0.00033,0.00007,
10.724,5.09875,0.02028,2.73967,2.07432,0.10342,0.00033,0.00007,
10.725,5.09500,0.02175,1.11870,1.21980,0.11080,0.00033,0.00007,
10.726,5.09500,0.01966,2.48446,1.95446,0.10014,0.00033,0.00007,
10.727,5.09500,0.01966,0.62866,2.08003,0.10014,0.00033,0.00007,
10.728,5.09625,0.01966,1.06244,1.15376,0.10017,0.00033,0.00007,
10.729,5.09875,0.02112,1.68294,1.91124,0.10768,0.00033,0.00007,
10.730,5.09625,0.02007,1.87129,0.00326,0.10230,0.00033,0.00007,
10.731,5.10125,0.01966,1.34456,1.55085,0.10027,0.00033,0.00007,
10.732,5.09750,0.02049,1.34456,1.55085,0.10446,0.00033,0.00007,
10.733,5.09875,0.02049,3.05761,0.01875,0.10448,0.00033,0.00007,
10.734,5.09500,0.01903,1.81173,0.97028,0.09695,0.00033,0.00007,
10.735,5.09500,0.02007,2.38004,2.93449,0.10227,0.00033,0.00007,
10.736,5.09750,0.02007,2.84724,1.44319,0.10233,0.00033,0.00007,
10.737,5.09750,0.02049,0.48106,0.90587,0.10446,0.00033,0.00007,
10.738,5.09750,0.02007,2.83257,2.47544,0.10233,0.00033,0.00007,
10.739,5.09750,0.01903,1.72449,2.77305,0.09700,0.00033,0.00007,
10.740,5.09750,0.02070,1.48885,1.66905,0.10552,0.00033,0.00007,
10.741,5.09625,0.02028,2.87170,2.77794,0.10337,0.00033,0.00007,
10.742,5.09500,0.02007,1.40650,0.00000,0.10227,0.00033,0.00007,
10.743,5.09500,0.02028,1.40650,0.00000,0.10334,0.00033,0.00007,
10.744,5.09750,0.01924,2.31388,2.42314,0.09806,0.00033,0.00007,
10.745,5.09750,0.01924,3.08355,0.14920,0.09806,0.00033,0.00007,
10.746,5.09875,0.01903,1.40969,0.16959,0.09702,0.00033,0.00007,
10.747,5.09875,0.02070,1.64695,2.98571,0.10555,0.00033,0.00007,
10.748,5.09750,0.02070,2.19159,0.00652,0.10552,0.00033,0.00007,
10.749,5.09625,0.02007,1.32245,0.00489,0.10230,0.00033,0.00007,
10.750,5.09750,0.02070,1.46024,1.46595,0.10552,0.00033,0.00007,
10.751,5.09750,0.02049,2.20952,1.16836,0.10446,0.00033,0.00007,
10.752,5.09375,0.01924,0.79412,1.51161,0.09799,0.00033,0.00007,
10.753,5.09750,0.02091,3.05338,0.02691,0.10659,0.00033,0.00007,
10.754,5.09750,0.02091,3.05338,0.02691,0.10659,0.00033,0.00007,
10.755,5.09750,0.02049,0.81859,1.46351,0.10446,0.00033,0.00007,
10.756,5.09750,0.01986,3.06969,0.03017,0.10126,0.00033,0.00007,
10.757,5.09375,0.01945,3.08029,0.12311,0.09905,0.00033,0.00007,
10.758,5.09750,0.02007,3.07948,0.00652,0.10233,0.00033,0.00007,
10.759,5.09625,0.02007,3.07377,0.08235,0.10230,0.00033,0.00007,
10.760,5.09750,0.01903,1.17162,1.70566,0.09700,0.00033,0.00007,
10.761,5.09500,0.02049,0.70444,1.50509,0.10441,0.00033,0.00007,
10.762,5.09500,0.01966,1.86791,2.52669,0.10014,0.00033,0.00007,
10.763,5.09500,0.01966,3.05339,0.02609,0.10014,0.00033,0.00007,
10.764,5.09625,0.01966,1.75458,0.00652,0.10017,0.00033,0.00007,
10.765,5.09500,0.02028,1.75458,0.00652,0.10334,0.00033,0.00007,
10.766,5.09750,0.02007,3.09415,0.47941,0.10233,0.00033,0.00007,
10.767,5.09625,0.01966,1.83529,2.35058,0.10017,0.00033,0.00007,
10.768,5.09750,0.02028,2.37014,0.00489,0.10339,0.00033,0.00007,
10.769,5.09625,0.02049,2.26008,0.00489,0.10443,0.00033,0.00007,
10.770,5.09750,0.01945,2.00243,0.00245,0.09913,0.00033,0.00007,
10.771,5.09750,0.01966,1.66897,0.00815,0.10019,0.00033,0.00007,
10.772,5.09750,0.02070,1.62249,0.00000,0.10552,0.00033,0.00007,
10.773,5.09875,0.02070,3.05583,0.01794,0.10555,0.00033,0.00007,
10.774,5.09750,0.02070,3.09008,1.19200,0.10552,0.00033,0.00007,
10.775,5.09500,0.01986,2.38482,2.56745,0.10121,0.00033,0.00007,
10.776,5.10000,0.02112,2.38482,2.56745,0.10771,0.00033,0.00007,
10.777,5.10000,0.02007,1.31920,0.00326,0.10238,0.00033,0.00007,
10.778,5.09500,0.02007,1.89645,0.00408,0.10227,0.00033,0.00007,
10.779,5.09875,0.02091,2.30982,0.00408,0.10661,0.00033,0.00007,
10.780,5.09875,0.02133,1.10314,0.34896,0.10875,0.00033,0.00007,
10.781,5.09875,0.01945,1.21565,0.09458,0.09915,0.00033,0.00007,
10.782,5.09750,0.01945,1.83285,0.00000,0.09913,0.00033,0.00007,
10.783,5.10000,0.02070,3.05258,0.01875,0.10557,0.00033,0.00007,
10.784,5.09750,0.02112,2.30901,1.70077,0.10765,0.00033,0.00007,
10.785,5.09750,0.01945,0.90094,1.00367,0.09913,0.00033,0.00007,
10.786,5.09250,0.02007,1.91765,1.20179,0.10222,0.00033,0.00007,
10.787,5.09625,0.02070,1.91765,1.20179,0.10550,0.00033,0.00007,
10.788,5.09750,0.02028,3.06807,0.01631,0.10339,0.00033,0.00007,
10.789,5.10000,0.01924,1.72849,1.96004,0.09811,0.00033,0.00007,
10.790,5.10000,0.01903,1.99918,0.00245,0.09704,0.00033,0.00007,
10.791,5.09625,0.01903,1.62902,0.00815,0.09697,0.00033,0.00007,
10.792,5.09875,0.02028,1.67794,0.00326,0.10342,0.00033,0.00007,
10.793,5.09875,0.02028,3.05095,0.01794,0.10342,0.00033,0.00007,
10.794,5.09875,0.01945,2.16958,0.00408,0.09915,0.00033,0.00007,
10.795,5.09500,0.01986,1.57684,2.00570,0.10121,0.00033,0.00007,
10.796,5.09625,0.02007,0.74684,1.68773,0.10230,0.00033,0.00007,
10.797,5.09875,0.01986,1.47248,0.68732,0.10128,0.00033,0.00007,
10.798,5.09625,0.02091,1.47248,0.68732,0.10656,0.00033,0.00007,
10.799,5.09625,0.02175,3.09253,0.44924,0.11082,0.00033,0.00007,
10.800,5.09625,0.02175,1.45536,0.00571,0.11082,0.00033,0.00007,
10.801,5.09750,0.01966,2.12882,2.81206,0.10019,0.00033,0.00007,
10.802,5.09625,0.02133,1.17570,1.70322,0.10869,0.00033,0.00007,
10.803,5.09750,0.02049,3.05584,0.01468,0.10446,0.00033,0.00007,
10.804,5.09500,0.01966,1.75214,0.00734,0.10014,0.00033,0.00007,
10.805,5.09750,0.02133,3.09579,0.62617,0.10872,0.00033,0.00007,
10.806,5.09500,0.02112,2.34896,0.00734,0.10760,0.00033,0.00007,
10.807,5.09750,0.02007,0.44435,0.91398,0.10233,0.00033,0.00007,
10.808,5.09750,0.02112,2.37342,0.00897,0.10765,0.00033,0.00007,
10.809,5.09500,0.02112,2.37342,0.00897,0.10760,0.00033,0.00007,
10.810,5.09750,0.02091,3.09744,0.62454,0.10659,0.00033,0.00007,
10.811,5.09750,0.02028,0.96372,1.30045,0.10339,0.00033,0.00007,
10.812,5.09875,0.02091,2.05137,0.00489,0.10661,0.00033,0.00007,
10.813,5.09750,0.02112,3.05504,0.02201,0.10765,0.00033,0.00007,
10.814,5.09625,0.02028,1.45536,0.00326,0.10337,0.00033,0.00007,
10.815,5.09625,0.02154,1.94375,1.32654,0.10976,0.00033,0.00007,
10.816,5.09500,0.02112,1.66979,0.00652,0.10760,0.00033,0.00007,
10.817,5.09500,0.01924,0.61965,2.07257,0.09801,0.00033,0.00007,
10.818,5.09625,0.01924,1.25642,1.38198,0.09804,0.00033,0.00007,
10.819,5.09500,0.01924,3.07053,0.03261,0.09801,0.00033,0.00007,
10.820,5.10125,0.02091,3.07053,0.03261,0.10667,0.00033,0.00007,
10.821,5.09500,0.02007,3.07546,0.04403,0.10227,0.00033,0.00007,
10.822,5.09875,0.01903,2.12641,1.27927,0.09702,0.00033,0.00007,
10.823,5.09750,0.02070,3.04856,0.01875,0.10552,0.00033,0.00007,
10.824,5.09875,0.02070,1.48066,0.00326,0.10555,0.00033,0.00007,
10.825,5.09500,0.01945,2.38813,2.62702,0.09908,0.00033,0.00007,
10.826,5.09500,0.01945,1.04527,1.35102,0.09908,0.00033,0.00007,
10.827,5.09625,0.01945,2.19816,2.93441,0.09910,0.00033,0.00007,
10.828,5.09625,0.02028,0.49328,1.07054,0.10337,0.00033,0.00007,
10.829,5.09750,0.01945,1.35591,0.00489,0.09913,0.00033,0.00007,
10.830,5.09625,0.01986,0.44844,0.95313,0.10123,0.00033,0.00007,
10.831,5.09625,0.02028,0.44844,0.95313,0.10337,0.00033,0.00007,
10.832,5.09875,0.02091,2.97848,0.00978,0.10661,0.00034,0.00007,
10.833,5.09875,0.02007,3.05838,0.02201,0.10235,0.00034,0.00007,
10.834,5.09500,0.01924,1.69022,0.00652,0.09801,0.00034,0.00007,
10.835,5.09500,0.02007,2.00087,2.03022,0.10227,0.00034,0.00007,
10.836,5.09500,0.02007,2.13866,0.11741,0.10227,0.00034,0.00007,
10.837,5.09625,0.01924,1.63396,1.34614,0.09804,0.00034,0.00007,
10.838,5.09375,0.01986,0.54221,1.05751,0.10118,0.00034,0.00007,
10.839,5.09375,0.01924,1.40974,0.00326,0.09799,0.00034,0.00007,
10.840,5.09625,0.01986,1.45866,0.00408,0.10123,0.00034,0.00007,
10.841,5.09625,0.02007,3.06979,0.02772,0.10230,0.00034,0.00007,
10.842,5.09500,0.02070,3.06979,0.02772,0.10547,0.00034,0.00007,
10.843,5.09500,0.01945,3.05770,0.01957,0.09908,0.00034,0.00007,
10.844,5.09500,0.02007,1.51907,1.42774,0.10227,0.00034,0.00007,
10.845,5.09750,0.02007,2.40784,2.64593,0.10233,0.00034,0.00007,
10.846,5.09500,0.02112,1.51662,0.02365,0.10760,0.00034,0.00007,
10.847,5.09750,0.02112,0.67840,2.08168,0.10765,0.00034,0.00007,
10.848,5.09625,0.01966,1.58511,0.00326,0.10017,0.00034,0.00007,
10.849,5.09875,0.02028,3.07483,0.08398,0.10342,0.00034,0.00007,
10.850,5.09875,0.02091,3.10826,0.01060,0.10661,0.00034,0.00007,
10.851,5.09500,0.01966,1.84767,0.00408,0.10014,0.00034,0.00007,
10.852,5.09750,0.02112,1.41388,0.00408,0.10765,0.00034,0.00007,
10.853,5.09750,0.02049,1.41388,0.00408,0.10446,0.00034,0.00007,
10.854,5.09625,0.02049,3.07564,0.03751,0.10443,0.00034,0.00007,
10.855,5.09750,0.02028,0.39302,1.16356,0.10339,0.00034,0.00007,
10.856,5.09625,0.02007,1.48727,0.00326,0.10230,0.00034,0.00007,
10.857,5.09625,0.02028,0.46151,0.98662,0.10337,0.00034,0.00007,
10.858,5.09625,0.01966,2.27819,0.00571,0.10017,0.00034,0.00007,
10.859,5.09875,0.01986,3.18327,0.00734,0.10128,0.00034,0.00007,
10.860,5.09750,0.02049,1.52559,0.00245,0.10446,0.00034,0.00007,
10.861,5.09875,0.01903,2.31488,0.00489,0.09702,0.00034,0.00007,
10.862,5.09875,0.01945,1.18313,0.11823,0.09915,0.00034,0.00007,
10.863,5.09250,0.01945,3.05200,0.01712,0.09903,0.00034,0.00007,
10.864,5.09500,0.02070,3.05200,0.01712,0.10547,0.00034,0.00007,
10.865,5.09750,0.02007,0.74119,1.50602,0.10233,0.00034,0.00007,
10.866,5.09500,0.01840,1.80527,2.58396,0.09375,0.00034,0.00007,
10.867,5.09875,0.02028,1.40817,1.50194,0.10342,0.00034,0.00007,
10.868,5.09625,0.01966,2.38582,0.00408,0.10017,0.00034,0.00007,
10.869,5.09750,0.02028,2.38582,0.00408,0.10339,0.00034,0.00007,
10.870,5.09875,0.01924,3.06667,0.01794,0.09809,0.00034,0.00007,
10.871,5.09875,0.02070,1.43100,1.54353,0.10555,0.00034,0.00007,
10.872,5.09875,0.02070,1.12034,1.49868,0.10555,0.00034,0.00007,
10.873,5.09875,0.01924,3.05770,0.02202,0.09809,0.00034,0.00007,
10.874,5.09875,0.02007,0.91731,0.86757,0.10235,0.00034,0.00007,
10.875,5.09875,0.02028,3.06749,1.57044,0.10342,0.00034,0.00007,
10.876,5.09750,0.02049,3.06749,1.57044,0.10446,0.00034,0.00007,
10.877,5.10125,0.01945,3.09105,0.29924,0.09920,0.00034,0.00007,
10.878,5.09875,0.02112,1.52962,1.70003,0.10768,0.00034,0.00007,
10.879,5.10125,0.02091,2.21290,0.00408,0.10667,0.00034,0.00007,
10.880,5.10125,0.02049,1.45624,0.01060,0.10453,0.00034,0.00007,
10.881,5.09625,0.02049,1.80114,0.00326,0.10443,0.00034,0.00007,
10.882,5.09750,0.02133,1.89001,0.00734,0.10872,0.00034,0.00007,
10.883,5.09625,0.02070,3.05925,0.01875,0.10550,0.00034,0.00007,
10.884,5.09500,0.01924,2.20067,0.00326,0.09801,0.00034,0.00007,
10.885,5.09500,0.01945,1.85251,2.21779,0.09908,0.00034,0.00007,
10.886,5.09625,0.01986,2.02781,0.00978,0.10123,0.00034,0.00007,
10.887,5.10000,0.02112,2.02781,0.00978,0.10771,0.00034,0.00007,
10.888,5.09625,0.01966,1.39581,0.00489,0.10017,0.00034,0.00007,
10.889,5.09625,0.01986,1.67954,0.00326,0.10123,0.00034,0.00007,
10.890,5.09750,0.01986,1.45941,0.00000,0.10126,0.00034,0.00007,
10.891,5.09750,0.02049,2.18259,0.00326,0.10446,0.00034,0.00007,
10.892,5.09625,0.01966,3.06883,0.01549,0.10017,0.00034,0.00007,
10.893,5.09625,0.01903,3.05416,0.02038,0.09697,0.00034,0.00007,
10.894,5.09500,0.02028,2.33016,0.00326,0.10334,0.00034,0.00007,
10.895,5.09625,0.01924,0.83977,1.83771,0.09804,0.00034,0.00007,
10.896,5.09750,0.02007,2.22988,0.00815,0.10233,0.00034,0.00007,
10.897,5.09875,0.02028,1.54175,0.00326,0.10342,0.00034,0.00007,
10.898,5.09625,0.02007,1.54175,0.00326,0.10230,0.00034,0.00007,
10.899,5.09625,0.02007,3.08213,0.13450,0.10230,0.00034,0.00007,
10.900,5.09625,0.01945,0.68800,1.50316,0.09910,0.00034,0.00007,
10.901,5.09625,0.02112,1.20399,1.29774,0.10763,0.00034,0.00007,
10.902,5.09750,0.02070,2.16996,0.00978,0.10552,0.00034,0.00007,
10.903,5.09750,0.01986,3.05115,0.01712,0.10126,0.00034,0.00007,
10.904,5.10000,0.02112,1.83004,0.00734,0.10771,0.00034,0.00007,
10.905,5.09750,0.02049,0.94151,1.05482,0.10446,0.00034,0.00007,
10.906,5.09500,0.02007,3.04870,1.22519,0.10227,0.00034,0.00007,
10.907,5.09750,0.02112,3.06419,0.02201,0.10765,0.00034,0.00007,
10.908,5.09750,0.02049,3.09109,0.30079,0.10446,0.00034,0.00007,
10.909,5.09875,0.02049,3.09109,0.30079,0.10448,0.00034,0.00007,
10.910,5.09875,0.02007,3.08917,0.26083,0.10235,0.00034,0.00007,
10.911,5.09625,0.02133,2.22437,0.00734,0.10869,0.00034,0.00007,
10.912,5.09500,0.02133,3.07043,0.04401,0.10867,0.00034,0.00007,
10.913,5.09875,0.01986,3.05413,0.01956,0.10128,0.00034,0.00007,
10.914,5.10000,0.02175,3.08184,0.17117,0.11091,0.00034,0.00007,
10.915,5.09750,0.02007,1.11585,1.22589,0.10233,0.00034,0.00007,
10.916,5.09750,0.01986,3.07532,1.88529,0.10126,0.00034,0.00007,
10.917,5.09750,0.01924,3.08265,0.24127,0.09806,0.00034,0.00007,
10.918,5.09625,0.01924,1.11422,1.25360,0.09804,0.00034,0.00007,
10.919,5.09875,0.01986,3.07613,0.07010,0.10128,0.00034,0.00007,
10.920,5.09625,0.02028,3.07613,0.07010,0.10337,0.00034,0.00007,
10.921,5.09500,0.01945,0.51595,1.17373,0.09908,0.00034,0.00007,
10.922,5.09625,0.01924,3.06800,0.02608,0.09804,0.00034,0.00007,
10.923,5.09375,0.02070,3.05251,0.02771,0.10545,0.00034,0.00007,
10.924,5.09750,0.02070,3.06148,0.01386,0.10552,0.00034,0.00007,
10.925,5.09875,0.01986,3.06229,1.44108,0.10128,0.00034,0.00007,
10.926,5.09875,0.02091,3.06311,0.01467,0.10661,0.00034,0.00007,
10.927,5.09750,0.02091,1.89101,0.00815,0.10659,0.00034,0.00007,
10.928,5.09625,0.02028,3.04925,1.13297,0.10337,0.00034,0.00007,
10.929,5.09500,0.02007,1.53481,1.66360,0.10227,0.00034,0.00007,
10.930,5.09625,0.02091,0.91127,0.56404,0.10656,0.00034,0.00007,
10.931,5.09750,0.02049,0.91127,0.56404,0.10446,0.00034,0.00007,
10.932,5.09875,0.02070,2.32712,1.50305,0.10555,0.00034,0.00007,
10.933,5.09750,0.02091,3.07049,0.02119,0.10659,0.00034,0.00007,
10.934,5.09875,0.02049,0.88112,1.47207,0.10448,0.00034,0.00007,
10.935,5.09875,0.02007,3.06886,0.01630,0.10235,0.00034,0.00007,
10.936,5.09625,0.02007,1.56826,0.92433,0.10230,0.00034,0.00007,
10.937,5.09750,0.02049,3.07456,0.05217,0.10446,0.00034,0.00007,
10.938,5.09625,0.02007,3.06804,0.02608,0.10230,0.00034,0.00007,
10.939,5.09625,0.01945,1.67096,0.00652,0.09910,0.00034,0.00007,
10.940,5.09625,0.02028,2.19751,0.00408,0.10337,0.00034,0.00007,
10.941,5.09625,0.02070,3.06723,0.02119,0.10550,0.00034,0.00007,
10.942,5.09750,0.01945,3.06723,0.02119,0.09913,0.00034,0.00007,
10.943,5.09750,0.01945,3.05504,0.02201,0.09913,0.00034,0.00007,
10.944,5.09750,0.02049,2.03044,0.00326,0.10446,0.00034,0.00007,
10.945,5.09875,0.02049,3.04363,0.99688,0.10448,0.00034,0.00007,
10.946,5.09625,0.01966,2.19184,1.09062,0.10017,0.00034,0.00007,
10.947,5.09875,0.01986,3.06808,0.02771,0.10128,0.00034,0.00007,
10.948,5.09750,0.02112,3.08031,0.16221,0.10765,0.00034,0.00007,
10.949,5.09750,0.02070,3.02651,0.00815,0.10552,0.00034,0.00007,
10.950,5.09625,0.02049,3.07460,0.05869,0.10443,0.00034,0.00007,
10.951,5.09875,0.02007,3.07216,0.08314,0.10235,0.00034,0.00007,
10.952,5.09625,0.02091,3.07705,0.12553,0.10656,0.00034,0.00007,
10.953,5.09625,0.02049,3.07705,0.12553,0.10443,0.00034,0.00007,
10.954,5.09875,0.02049,0.48338,1.32869,0.10448,0.00034,0.00007,
10.955,5.09500,0.02028,1.04584,0.20786,0.10334,0.00034,0.00007,
10.956,5.09875,0.02133,3.09268,0.52985,0.10875,0.00034,0.00007,
10.957,5.09625,0.02007,3.06578,0.01467,0.10230,0.00034,0.00007,
10.958,5.09625,0.01945,3.09594,0.57387,0.09910,0.00034,0.00007,
10.959,5.10000,0.02049,1.97918,0.00163,0.10451,0.00034,0.00007,
10.960,5.09750,0.01924,0.93987,1.15588,0.09806,0.00034,0.00007,
10.961,5.09750,0.01966,1.35070,0.00815,0.10019,0.00034,0.00007,
10.962,5.09750,0.02175,3.09105,0.78499,0.11085,0.00034,0.00007,
10.963,5.09750,0.02175,3.05518,0.00897,0.11085,0.00034,0.00007,
10.964,5.09500,0.01945,3.05518,0.00897,0.09908,0.00034,0.00007,
10.965,5.09875,0.02007,1.92306,0.31956,0.10235,0.00034,0.00007,
10.966,5.09750,0.02049,3.07331,0.05299,0.10446,0.00034,0.00007,
10.967,5.09750,0.01966,2.18393,0.00408,0.10019,0.00034,0.00007,
10.968,5.09875,0.02070,3.08065,0.08967,0.10555,0.00034,0.00007,
10.969,5.09750,0.02028,3.07331,0.03261,0.10339,0.00034,0.00007,
10.970,5.09625,0.02049,1.72578,0.00408,0.10443,0.00034,0.00007,
10.971,5.09625,0.01903,2.20838,0.00652,0.09697,0.00034,0.00007,
10.972,5.09750,0.01903,3.09124,0.47771,0.09700,0.00034,0.00007,
10.973,5.09625,0.01966,3.05375,0.01467,0.10017,0.00034,0.00007,
10.974,5.09875,0.02028,3.08798,0.42146,0.10342,0.00034,0.00007,
10.975,5.09750,0.02028,3.08798,0.42146,0.10339,0.00034,0.00007,
10.976,5.09750,0.02007,2.16124,2.45636,0.10233,0.00034,0.00007,
10.977,5.09875,0.02091,1.75687,0.00163,0.10661,0.00034,0.00007,
10.978,5.10000,0.02070,3.09389,0.48671,0.10557,0.00034,0.00007,
10.979,5.09750,0.01986,2.02183,0.00489,0.10126,0.00034,0.00007,
10.980,5.09750,0.02070,1.55550,2.54441,0.10552,0.00034,0.00007,
10.981,5.09875,0.02070,3.07351,0.04973,0.10555,0.00034,0.00007,
10.982,5.09625,0.02028,3.08247,0.19077,0.10337,0.00034,0.00007,
10.983,5.09500,0.01986,3.14932,0.01549,0.10121,0.00034,0.00007,
10.984,5.09875,0.01903,3.07514,0.07174,0.09702,0.00034,0.00007,
10.985,5.09750,0.02028,2.83056,1.78948,0.10339,0.00034,0.00007,
10.986,5.10000,0.02091,2.83056,1.78948,0.10664,0.00034,0.00007,
10.987,5.09875,0.01945,0.48100,1.32152,0.09915,0.00034,0.00007,
10.988,5.09625,0.02007,3.06780,0.01467,0.10230,0.00034,0.00007,
10.989,5.09625,0.02007,1.98269,1.56447,0.10230,0.00034,0.00007,
10.990,5.09750,0.02007,1.65822,1.32234,0.10233,0.00034,0.00007,
10.991,5.09625,0.01966,3.06780,0.01957,0.10017,0.00034,0.00007,
10.992,5.09750,0.01924,3.08492,0.23479,0.09806,0.00034,0.00007,
10.993,5.09875,0.02007,3.05475,0.01467,0.10235,0.00034,0.00007,
10.994,5.09875,0.02007,2.83545,1.75279,0.10235,0.00034,0.00007,
10.995,5.09750,0.01986,0.39866,1.94193,0.10126,0.00034,0.00007,
10.996,5.09750,0.02070,3.07350,0.05055,0.10552,0.00034,0.00007,
10.997,5.09750,0.02070,3.07350,0.05055,0.10552,0.00034,0.00007,
10.998,5.09750,0.02028,1.63051,0.14838,0.10339,0.00034,0.00007,
10.999,5.09625,0.02028,1.87998,0.00652,0.10337,0.00034,0.00007,
11.000,5.09875,0.02112,2.34141,0.00245,0.10768,0.00034,0.00007,
11.001,5.09625,0.02049,3.07677,0.10517,0.10443,0.00034,0.00007,
11.002,5.09750,0.02049,3.08982,0.24621,0.10446,0.00034,0.00007,
11.003,5.09875,0.02070,3.05639,0.01141,0.10555,0.00034,0.00007,
11.004,5.09625,0.02091,3.02623,0.85765,0.10656,0.00034,0.00007,
11.005,5.09625,0.02007,2.48327,2.69034,0.10230,0.00034,0.00007,
11.006,5.09750,0.02112,3.06943,0.03832,0.10765,0.00034,0.00007,
11.007,5.09750,0.02133,2.18814,1.27832,0.10872,0.00034,0.00007,
11.008,5.10000,0.02133,2.18814,1.27832,0.10877,0.00034,0.00007,
11.009,5.09750,0.01966,1.73406,1.86939,0.10019,0.00034,0.00007,
11.010,5.09625,0.02154,0.57557,1.31339,0.10976,0.00034,0.00007,
11.011,5.09875,0.02070,3.08903,0.52258,0.10555,0.00034,0.00007,
11.012,5.09625,0.02049,2.52405,2.94065,0.10443,0.00034,0.00007,
11.013,5.10000,0.01924,3.05560,0.01957,0.09811,0.00034,0.00007,
11.014,5.09875,0.01986,2.48736,2.70504,0.10128,0.00034,0.00007,
11.015,5.09750,0.02028,1.85717,2.70341,0.10339,0.00034,0.00007,
11.016,5.09750,0.01945,3.05560,1.45687,0.09913,0.00034,0.00007,
11.017,5.09500,0.01945,1.74874,2.64878,0.09908,0.00034,0.00007,
11.018,5.09875,0.01966,3.06375,1.83923,0.10022,0.00034,0.00007,
11.019,5.09750,0.02007,3.06375,1.83923,0.10233,0.00034,0.00007,
11.020,5.09750,0.01945,3.06949,0.01712,0.09913,0.00034,0.00007,
11.021,5.09500,0.01986,3.13471,0.00978,0.10121,0.00034,0.00007,
11.022,5.09875,0.02091,3.07112,0.04076,0.10661,0.00034,0.00007,
11.023,5.09375,0.02028,3.05482,0.01304,0.10331,0.00034,0.00007,
11.024,5.09625,0.01945,2.97492,1.81968,0.09910,0.00034,0.00007,
11.025,5.09625,0.02133,1.62646,0.40927,0.10869,0.00034,0.00007,
11.026,5.09750,0.02133,2.51348,1.93545,0.10872,0.00034,0.00007,
11.027,5.09625,0.02112,1.77973,0.00571,0.10763,0.00034,0.00007,
11.028,5.09750,0.01986,3.08580,1.35742,0.10126,0.00034,0.00007,
11.029,5.09625,0.02133,3.07438,0.05218,0.10869,0.00034,0.00007,
11.030,5.09750,0.02049,3.07438,0.05218,0.10446,0.00034,0.00007,
11.031,5.09625,0.02007,1.69904,0.15246,0.10230,0.00034,0.00007,
11.032,5.09500,0.02133,1.69904,0.15246,0.10867,0.00034,0.00007,
11.033,5.09750,0.02091,1.58734,0.00408,0.10659,0.00034,0.00007,
11.034,5.09875,0.02070,1.30444,0.16958,0.10555,0.00034,0.00007,
11.035,5.09875,0.02070,2.47111,2.68063,0.10555,0.00034,0.00007,
11.036,5.09500,0.02070,1.98928,0.75495,0.10547,0.00034,0.00007,
11.037,5.09625,0.02175,3.05077,0.00652,0.11082,0.00034,0.00007,
11.038,5.09500,0.02028,1.05986,0.46389,0.10334,0.00034,0.00007,
11.039,5.09625,0.02091,3.06870,0.03261,0.10656,0.00034,0.00007,
11.040,5.09625,0.02133,3.07115,0.03261,0.10869,0.00034,0.00007,
11.041,5.09500,0.02007,3.08990,0.22012,0.10227,0.00034,0.00007,
11.042,5.09625,0.02049,3.08990,0.22012,0.10443,0.00034,0.00007,
11.043,5.09500,0.01966,3.05891,0.02120,0.10014,0.00034,0.00007,
11.044,5.09500,0.02028,2.33168,0.01060,0.10334,0.00034,0.00007,
11.045,5.09625,0.02028,1.10959,0.33019,0.10337,0.00034,0.00007,
11.046,5.09500,0.02070,1.68028,2.66105,0.10547,0.00034,0.00007,
11.047,5.09500,0.02091,3.09152,0.37666,0.10654,0.00034,0.00007,
11.048,5.09875,0.02112,3.21789,0.00652,0.10768,0.00034,0.00007,
11.049,5.09875,0.01986,3.16652,0.00489,0.10128,0.00034,0.00007,
11.050,5.09750,0.02154,1.96481,1.23840,0.10979,0.00034,0.00007,
11.051,5.09875,0.02049,1.77730,0.00489,0.10448,0.00034,0.00007,
11.052,5.09750,0.02070,3.09478,1.20090,0.10552,0.00034,0.00007,
11.053,5.09750,0.02070,3.09478,1.20090,0.10552,0.00034,0.00007,
11.054,5.09625,0.02070,2.16859,2.83466,0.10550,0.00034,0.00007,
11.055,5.09375,0.02133,1.77727,1.90934,0.10864,0.00034,0.00007,
11.056,5.09750,0.01945,2.89254,0.00652,0.09913,0.00034,0.00007,
11.057,5.09500,0.02007,1.73895,0.00571,0.10227,0.00034,0.00007,
11.058,5.09625,0.02007,3.14120,0.01304,0.10230,0.00034,0.00007,
11.059,5.09750,0.02007,1.65090,0.01141,0.10233,0.00034,0.00007,
11.060,5.09875,0.02112,3.07924,0.06441,0.10768,0.00034,0.00007,
11.061,5.09750,0.02028,0.82993,1.14136,0.10339,0.00034,0.00007,
11.062,5.09750,0.01924,2.12864,0.00734,0.09806,0.00034,0.00007,
11.063,5.09875,0.01924,3.05967,0.02038,0.09809,0.00034,0.00007,
11.064,5.09750,0.01966,3.05967,0.02038,0.10019,0.00034,0.00007,
11.065,5.09875,0.02028,2.60381,0.78017,0.10342,0.00034,0.00007,
11.066,5.09750,0.01903,1.74050,0.00163,0.09700,0.00034,0.00007,
11.067,5.09750,0.01945,3.07746,0.07337,0.09913,0.00034,0.00007,
11.068,5.09750,0.02091,3.09050,0.35788,0.10659,0.00034,0.00007,
11.069,5.09500,0.01966,1.51549,2.52881,0.10014,0.00034,0.00007,
11.070,5.09625,0.01945,3.07175,0.03098,0.09910,0.00034,0.00007,
11.071,5.09625,0.02007,1.92881,0.07337,0.10230,0.00034,0.00007,
11.072,5.09875,0.02007,3.07338,0.03995,0.10235,0.00034,0.00007,
11.073,5.09750,0.02028,3.05382,0.02120,0.10339,0.00034,0.00007,
11.074,5.09500,0.02007,1.14131,1.26033,0.10227,0.00034,0.00007,
11.075,5.09750,0.01945,1.14131,1.26033,0.09913,0.00034,0.00007,
11.076,5.09625,0.02028,1.68912,2.08613,0.10337,0.00034,0.00007,
11.077,5.09875,0.01945,0.73043,1.45027,0.09915,0.00034,0.00007,
11.078,5.09875,0.01986,3.09129,0.43614,0.10128,0.00034,0.00007,
11.079,5.09875,0.02112,3.06113,1.51467,0.10768,0.00034,0.00007,
11.080,5.09875,0.02112,3.06521,0.01060,0.10768,0.00034,0.00007,
11.081,5.09375,0.02112,2.66249,2.53369,0.10758,0.00034,0.00007,
11.082,5.09625,0.01966,0.89347,0.95625,0.10017,0.00034,0.00007,
11.083,5.09625,0.02112,3.05053,0.01957,0.10763,0.00034,0.00007,
11.084,5.09625,0.02028,2.40651,2.95271,0.10337,0.00034,0.00007,
11.085,5.09625,0.01945,1.57825,1.65325,0.09910,0.00034,0.00007,
11.086,5.09750,0.02028,1.57825,1.65325,0.10339,0.00034,0.00007,
11.087,5.09750,0.02070,3.06358,1.54565,0.10552,0.00034,0.00007,
11.088,5.10125,0.02028,2.21331,0.00815,0.10347,0.00034,0.00007,
11.089,5.10125,0.02007,2.31847,2.90461,0.10240,0.00034,0.00007,
11.090,5.09875,0.02007,3.09293,0.41984,0.10235,0.00034,0.00007,
11.091,5.09750,0.02049,3.00081,0.91630,0.10446,0.00034,0.00007,
11.092,5.09875,0.02049,1.58967,0.00815,0.10448,0.00034,0.00007,
11.093,5.09750,0.01945,3.05461,0.01875,0.09913,0.00034,0.00007,
11.094,5.10000,0.01861,0.66359,1.51304,0.09491,0.00034,0.00007,
11.095,5.09750,0.02049,1.69891,2.80760,0.10446,0.00034,0.00007,
11.096,5.09625,0.01882,1.96304,0.00000,0.09591,0.00034,0.00007,
11.097,5.09375,0.01903,1.96304,0.00000,0.09692,0.00034,0.00007,
11.098,5.09375,0.02028,0.94973,0.44837,0.10331,0.00034,0.00007,
11.099,5.09500,0.02028,3.07258,0.04076,0.10334,0.00034,0.00007,
11.100,5.09875,0.01986,3.07910,1.86849,0.10128,0.00034,0.00007,
11.101,5.09750,0.01945,3.08970,0.46142,0.09913,0.00034,0.00007,
11.102,5.09750,0.02028,2.13018,0.00571,0.10339,0.00034,0.00007,
11.103,5.09750,0.02049,3.05383,0.01957,0.10446,0.00034,0.00007,
11.104,5.09875,0.02028,3.09133,0.52582,0.10342,0.00034,0.00007,
11.105,5.09875,0.02070,1.85871,1.43398,0.10555,0.00034,0.00007,
11.106,5.09375,0.02049,3.08154,0.21440,0.10438,0.00034,0.00007,
11.107,5.09375,0.02007,3.12964,0.00734,0.10225,0.00034,0.00007,
11.108,5.09875,0.02007,3.12964,0.00734,0.10235,0.00034,0.00007,
11.109,5.09625,0.02112,1.78864,0.90899,0.10763,0.00034,0.00007,
11.110,5.09750,0.02070,3.08406,0.13696,0.10552,0.00034,0.00007,
11.111,5.09875,0.01945,3.08325,0.19892,0.09915,0.00034,0.00007,
11.112,5.09750,0.01945,3.10689,0.00652,0.09913,0.00034,0.00007,
11.113,5.09625,0.02112,3.05390,0.01875,0.10763,0.00034,0.00007,
11.114,5.09625,0.02028,2.16610,2.83867,0.10337,0.00034,0.00007,
11.115,5.09375,0.01966,1.60766,0.14919,0.10012,0.00034,0.00007,
11.116,5.09375,0.02133,3.09140,0.36360,0.10864,0.00034,0.00007,
11.117,5.09875,0.02133,3.07102,0.02120,0.10875,0.00034,0.00007,
11.118,5.09375,0.02112,2.42942,0.82502,0.10758,0.00034,0.00007,
11.119,5.09875,0.01966,2.42942,0.82502,0.10022,0.00034,0.00007,
11.120,5.10000,0.02049,2.33819,1.66967,0.10451,0.00034,0.00007,
11.121,5.09625,0.02070,1.72593,0.00978,0.10550,0.00034,0.00007,
11.122,5.09250,0.01966,3.06867,0.01141,0.10010,0.00034,0.00007,
11.123,5.09375,0.01903,3.05563,0.02120,0.09692,0.00034,0.00007,
11.124,5.09750,0.02028,2.89502,1.48134,0.10339,0.00034,0.00007,
11.125,5.09750,0.01945,1.71614,1.69821,0.09913,0.00034,0.00007,
11.126,5.09500,0.01945,3.08661,1.52292,0.09908,0.00034,0.00007,
11.127,5.09750,0.01986,3.06867,0.02120,0.10126,0.00034,0.00007,
11.128,5.09500,0.02133,3.07764,0.10762,0.10867,0.00034,0.00007,
11.129,5.09875,0.01966,3.05237,1.24329,0.10022,0.00034,0.00007,
11.130,5.09625,0.01924,3.05237,1.24329,0.09804,0.00034,0.00007,
11.131,5.09625,0.01986,2.49890,1.79285,0.10123,0.00034,0.00007,
11.132,5.09625,0.01986,0.48755,1.04522,0.10123,0.00034,0.00007,
11.133,5.09750,0.02007,3.05249,0.02201,0.10233,0.00034,0.00007,
11.134,5.09750,0.02007,1.24823,0.05870,0.10233,0.00034,0.00007,
11.135,5.09875,0.02007,0.91640,1.10229,0.10235,0.00034,0.00007,
11.136,5.09750,0.02007,1.75942,0.07908,0.10233,0.00034,0.00007,
11.137,5.09250,0.02007,3.07206,0.02609,0.10222,0.00034,0.00007,
11.138,5.10000,0.02028,3.08184,1.40803,0.10344,0.00034,0.00007,
11.139,5.09875,0.02070,2.18256,2.83481,0.10555,0.00034,0.00007,
11.140,5.09750,0.01986,2.93509,1.27187,0.10126,0.00034,0.00007,
11.141,5.09875,0.02070,2.93509,1.27187,0.10555,0.00034,0.00007,
11.142,5.09625,0.02049,3.09659,0.84957,0.10443,0.00034,0.00007,
11.143,5.09625,0.02007,3.05338,0.01712,0.10230,0.00034,0.00007,
11.144,5.09750,0.02007,3.08681,1.64940,0.10233,0.00034,0.00007,
11.145,5.09625,0.02007,3.07295,0.04077,0.10230,0.00034,0.00007,
11.146,5.09625,0.02070,1.97879,1.29473,0.10550,0.00034,0.00007,
11.147,5.09750,0.02007,3.17812,0.00734,0.10233,0.00034,0.00007,
11.148,5.09875,0.01945,3.07621,1.69424,0.09915,0.00034,0.00007,
11.149,5.09625,0.01945,3.03626,0.93354,0.09910,0.00034,0.00007,
11.150,5.09625,0.02007,2.89439,1.49204,0.10230,0.00034,0.00007,
11.151,5.10000,0.01945,3.07458,0.06441,0.09918,0.00034,0.00007,
11.152,5.10000,0.02112,3.07458,0.06441,0.10771,0.00034,0.00007,
11.153,5.09625,0.02112,3.06080,0.01957,0.10763,0.00034,0.00007,
11.154,5.09750,0.02049,2.85038,1.70126,0.10446,0.00034,0.00007,
11.155,5.09875,0.02028,0.92484,1.19480,0.10342,0.00034,0.00007,
11.156,5.09750,0.02091,3.09016,1.22660,0.10659,0.00034,0.00007,
11.157,5.09750,0.02070,3.09342,0.48770,0.10552,0.00034,0.00007,
11.158,5.09625,0.01966,1.48350,1.61970,0.10017,0.00034,0.00007,
11.159,5.10000,0.02028,0.91098,1.10671,0.10344,0.00034,0.00007,
11.160,5.09625,0.02049,3.01512,0.85308,0.10443,0.00034,0.00007,
11.161,5.09625,0.02007,2.85283,1.66537,0.10230,0.00034,0.00007,
11.162,5.09625,0.02007,3.07140,0.01957,0.10230,0.00034,0.00007,
11.163,5.09750,0.01882,3.07140,0.01957,0.09593,0.00034,0.00007,
11.164,5.09500,0.02049,1.39216,0.04404,0.10441,0.00034,0.00007,
11.165,5.09750,0.01903,1.26493,0.05954,0.09700,0.00034,0.00007,
11.166,5.09625,0.01966,3.07547,0.08400,0.10017,0.00034,0.00007,
11.167,5.09750,0.02070,3.08444,0.17453,0.10552,0.00034,0.00007,
11.168,5.09625,0.02007,1.94429,2.73701,0.10230,0.00034,0.00007,
11.169,5.09750,0.01945,2.24034,2.51763,0.09913,0.00034,0.00007,
11.170,5.09750,0.02049,2.81857,1.54385,0.10446,0.00034,0.00007,
11.171,5.09375,0.02049,3.07792,1.81706,0.10438,0.00034,0.00007,
11.172,5.09875,0.01966,1.81299,0.00652,0.10022,0.00034,0.00007,
11.173,5.09875,0.02028,3.05263,0.01957,0.10342,0.00034,0.00007,
11.174,5.10000,0.02070,3.05263,0.01957,0.10557,0.00034,0.00007,
11.175,5.09750,0.01966,1.96794,1.18827,0.10019,0.00034,0.00007,
11.176,5.09625,0.02091,3.07139,0.02447,0.10656,0.00034,0.00007,
11.177,5.09625,0.01966,3.07139,0.03670,0.10017,0.00034,0.00007,
11.178,5.09750,0.02133,1.91248,2.06662,0.10872,0.00034,0.00007,
11.179,5.09750,0.02112,0.86123,1.11487,0.10765,0.00034,0.00007,
11.180,5.09750,0.02112,1.70125,1.86029,0.10765,0.00034,0.00007,
11.181,5.09625,0.01966,1.58626,2.55922,0.10017,0.00035,0.00007,
11.182,5.09750,0.02112,2.23789,0.00652,0.10765,0.00035,0.00007,
11.183,5.09625,0.02091,3.05182,0.02447,0.10656,0.00035,0.00007,
11.184,5.09875,0.01966,2.48419,2.69216,0.10022,0.00035,0.00007,
11.185,5.09500,0.02070,2.48419,2.69216,0.10547,0.00035,0.00007,
11.186,5.09625,0.02070,1.98344,1.41418,0.10550,0.00035,0.00007,
11.187,5.09750,0.02028,2.75821,0.00897,0.10339,0.00035,0.00007,
11.188,5.09625,0.01966,2.76229,2.05847,0.10017,0.00035,0.00007,
11.189,5.09625,0.01966,2.20119,0.00245,0.10017,0.00035,0.00007,
11.190,5.09625,0.02175,0.70383,2.05602,0.11082,0.00035,0.00007,
11.191,5.09625,0.02049,0.67773,0.76418,0.10443,0.00035,0.00007,
11.192,5.09625,0.02028,3.07873,0.08400,0.10337,0.00035,0.00007,
11.193,5.09875,0.02007,3.05915,0.01957,0.10235,0.00035,0.00007,
11.194,5.09625,0.02028,3.05915,0.01957,0.10337,0.00035,0.00007,
11.195,5.09750,0.01945,0.46324,1.18664,0.09913,0.00035,0.00007,
11.196,5.09625,0.01966,1.26004,0.05220,0.10017,0.00035,0.00007,
11.197,5.09625,0.02028,1.26004,0.05220,0.10337,0.00035,0.00007,
11.198,5.09625,0.01924,2.45318,2.68317,0.09804,0.00035,0.00007,
11.199,5.09750,0.01924,3.08687,0.20144,0.09806,0.00035,0.00007,
11.200,5.09875,0.01966,0.43143,1.50959,0.10022,0.00035,0.00007,
11.201,5.09875,0.02028,3.09258,1.16543,0.10342,0.00035,0.00007,
11.202,5.09625,0.01966,2.42953,2.96291,0.10017,0.00035,0.00007,
11.203,5.09750,0.01966,3.05669,0.01468,0.10019,0.00035,0.00007,
11.204,5.09625,0.02091,2.97351,1.08305,0.10656,0.00035,0.00007,
11.205,5.09625,0.01924,2.57552,0.83920,0.09804,0.00035,0.00007,
11.206,5.09750,0.02007,2.29415,1.44924,0.10233,0.00035,0.00007,
11.207,5.09750,0.02049,1.75589,0.15577,0.10446,0.00035,0.00007,
11.208,5.09500,0.02049,1.75589,0.15577,0.10441,0.00035,0.00007,
11.209,5.09750,0.02133,0.72336,1.35212,0.10872,0.00035,0.00007,
11.210,5.09875,0.02028,3.06307,1.78108,0.10342,0.00035,0.00007,
11.211,5.09500,0.02091,2.59334,2.81026,0.10654,0.00035,0.00007,
11.212,5.09500,0.02049,3.09651,0.79268,0.10441,0.00035,0.00007,
11.213,5.09750,0.01986,3.05818,0.01957,0.10126,0.00035,0.00007,
11.214,5.09875,0.01945,1.35375,0.15576,0.09915,0.00035,0.00007,
11.215,5.09500,0.02070,2.50852,2.86898,0.10547,0.00035,0.00007,
11.216,5.09500,0.01945,2.12197,2.81108,0.09908,0.00035,0.00007,
11.217,5.09750,0.01945,2.19700,0.00408,0.09913,0.00035,0.00007,
11.218,5.09375,0.01945,2.75155,2.16275,0.09905,0.00035,0.00007,
11.219,5.09625,0.02049,2.75155,2.16275,0.10443,0.00035,0.00007,
11.220,5.09500,0.01966,2.47003,2.66492,0.10014,0.00035,0.00007,
11.221,5.09625,0.01966,1.33572,0.00897,0.10017,0.00035,0.00007,
11.222,5.09750,0.02049,1.23868,2.55973,0.10446,0.00035,0.00007,
11.223,5.09750,0.02028,3.06368,0.02039,0.10339,0.00035,0.00007,
11.224,5.09750,0.02049,2.99763,0.95735,0.10446,0.00035,0.00007,
11.225,5.09750,0.01945,2.72200,1.31452,0.09913,0.00035,0.00007,
11.226,5.09500,0.01945,1.67740,2.60784,0.09908,0.00035,0.00007,
11.227,5.09375,0.01924,3.08080,0.12150,0.09799,0.00035,0.00007,
11.228,5.09625,0.01924,2.93484,1.27048,0.09804,0.00035,0.00007,
11.229,5.09625,0.01986,3.06857,0.01223,0.10123,0.00035,0.00007,
11.230,5.09500,0.02049,3.06857,0.01223,0.10441,0.00035,0.00007,
11.231,5.09750,0.01966,2.16468,0.11741,0.10019,0.00035,0.00007,
11.232,5.10000,0.01945,0.92376,2.23561,0.09918,0.00035,0.00007,
11.233,5.09750,0.02112,3.05338,0.02120,0.10765,0.00035,0.00007,
11.234,5.09750,0.02133,3.03462,0.94414,0.10872,0.00035,0.00007,
11.235,5.09750,0.02133,0.91887,1.12351,0.10872,0.00035,0.00007,
11.236,5.09750,0.01945,1.56786,1.53688,0.09913,0.00035,0.00007,
11.237,5.10125,0.02091,1.50916,1.62901,0.10667,0.00035,0.00007,
11.238,5.09750,0.02070,0.88707,1.04606,0.10552,0.00035,0.00007,
11.239,5.09750,0.02007,1.90214,0.00815,0.10233,0.00035,0.00007,
11.240,5.09500,0.02133,1.75865,1.63635,0.10867,0.00035,0.00007,
11.241,5.09250,0.02070,1.75865,1.63635,0.10542,0.00035,0.00007,
11.242,5.09500,0.02007,1.30370,0.17448,0.10227,0.00035,0.00007,
11.243,5.09500,0.02007,3.05502,0.01957,0.10227,0.00035,0.00007,
11.244,5.09500,0.02007,3.08355,0.09458,0.10227,0.00035,0.00007,
11.245,5.09750,0.02049,2.13044,1.26946,0.10446,0.00035,0.00007,
11.246,5.09875,0.01966,1.73827,0.00326,0.10022,0.00035,0.00007,
11.247,5.09500,0.01966,1.20423,1.30044,0.10014,0.00035,0.00007,
11.248,5.09750,0.02070,2.03260,2.20137,0.10552,0.00035,0.00007,
11.249,5.09500,0.01903,3.09497,0.91642,0.09695,0.00035,0.00007,
11.250,5.09500,0.02007,0.83081,1.23685,0.10227,0.00035,0.00007,
11.251,5.10000,0.02028,1.73664,2.62942,0.10344,0.00035,0.00007,
11.252,5.10000,0.01966,1.73664,2.62942,0.10024,0.00035,0.00007,
11.253,5.09625,0.01966,3.06073,0.01957,0.10017,0.00035,0.00007,
11.254,5.09625,0.01966,3.16428,0.01305,0.10017,0.00035,0.00007,
11.255,5.10125,0.02112,2.23889,1.82878,0.10773,0.00035,0.00007,
11.256,5.09500,0.01945,1.75866,0.99225,0.09908,0.00035,0.00007,
11.257,5.09375,0.02028,0.52670,1.67550,0.10331,0.00035,0.00007,
11.258,5.09500,0.02133,2.01386,2.35140,0.10867,0.00035,0.00007,
11.259,5.09750,0.02049,3.16836,0.00897,0.10446,0.00035,0.00007,
11.260,5.09625,0.01966,1.08357,1.88585,0.10017,0.00035,0.00007,
11.261,5.09625,0.02175,0.38810,1.19282,0.11082,0.00035,0.00007,
11.262,5.09750,0.02175,2.49245,2.41010,0.11085,0.00035,0.00007,
11.263,5.09750,0.02049,2.49245,2.41010,0.10446,0.00035,0.00007,
11.264,5.09750,0.02007,2.00982,2.33351,0.10233,0.00035,0.00007,
11.265,5.09500,0.02091,0.97433,1.27927,0.10654,0.00035,0.00007,
11.266,5.09625,0.02028,2.25931,1.41217,0.10337,0.00035,0.00007,
11.267,5.09875,0.01966,1.80435,1.95682,0.10022,0.00035,0.00007,
11.268,5.09875,0.02028,0.91074,1.17001,0.10342,0.00035,0.00007,
11.269,5.09625,0.02049,3.08199,0.16307,0.10443,0.00035,0.00007,
11.270,5.09625,0.01945,2.11092,0.09866,0.09910,0.00035,0.00007,
11.271,5.09625,0.01945,1.07380,1.63720,0.09910,0.00035,0.00007,
11.272,5.09500,0.01924,2.56343,1.90708,0.09801,0.00035,0.00007,
11.273,5.09625,0.02007,3.05182,0.01794,0.10230,0.00035,0.00007,
11.274,5.09750,0.02049,3.05182,0.01794,0.10446,0.00035,0.00007,
11.275,5.09625,0.02007,0.89199,0.95233,0.10230,0.00035,0.00007,
11.276,5.09875,0.01966,1.47416,1.93564,0.10022,0.00035,0.00007,
11.277,5.09750,0.02091,0.60581,1.94217,0.10659,0.00035,0.00007,
11.278,5.09875,0.02028,0.37669,1.79459,0.10342,0.00035,0.00007,
11.279,5.09875,0.02049,3.09018,0.30413,0.10448,0.00035,0.00007,
11.280,5.09875,0.02049,1.60624,1.80030,0.10448,0.00035,0.00007,
11.281,5.09625,0.02112,2.35637,2.61646,0.10763,0.00035,0.00007,
11.282,5.09750,0.02091,1.36001,1.46763,0.10659,0.00035,0.00007,
11.283,5.09625,0.02007,3.05512,0.02120,0.10230,0.00035,0.00007,
11.284,5.09625,0.02091,3.08937,1.39425,0.10656,0.00035,0.00007,
11.285,5.09500,0.02112,3.08937,1.39425,0.10760,0.00035,0.00007,
11.286,5.09625,0.02049,1.94474,1.99856,0.10443,0.00035,0.00007,
11.287,5.09875,0.02049,1.90234,0.15003,0.10448,0.00035,0.00007,
11.288,5.09875,0.02091,0.56100,1.24349,0.10661,0.00035,0.00007,
11.289,5.09750,0.02091,3.09202,1.08123,0.10659,0.00035,0.00007,
11.290,5.09750,0.01945,2.54081,1.73274,0.09913,0.00035,0.00007,
11.291,5.10000,0.01966,2.60441,0.79910,0.10024,0.00035,0.00007,
11.292,5.09500,0.01966,1.82162,1.56069,0.10014,0.00035,0.00007,
11.293,5.09750,0.02091,3.05370,0.02039,0.10659,0.00035,0.00007,
11.294,5.09500,0.01882,2.27743,2.96400,0.09588,0.00035,0.00007,
11.295,5.09625,0.02049,2.38262,1.80449,0.10443,0.00035,0.00007,
11.296,5.10000,0.02091,2.38262,1.80449,0.10664,0.00035,0.00007,
11.297,5.10000,0.01882,1.22555,0.04892,0.09598,0.00035,0.00007,
11.298,5.09625,0.01882,3.06103,1.50687,0.09591,0.00035,0.00007,
11.299,5.09750,0.01924,1.61531,0.12965,0.09806,0.00035,0.00007,
11.300,5.09875,0.01966,1.14238,1.67565,0.10022,0.00035,0.00007,
11.301,5.09875,0.01945,0.72408,0.81622,0.09915,0.00035,0.00007,
11.302,5.09750,0.01945,1.37722,0.02691,0.09913,0.00035,0.00007,
11.303,5.09625,0.01986,3.05287,0.01631,0.10123,0.00035,0.00007,
11.304,5.09500,0.01986,3.08549,0.13699,0.10121,0.00035,0.00007,
11.305,5.09625,0.01966,1.24594,1.65608,0.10017,0.00035,0.00007,
11.306,5.09625,0.02175,1.30465,0.14025,0.11082,0.00035,0.00007,
11.307,5.09625,0.02175,1.30465,0.14025,0.11082,0.00035,0.00007,
11.308,5.09625,0.02154,1.72866,0.36367,0.10976,0.00035,0.00007,
11.309,5.09750,0.02091,2.00834,2.76749,0.10659,0.00035,0.00007,
11.310,5.10000,0.02112,0.43706,1.35276,0.10771,0.00035,0.00007,
11.311,5.09750,0.02112,2.98194,1.01110,0.10765,0.00035,0.00007,
11.312,5.09750,0.01986,2.17387,1.20028,0.10126,0.00035,0.00007,
11.313,5.09625,0.02070,3.05532,0.01794,0.10550,0.00035,0.00007,
11.314,5.09625,0.02028,0.57241,2.08255,0.10337,0.00035,0.00007,
11.315,5.09625,0.02028,1.16521,1.71561,0.10337,0.00035,0.00007,
11.316,5.09625,0.02028,1.03312,1.49953,0.10337,0.00035,0.00007,
11.317,5.09625,0.01924,3.09202,1.27856,0.09804,0.00035,0.00007,
11.318,5.09750,0.02049,3.09202,1.27856,0.10446,0.00035,0.00007,
11.319,5.09375,0.01966,0.90347,1.97573,0.10012,0.00035,0.00007,
11.320,5.09875,0.01924,1.45794,1.59086,0.09809,0.00035,0.00007,
11.321,5.09625,0.01945,2.43725,1.90152,0.09910,0.00035,0.00007,
11.322,5.09875,0.01966,1.04209,0.24054,0.10022,0.00035,0.00007,
11.323,5.09625,0.01966,3.05858,0.02120,0.10017,0.00035,0.00007,
11.324,5.09500,0.02007,3.07978,0.09459,0.10227,0.00035,0.00007,
11.325,5.09500,0.02007,2.50166,0.76974,0.10227,0.00035,0.00007,
11.326,5.10000,0.02028,1.23615,0.02283,0.10344,0.00035,0.00007,
11.327,5.09625,0.02091,0.42156,1.33726,0.10656,0.00035,0.00007,
11.328,5.09625,0.01986,1.27122,2.02302,0.10123,0.00035,0.00007,
11.329,5.09750,0.01966,1.27122,2.02302,0.10019,0.00035,0.00007,
11.330,5.10000,0.01903,2.59789,1.84364,0.09704,0.00035,0.00007,
11.331,5.09750,0.01945,0.79339,1.93823,0.09913,0.00035,0.00007,
11.332,5.09750,0.02028,1.72051,0.94261,0.10339,0.00035,0.00007,
11.333,5.09500,0.02091,3.05289,0.01875,0.10654,0.00035,0.00007,
11.334,5.09500,0.01966,2.93058,1.34624,0.10014,0.00035,0.00007,
11.335,5.09625,0.01966,1.90806,0.51697,0.10017,0.00035,0.00007,
11.336,5.10000,0.02154,1.90724,0.00652,0.10984,0.00035,0.00007,
11.337,5.09875,0.02028,1.23127,0.05952,0.10342,0.00035,0.00007,
11.338,5.09625,0.02007,1.26062,1.15054,0.10230,0.00035,0.00007,
11.339,5.09625,0.02007,3.07572,0.03832,0.10230,0.00035,0.00007,
11.340,5.09875,0.02070,3.07572,0.03832,0.10555,0.00035,0.00007,
11.341,5.09625,0.02007,2.85802,1.85099,0.10230,0.00035,0.00007,
11.342,5.09500,0.02049,2.82948,1.78820,0.10441,0.00035,0.00007,
11.343,5.09500,0.02112,3.05127,0.01957,0.10760,0.00035,0.00007,
11.344,5.09875,0.02112,3.05290,1.29243,0.10768,0.00035,0.00007,
11.345,5.09750,0.01986,1.56396,0.64825,0.10126,0.00035,0.00007,
11.346,5.09625,0.02049,3.07084,0.01468,0.10443,0.00035,0.00007,
11.347,5.09625,0.02007,1.25737,1.15218,0.10230,0.00035,0.00007,
11.348,5.09750,0.01966,1.26389,0.05545,0.10019,0.00035,0.00007,
11.349,5.09750,0.01986,3.08552,1.77760,0.10126,0.00035,0.00007,
11.350,5.09625,0.02007,2.06789,0.31720,0.10230,0.00035,0.00007,
11.351,5.09500,0.02007,2.06789,0.31720,0.10227,0.00035,0.00007,
11.352,5.09500,0.01986,1.73031,1.60881,0.10121,0.00035,0.00007,
11.353,5.10000,0.01986,3.05210,0.01875,0.10131,0.00035,0.00007,
11.354,5.09625,0.01986,2.78627,1.99777,0.10123,0.00035,0.00007,
11.355,5.09250,0.02049,0.48762,0.91571,0.10435,0.00035,0.00007,
11.356,5.09625,0.01840,0.48762,0.91571,0.09377,0.00035,0.00007,
11.357,5.09750,0.02028,1.81185,0.08888,0.10339,0.00035,0.00007,
11.358,5.09750,0.02070,2.69821,0.69800,0.10552,0.00035,0.00007,
11.359,5.09750,0.01903,3.05210,1.20111,0.09700,0.00035,0.00007,
11.360,5.09500,0.02028,2.34840,2.59220,0.10334,0.00035,0.00007,
11.361,5.09500,0.02070,0.84803,1.82653,0.10547,0.00035,0.00007,
11.362,5.09625,0.02070,2.23831,2.52208,0.10550,0.00035,0.00007,
11.363,5.09625,0.01986,2.23831,2.52208,0.10123,0.00035,0.00007,
11.364,5.09625,0.02070,1.40088,0.15085,0.10550,0.00035,0.00007,
11.365,5.09625,0.02007,1.33401,0.14107,0.10230,0.00035,0.00007,
11.366,5.09625,0.01924,2.69005,1.25084,0.09804,0.00035,0.00007,
11.367,5.09750,0.02007,1.57456,1.70747,0.10233,0.00035,0.00007,
11.368,5.10000,0.02070,0.53899,1.04210,0.10557,0.00035,0.00007,
11.369,5.09750,0.02070,0.53246,1.21496,0.10552,0.00035,0.00007,
11.370,5.09750,0.02070,1.90154,0.00326,0.10552,0.00035,0.00007,
11.371,5.09625,0.02070,0.64254,0.76893,0.10550,0.00035,0.00007,
11.372,5.09625,0.01924,2.08909,2.87677,0.09804,0.00035,0.00007,
11.373,5.09500,0.02112,3.05453,0.01875,0.10760,0.00035,0.00007,
11.374,5.09750,0.02070,3.05453,0.01875,0.10552,0.00035,0.00007,
11.375,5.09500,0.01966,1.59655,2.83678,0.10014,0.00035,0.00007,
11.376,5.10000,0.02154,1.50360,1.20190,0.10984,0.00035,0.00007,
11.377,5.09750,0.02091,2.27823,2.46740,0.10659,0.00035,0.00007,
11.378,5.09500,0.02007,1.56475,1.68136,0.10227,0.00035,0.00007,
11.379,5.09500,0.02154,0.77952,0.86432,0.10973,0.00035,0.00007,
11.380,5.09750,0.02154,2.89059,2.07764,0.10979,0.00035,0.00007,
11.381,5.09375,0.02112,2.53263,1.95615,0.10758,0.00035,0.00007,
11.382,5.09625,0.02007,3.08547,0.16716,0.10230,0.00035,0.00007,
11.383,5.09625,0.02154,3.05857,0.01060,0.10976,0.00035,0.00007,
11.384,5.09750,0.02070,2.61988,2.73811,0.10552,0.00035,0.00007,
11.385,5.09750,0.02049,2.61988,2.73811,0.10446,0.00035,0.00007,
11.386,5.10000,0.01986,2.00746,0.97601,0.10131,0.00035,0.00007,
11.387,5.09750,0.02070,2.82120,1.82644,0.10552,0.00035,0.00007,
11.388,5.09750,0.02007,2.73640,2.20641,0.10233,0.00035,0.00007,
11.389,5.09500,0.02007,2.16319,0.27641,0.10227,0.00035,0.00007,
11.390,5.09625,0.01986,2.54642,2.93536,0.10123,0.00035,0.00007,
11.391,5.09750,0.02028,3.07805,1.71474,0.10339,0.00035,0.00007,
11.392,5.09625,0.01903,1.19697,0.24951,0.09697,0.00035,0.00007,
11.393,5.09875,0.01945,3.05277,0.01957,0.09915,0.00035,0.00007,
11.394,5.09875,0.02091,0.66535,1.50926,0.10661,0.00035,0.00007,
11.395,5.09625,0.02007,1.98952,1.38206,0.10230,0.00035,0.00007,
11.396,5.09625,0.01924,1.98952,1.38206,0.09804,0.00035,0.00007,
11.397,5.09625,0.02007,2.00578,0.03425,0.10230,0.00035,0.00007,
11.398,5.09750,0.02007,1.39834,1.13009,0.10233,0.00035,0.00007,
11.399,5.09750,0.01986,1.29642,0.02772,0.10126,0.00035,0.00007,
11.400,5.09750,0.02007,1.90468,1.41465,0.10233,0.00035,0.00007,
11.401,5.09500,0.02007,0.39382,1.24831,0.10227,0.00035,0.00007,
11.402,5.09500,0.02070,2.55207,1.29316,0.10547,0.00035,0.00007,
11.403,5.09875,0.02070,3.05433,0.01957,0.10555,0.00035,0.00007,
11.404,5.09875,0.02007,1.70247,0.95152,0.10235,0.00035,0.00007,
11.405,5.09875,0.02091,1.86962,1.41546,0.10661,0.00035,0.00007,
11.406,5.09875,0.02091,1.81825,1.95604,0.10661,0.00035,0.00007,
11.407,5.09625,0.02091,1.81825,1.95604,0.10656,0.00035,0.00007,
11.408,5.09500,0.02028,2.48114,1.92751,0.10334,0.00035,0.00007,
11.409,5.09625,0.02112,1.76933,1.53858,0.10763,0.00035,0.00007,
11.410,5.09625,0.02133,1.87369,1.47335,0.10869,0.00035,0.00007,
11.411,5.09875,0.02007,1.11296,0.07909,0.10235,0.00035,0.00007,
11.412,5.09375,0.02133,1.68535,2.61648,0.10864,0.00035,0.00007,
11.413,5.09750,0.02091,3.05433,0.01875,0.10659,0.00035,0.00007,
11.414,5.09875,0.02007,2.31969,0.23156,0.10235,0.00035,0.00007,
11.415,5.09875,0.02028,2.51701,0.73953,0.10342,0.00035,0.00007,
11.416,5.09750,0.02028,1.74487,2.49581,0.10339,0.00035,0.00007,
11.417,5.09875,0.02091,0.89934,2.22837,0.10661,0.00035,0.00007,
11.418,5.09750,0.02007,0.89934,2.22837,0.10233,0.00035,0.00007,
11.419,5.09750,0.01945,1.60952,1.69921,0.09913,0.00035,0.00007,
11.420,5.09625,0.02070,1.96420,2.01230,0.10550,0.00035,0.00007,
11.421,5.10000,0.01945,1.11133,1.29316,0.09918,0.00035,0.00007,
11.422,5.09750,0.02049,3.09184,0.24135,0.10446,0.00035,0.00007,
11.423,5.09375,0.01986,3.05515,0.01712,0.10118,0.00035,0.00007,
11.424,5.09375,0.02007,0.48595,1.19368,0.10225,0.00035,0.00007,
11.425,5.09875,0.02007,1.84923,1.09829,0.10235,0.00035,0.00007,
11.426,5.09500,0.02049,2.32051,0.23564,0.10441,0.00035,0.00007,
11.427,5.09875,0.02070,1.86880,2.70210,0.10555,0.00035,0.00007,
11.428,5.09625,0.02028,0.99718,1.55407,0.10337,0.00035,0.00007,
11.429,5.09750,0.01903,0.99718,1.55407,0.09700,0.00035,0.00007,
11.430,5.09875,0.01924,2.62545,1.18145,0.09809,0.00035,0.00007,
11.431,5.09750,0.02028,1.01594,1.12683,0.10339,0.00035,0.00007,
11.432,5.09875,0.01924,2.91165,1.20021,0.09809,0.00035,0.00007,
11.433,5.09875,0.02007,3.05270,0.01712,0.10235,0.00035,0.00007,
11.434,5.09875,0.02007,0.98332,0.32451,0.10235,0.00035,0.00007,
11.435,5.09500,0.02049,1.65844,1.72938,0.10441,0.00035,0.00007,
11.436,5.09500,0.02049,2.70944,2.01720,0.10441,0.00035,0.00007,
11.437,5.09875,0.02007,0.43296,1.51412,0.10235,0.00035,0.00007,
11.438,5.10125,0.02175,2.00986,0.03425,0.11093,0.00035,0.00007,
11.439,5.09875,0.02070,2.37432,0.56830,0.10555,0.00035,0.00007,
11.440,5.10000,0.02007,2.37432,0.56830,0.10238,0.00035,0.00007,
11.441,5.09500,0.02070,2.10938,1.18719,0.10547,0.00035,0.00007,
11.442,5.09500,0.02133,3.07234,0.03017,0.10867,0.00035,0.00007,
11.443,5.09625,0.02133,3.05359,0.01957,0.10869,0.00035,0.00007,
11.444,5.09875,0.02028,2.15912,1.23040,0.10342,0.00035,0.00007,
11.445,5.09750,0.02091,1.81666,1.58102,0.10659,0.00035,0.00007,
11.446,5.09625,0.02007,1.79872,0.00326,0.10230,0.00035,0.00007,
11.447,5.09750,0.01924,0.96459,1.07630,0.09806,0.00035,0.00007,
11.448,5.09750,0.02007,2.62144,0.64741,0.10233,0.00035,0.00007,
11.449,5.09625,0.02070,1.73512,0.04403,0.10550,0.00035,0.00007,
11.450,5.10125,0.01945,1.84194,0.04077,0.09920,0.00035,0.00007,
11.451,5.10125,0.02007,1.84194,0.04077,0.10240,0.00035,0.00007,
11.452,5.09625,0.02007,2.07929,1.06737,0.10230,0.00035,0.00007,
11.453,5.09750,0.02091,3.05126,0.01957,0.10659,0.00035,0.00007,
11.454,5.09750,0.02049,3.06023,1.47834,0.10446,0.00035,0.00007,
11.455,5.09500,0.01840,2.71042,0.58873,0.09375,0.00035,0.00007,
11.456,5.09625,0.01966,2.60931,1.83304,0.10017,0.00035,0.00007,
11.457,5.09625,0.02049,2.42503,1.90317,0.10443,0.00035,0.00007,
11.458,5.09750,0.02028,2.06299,0.10356,0.10339,0.00035,0.00007,
11.459,5.09625,0.01945,2.33696,0.24544,0.09910,0.00035,0.00007,
11.460,5.09625,0.01966,1.53297,0.15900,0.10017,0.00035,0.00007,
11.461,5.09625,0.01966,1.44409,0.04648,0.10017,0.00035,0.00007,
11.462,5.09750,0.01924,1.44409,0.04648,0.09806,0.00035,0.00007,
11.463,5.09625,0.01986,3.05473,0.02283,0.10123,0.00035,0.00007,
11.464,5.09875,0.02028,1.70269,1.35612,0.10342,0.00035,0.00007,
11.465,5.09875,0.01819,2.02480,1.20770,0.09275,0.00035,0.00007,
11.466,5.09875,0.02112,2.91774,2.10961,0.10768,0.00035,0.00007,
11.467,5.09500,0.02070,1.02993,1.12942,0.10547,0.00035,0.00007,
11.468,5.09500,0.02028,2.34365,1.81115,0.10334,0.00035,0.00007,
11.469,5.09500,0.02091,1.49556,0.13863,0.10654,0.00035,0.00007,
11.470,5.09875,0.02091,0.88886,0.64340,0.10661,0.00035,0.00007,
11.471,5.09625,0.01986,1.86171,0.03017,0.10123,0.00035,0.00007,
11.472,5.09750,0.02175,1.95304,1.23869,0.11085,0.00035,0.00007,
11.473,5.09625,0.02049,1.95304,1.23869,0.10443,0.00035,0.00007,
11.474,5.09875,0.02049,2.63395,0.64585,0.10448,0.00035,0.00007,
11.475,5.09625,0.02091,1.98076,1.28599,0.10656,0.00035,0.00007,
11.476,5.10000,0.02091,1.92857,1.99218,0.10664,0.00035,0.00007,
11.477,5.09875,0.01966,2.38197,2.61927,0.10022,0.00035,0.00007,
11.478,5.09500,0.02112,2.76931,2.12428,0.10760,0.00035,0.00007,
11.479,5.09500,0.02112,1.66028,2.71468,0.10760,0.00035,0.00007,
11.480,5.09875,0.02070,1.52655,0.08236,0.10555,0.00035,0.00007,
11.481,5.09625,0.02028,2.16342,0.10764,0.10337,0.00035,0.00007,
11.482,5.09625,0.02091,0.81791,0.91577,0.10656,0.00035,0.00007,
11.483,5.09875,0.02070,3.05554,0.01305,0.10555,0.00035,0.00007,
11.484,5.09500,0.02007,3.05554,0.01305,0.10227,0.00035,0.00007,
11.485,5.09750,0.02091,2.76851,2.07536,0.10659,0.00035,0.00007,
11.486,5.09875,0.02112,1.30474,1.44011,0.10768,0.00035,0.00007,
11.487,5.09750,0.02007,2.12592,2.42846,0.10233,0.00035,0.00007,
11.488,5.09750,0.01966,1.45968,1.61951,0.10019,0.00035,0.00007,
11.489,5.09750,0.01966,1.82501,0.17696,0.10019,0.00035,0.00007,
11.490,5.09750,0.02028,1.93592,0.08562,0.10339,0.00035,0.00007,
11.491,5.10000,0.01966,2.33223,0.22507,0.10024,0.00035,0.00007,
11.492,5.09500,0.01966,1.71166,0.59447,0.10014,0.00035,0.00007,
11.493,5.09875,0.02007,3.05310,0.02039,0.10235,0.00035,0.00007,
11.494,5.09625,0.02091,1.90167,2.24579,0.10656,0.00035,0.00007,
11.495,5.09500,0.01945,1.90167,2.24579,0.09908,0.00035,0.00007,
11.496,5.09750,0.02007,1.90167,2.24579,0.10233,0.00035,0.00007,
11.497,5.09750,0.02049,1.89351,1.45642,0.10446,0.00035,0.00007,
11.498,5.09750,0.02049,0.89864,0.59610,0.10446,0.00035,0.00007,
11.499,5.09625,0.01945,3.05310,1.44582,0.09910,0.00035,0.00007,
11.500,5.09250,0.02028,1.58771,1.74020,0.10329,0.00035,0.00007,
11.501,5.09750,0.02070,1.30801,0.16962,0.10552,0.00035,0.00007,
11.502,5.09875,0.02112,2.77421,2.05089,0.10768,0.00035,0.00007,
11.503,5.09750,0.02070,3.05147,0.01386,0.10552,0.00035,0.00007,
11.504,5.09875,0.02049,3.01559,1.69698,0.10448,0.00035,0.00007,
11.505,5.09500,0.02133,2.47738,1.66681,0.10867,0.00035,0.00007,
11.506,5.09500,0.01986,1.30556,0.16391,0.10121,0.00035,0.00007,
11.507,5.09500,0.01986,1.30556,0.16391,0.10121,0.00035,0.00007,
11.508,5.09500,0.02070,2.09411,1.63338,0.10547,0.00035,0.00007,
11.509,5.09625,0.02091,1.29170,1.70106,0.10656,0.00035,0.00007,
11.510,5.09875,0.01945,2.64129,2.47657,0.09915,0.00035,0.00007,
11.511,5.09375,0.02007,1.09680,0.11335,0.10225,0.00035,0.00007,
11.512,5.09750,0.02028,2.72528,0.56838,0.10339,0.00035,0.00007,
11.513,5.09625,0.01861,3.05228,0.01712,0.09484,0.00035,0.00007,
11.514,5.10000,0.02028,3.11589,1.19629,0.10344,0.00035,0.00007,
11.515,5.10000,0.02028,2.30124,2.90550,0.10344,0.00035,0.00007,
11.516,5.09875,0.02028,0.66787,1.36509,0.10342,0.00035,0.00007,
11.517,5.09625,0.01924,0.66787,1.36509,0.09804,0.00035,0.00007,
11.518,5.09500,0.02007,1.28843,0.05464,0.10227,0.00035,0.00007,
11.519,5.09500,0.01903,1.28843,0.05464,0.09695,0.00035,0.00007,
11.520,5.09750,0.01986,1.71247,1.71328,0.10126,0.00035,0.00007,
11.521,5.09750,0.01986,2.47574,1.92122,0.10126,0.00035,0.00007,
11.522,5.09750,0.01861,0.59039,1.88045,0.09486,0.00035,0.00007,
11.523,5.09625,0.02028,3.05553,0.02202,0.10337,0.00035,0.00007,
11.524,5.09625,0.01986,0.94349,1.06173,0.10123,0.00035,0.00007,
11.525,5.09750,0.01986,2.20011,0.41670,0.10126,0.00035,0.00007,
11.526,5.09750,0.01924,1.56161,1.80624,0.09806,0.00035,0.00007,
11.527,5.09625,0.02112,2.47003,0.93370,0.10763,0.00035,0.00007,
11.528,5.09375,0.01903,1.37813,1.99054,0.09692,0.00035,0.00007,
11.529,5.09500,0.01924,2.01990,2.05659,0.09801,0.00035,0.00007,
11.530,5.09625,0.02091,2.01990,2.05659,0.10656,0.00035,0.00007,
11.531,5.09500,0.01986,1.75158,1.60399,0.10121,0.00036,0.00007,
11.532,5.09625,0.01966,0.39875,1.66514,0.10017,0.00036,0.00007,
11.533,5.09625,0.02154,3.05711,0.01631,0.10976,0.00036,0.00007,
11.534,5.09625,0.02154,2.72523,0.70618,0.10976,0.00036,0.00007,
11.535,5.09750,0.02091,1.71896,2.54664,0.10659,0.00036,0.00007,
11.536,5.09750,0.02028,1.68064,2.62493,0.10339,0.00036,0.00007,
11.537,5.09750,0.02028,2.11935,0.03262,0.10339,0.00036,0.00007,
11.538,5.09500,0.02070,2.03046,2.70565,0.10547,0.00036,0.00007,
11.539,5.09625,0.02028,2.51647,0.83257,0.10337,0.00036,0.00007,
11.540,5.09750,0.02007,1.55587,1.03888,0.10233,0.00036,0.00007,
11.541,5.09750,0.02070,1.55587,1.03888,0.10552,0.00036,0.00007,
11.542,5.09750,0.02028,1.61695,1.65935,0.10339,0.00036,0.00007,
11.543,5.09625,0.02028,3.05369,0.01142,0.10337,0.00036,0.00007,
11.544,5.09750,0.01882,1.28100,0.06279,0.09593,0.00036,0.00007,
11.545,5.09625,0.02091,2.95666,2.76096,0.10656,0.00036,0.00007,
11.546,5.09500,0.01945,2.41115,0.00652,0.09908,0.00036,0.00007,
11.547,5.09500,0.01986,0.83253,0.81867,0.10121,0.00036,0.00007,
11.548,5.09750,0.02028,1.72621,2.53998,0.10339,0.00036,0.00007,
11.549,5.09500,0.01945,0.87167,0.68983,0.09908,0.00036,0.00007,
11.550,5.09500,0.01882,3.08304,1.37314,0.09588,0.00036,0.00007,
11.551,5.09500,0.02133,0.83905,1.06818,0.10867,0.00036,0.00007,
11.552,5.09750,0.02133,0.83905,1.06818,0.10872,0.00036,0.00007,
11.553,5.09625,0.01945,3.05664,0.01549,0.09910,0.00036,0.00007,
11.554,5.09625,0.01966,1.64858,1.64124,0.10017,0.00036,0.00007,
11.555,5.09500,0.01945,0.61312,1.39828,0.09908,0.00036,0.00007,
11.556,5.09875,0.01986,1.83040,0.90338,0.10128,0.00036,0.00007,
11.557,5.09500,0.02007,1.30207,0.14105,0.10227,0.00036,0.00007,
11.558,5.09875,0.01986,1.86627,0.88544,0.10128,0.00036,0.00007,
11.559,5.09500,0.02007,2.26415,1.07133,0.10227,0.00036,0.00007,
11.560,5.09500,0.02049,1.06644,1.41214,0.10441,0.00036,0.00007,
11.561,5.09625,0.02049,2.67833,0.63106,0.10443,0.00036,0.00007,
11.562,5.09625,0.01986,1.05910,1.34120,0.10123,0.00036,0.00007,
11.563,5.09750,0.02049,1.05910,1.34120,0.10446,0.00036,0.00007,
11.564,5.09875,0.02049,1.69096,1.29145,0.10448,0.00036,0.00007,
11.565,5.09625,0.01986,1.16263,1.25395,0.10123,0.00036,0.00007,
11.566,5.09625,0.02091,3.13569,0.99957,0.10656,0.00036,0.00007,
11.567,5.09500,0.02175,1.69014,0.07827,0.11080,0.00036,0.00007,
11.568,5.09875,0.02007,2.23640,0.96288,0.10235,0.00036,0.00007,
11.569,5.09875,0.02070,0.64328,1.98202,0.10555,0.00036,0.00007,
11.570,5.09875,0.02070,1.82630,1.57274,0.10555,0.00036,0.00007,
11.571,5.09625,0.02028,2.81935,0.82428,0.10337,0.00036,0.00007,
11.572,5.09750,0.02049,0.57235,1.82222,0.10446,0.00036,0.00007,
11.573,5.09750,0.01986,1.40967,0.01794,0.10126,0.00036,0.00007,
11.574,5.09625,0.02070,1.40967,0.01794,0.10550,0.00036,0.00007,
11.575,5.09625,0.02007,3.08351,0.07664,0.10230,0.00036,0.00007,
11.576,5.09625,0.02070,3.11368,0.97348,0.10550,0.00036,0.00007,
11.577,5.09500,0.02133,1.20585,1.25477,0.10867,0.00036,0.00007,
11.578,5.09500,0.02133,2.65303,0.63105,0.10867,0.00036,0.00007,
11.579,5.09750,0.02133,1.88990,1.96327,0.10872,0.00036,0.00007,
11.580,5.09625,0.02007,2.70195,1.00120,0.10230,0.00036,0.00007,
11.581,5.09750,0.02154,0.91560,1.18954,0.10979,0.00036,0.00007,
11.582,5.09750,0.02112,1.67628,1.82222,0.10765,0.00036,0.00007,
11.583,5.09875,0.02007,3.05498,0.01549,0.10235,0.00036,0.00007,
11.584,5.09625,0.02070,0.99957,1.29309,0.10550,0.00036,0.00007,
11.585,5.10000,0.02175,0.99957,1.29309,0.11091,0.00036,0.00007,
11.586,5.09750,0.02028,2.04806,2.17444,0.10339,0.00036,0.00007,
11.587,5.09750,0.02175,0.37830,1.91191,0.11085,0.00036,0.00007,
11.588,5.09625,0.02175,1.92495,1.22052,0.11082,0.00036,0.00007,
11.589,5.09375,0.02112,1.14470,1.51893,0.10758,0.00036,0.00007,
11.590,5.10000,0.02007,2.02931,1.31428,0.10238,0.00036,0.00007,
11.591,5.09625,0.02070,1.95756,1.31184,0.10550,0.00036,0.00007,
11.592,5.09750,0.02091,1.30858,0.06849,0.10659,0.00036,0.00007,
11.593,5.09750,0.01945,3.05824,0.01468,0.09913,0.00036,0.00007,
11.594,5.09750,0.01966,1.91109,1.47653,0.10019,0.00036,0.00007,
11.595,5.09750,0.01986,2.93105,1.29961,0.10126,0.00036,0.00007,
11.596,5.09750,0.01966,2.93105,1.29961,0.10019,0.00036,0.00007,
11.597,5.09750,0.01966,1.63552,1.71950,0.10019,0.00036,0.00007,
11.598,5.09625,0.01924,2.33506,1.53931,0.09804,0.00036,0.00007,
11.599,5.09750,0.02070,2.64569,1.89316,0.10552,0.00036,0.00007,
11.600,5.09750,0.02091,2.26331,1.09007,0.10659,0.00036,0.00007,
11.601,5.09500,0.02070,2.88213,1.98121,0.10547,0.00036,0.00007,
11.602,5.09750,0.02007,1.41294,1.12350,0.10233,0.00036,0.00007,
11.603,5.09750,0.02154,3.05417,0.01468,0.10979,0.00036,0.00007,
11.604,5.09625,0.02091,1.37136,1.98203,0.10656,0.00036,0.00007,
11.605,5.09625,0.02028,1.49855,1.65753,0.10337,0.00036,0.00007,
11.606,5.09625,0.02028,1.82304,0.35140,0.10337,0.00036,0.00007,
11.607,5.09500,0.02112,1.82304,0.35140,0.10760,0.00036,0.00007,
11.608,5.09750,0.02133,1.87930,2.44758,0.10872,0.00036,0.00007,
11.609,5.09625,0.02007,2.62368,1.18954,0.10230,0.00036,0.00007,
11.610,5.09375,0.02112,1.94045,1.43658,0.10758,0.00036,0.00007,
11.611,5.09875,0.02091,1.18384,1.56704,0.10661,0.00036,0.00007,
11.612,5.09875,0.02154,1.31918,1.18384,0.10981,0.00036,0.00007,
11.613,5.09500,0.02028,3.05743,0.02364,0.10334,0.00036,0.00007,
11.614,5.09750,0.02070,1.50426,0.00245,0.10552,0.00036,0.00007,
11.615,5.09750,0.02070,2.84545,2.29022,0.10552,0.00036,0.00007,
11.616,5.10000,0.01986,2.57884,1.24336,0.10131,0.00036,0.00007,
11.617,5.09750,0.02049,1.80755,0.03343,0.10446,0.00036,0.00007,
11.618,5.09250,0.02028,1.80755,0.03343,0.10329,0.00036,0.00007,
11.619,5.09625,0.01986,1.51568,1.70810,0.10123,0.00036,0.00007,
11.620,5.09500,0.01903,2.85362,1.83203,0.09695,0.00036,0.00007,
11.621,5.09625,0.01966,2.21523,1.07622,0.10017,0.00036,0.00007,
11.622,5.09750,0.02007,1.57683,1.65510,0.10233,0.00036,0.00007,
11.623,5.09500,0.01924,3.05338,0.01957,0.09801,0.00036,0.00007,
11.624,5.09500,0.01924,2.38481,0.84060,0.09801,0.00036,0.00007,
11.625,5.09750,0.01924,1.39175,1.66081,0.09806,0.00036,0.00007,
11.626,5.09750,0.02091,2.98734,1.76680,0.10659,0.00036,0.00007,
11.627,5.09750,0.02028,1.75457,0.55686,0.10339,0.00036,0.00007,
11.628,5.09750,0.02028,2.28942,1.07133,0.10339,0.00036,0.00007,
11.629,5.09875,0.02070,2.28942,1.07133,0.10555,0.00036,0.00007,
11.630,5.10125,0.01966,2.59435,2.49488,0.10027,0.00036,0.00007,
11.631,5.09625,0.01945,1.88828,0.33754,0.09910,0.00036,0.00007,
11.632,5.09750,0.02112,2.36932,2.58293,0.10765,0.00036,0.00007,
11.633,5.09750,0.02112,3.05419,0.01223,0.10765,0.00036,0.00007,
11.634,5.09625,0.02070,2.01547,1.37137,0.10550,0.00036,0.00007,
11.635,5.09875,0.02049,1.70646,1.94046,0.10448,0.00036,0.00007,
11.636,5.09500,0.02091,1.93720,0.00571,0.10654,0.00036,0.00007,
11.637,5.09750,0.02007,1.64613,0.04484,0.10233,0.00036,0.00007,
11.638,5.09750,0.02007,2.34078,1.72522,0.10233,0.00036,0.00007,
11.639,5.09625,0.02070,1.44556,0.00652,0.10550,0.00036,0.00007,
11.640,5.09750,0.02028,1.44556,0.00652,0.10339,0.00036,0.00007,
11.641,5.09625,0.01966,2.71257,0.56828,0.10017,0.00036,0.00007,
11.642,5.09625,0.01945,1.12270,1.65836,0.09910,0.00036,0.00007,
11.643,5.09500,0.01945,3.05582,0.01712,0.09908,0.00036,0.00007,
11.644,5.09750,0.02007,1.51568,0.89196,0.10233,0.00036,0.00007,
11.645,5.09750,0.02007,2.91396,2.62370,0.10233,0.00036,0.00007,
11.646,5.09750,0.02028,1.51405,0.00245,0.10339,0.00036,0.00007,
11.647,5.09750,0.02007,1.40235,0.13942,0.10233,0.00036,0.00007,
11.648,5.09625,0.02154,1.50590,1.89318,0.10976,0.00036,0.00007,
11.649,5.09500,0.01945,1.78392,2.44596,0.09908,0.00036,0.00007,
11.650,5.09875,0.01924,2.39704,0.99469,0.09809,0.00036,0.00007,
11.651,5.09875,0.02112,2.39704,0.99469,0.10768,0.00036,0.00007,
11.652,5.09500,0.02112,1.84262,1.44637,0.10760,0.00036,0.00007,
11.653,5.09875,0.02049,3.05173,0.01957,0.10448,0.00036,0.00007,
11.654,5.09875,0.01986,1.81490,1.32489,0.10128,0.00036,0.00007,
11.655,5.09750,0.02028,1.30288,0.00326,0.10339,0.00036,0.00007,
11.656,5.09625,0.02028,2.79328,1.62493,0.10337,0.00036,0.00007,
11.657,5.09875,0.02049,2.75985,0.64410,0.10448,0.00036,0.00007,
11.658,5.09750,0.02028,1.68526,2.82997,0.10339,0.00036,0.00007,
11.659,5.09875,0.02007,1.85974,1.50915,0.10235,0.00036,0.00007,
11.660,5.09875,0.02112,2.22500,1.16020,0.10768,0.00036,0.00007,
11.661,5.09750,0.02112,1.75049,1.53606,0.10765,0.00036,0.00007,
11.662,5.09750,0.02049,1.75049,1.53606,0.10446,0.00036,0.00007,
11.663,5.09750,0.02154,3.05743,0.02201,0.10979,0.00036,0.00007,
11.664,5.09500,0.02049,2.27309,1.07214,0.10441,0.00036,0.00007,
11.665,5.09500,0.02007,2.39458,0.00734,0.10227,0.00036,0.00007,
11.666,5.09750,0.02112,2.07416,0.12393,0.10765,0.00036,0.00007,
11.667,5.09375,0.02028,2.70847,1.31102,0.10331,0.00036,0.00007,
11.668,5.09625,0.01966,2.24619,1.02566,0.10017,0.00036,0.00007,
11.669,5.09625,0.02049,1.89479,0.51691,0.10443,0.00036,0.00007,
11.670,5.09750,0.02049,1.35668,2.02768,0.10446,0.00036,0.00007,
11.671,5.09750,0.01882,1.29961,2.08965,0.09593,0.00036,0.00007,
11.672,5.09625,0.01966,1.73173,0.38646,0.10017,0.00036,0.00007,
11.673,5.09875,0.02049,1.73173,0.38646,0.10448,0.00036,0.00007,
11.674,5.09750,0.02007,1.70481,1.27840,0.10233,0.00036,0.00007,
11.675,5.09750,0.02007,0.75090,1.68605,0.10233,0.00036,0.00007,
11.676,5.09625,0.01966,2.63996,1.17730,0.10017,0.00036,0.00007,
11.677,5.09500,0.02007,1.88580,0.62045,0.10227,0.00036,0.00007,
11.678,5.09500,0.02091,1.80264,0.30737,0.10654,0.00036,0.00007,
11.679,5.09750,0.02091,1.80264,0.30737,0.10659,0.00036,0.00007,
11.680,5.09750,0.02112,2.62203,0.77943,0.10765,0.00036,0.00007,
11.681,5.09875,0.02133,3.13812,0.00000,0.10875,0.00036,0.00007,
11.682,5.09875,0.02007,1.91516,1.43168,0.10235,0.00036,0.00007,
11.683,5.09625,0.02112,3.05414,0.01304,0.10763,0.00036,0.00007,
11.684,5.09875,0.02133,2.62773,0.76639,0.10875,0.00036,0.00007,
11.685,5.09625,0.02049,2.62773,0.76639,0.10443,0.00036,0.00007,
11.686,5.09500,0.02133,1.00770,1.34442,0.10867,0.00036,0.00007,
11.687,5.09500,0.02028,1.54172,0.16877,0.10334,0.00036,0.00007,
11.688,5.09500,0.02028,2.06432,1.30039,0.10334,0.00036,0.00007,
11.689,5.09750,0.01966,2.17602,1.18870,0.10019,0.00036,0.00007,
11.690,5.09875,0.02028,1.40149,2.00236,0.10342,0.00036,0.00007,
11.691,5.09750,0.02007,2.04639,1.34197,0.10233,0.00036,0.00007,
11.692,5.09875,0.01861,2.08308,1.16913,0.09489,0.00036,0.00007,
11.693,5.09625,0.02028,3.05328,0.02446,0.10337,0.00036,0.00007,
11.694,5.09750,0.01966,2.13689,1.96323,0.10019,0.00036,0.00007,
11.695,5.09375,0.01903,1.35828,1.68603,0.09692,0.00036,0.00007,
11.696,5.09375,0.01986,1.35828,1.68603,0.10118,0.00036,0.00007,
11.697,5.09750,0.01986,2.69406,1.97184,0.10126,0.00036,0.00007,
11.698,5.09750,0.02028,2.50821,1.37434,0.10339,0.00036,0.00007,
11.699,5.09750,0.02091,2.19438,1.07110,0.10659,0.00036,0.00007,
11.700,5.09875,0.02112,1.62703,1.65393,0.10768,0.00036,0.00007,
11.701,5.09875,0.01986,1.41673,0.04157,0.10128,0.00036,0.00007,
11.702,5.09625,0.02112,0.83797,1.17218,0.10763,0.00036,0.00007,
11.703,5.09500,0.02154,3.05599,0.01712,0.10973,0.00036,0.00007,
11.704,5.09625,0.01945,1.60910,1.75501,0.09910,0.00036,0.00007,
11.705,5.09625,0.02216,1.43792,1.48601,0.11296,0.00036,0.00007,
11.706,5.09625,0.02216,2.27834,1.77539,0.11296,0.00036,0.00007,
11.707,5.09875,0.02070,2.27834,1.77539,0.10555,0.00036,0.00007,
11.708,5.09625,0.02049,2.72095,2.43981,0.10443,0.00036,0.00007,
11.709,5.09750,0.02028,1.30384,0.16298,0.10339,0.00036,0.00007,
11.710,5.09750,0.02070,2.84482,1.80256,0.10552,0.00036,0.00007,
11.711,5.09875,0.02007,3.02817,1.53201,0.10235,0.00036,0.00007,
11.712,5.09375,0.01986,2.57997,0.68615,0.10118,0.00036,0.00007,
11.713,5.09750,0.02007,3.05750,0.02282,0.10233,0.00036,0.00007,
11.714,5.09750,0.01986,2.71851,1.31769,0.10126,0.00036,0.00007,
11.715,5.09875,0.01986,0.63970,1.02270,0.10128,0.00036,0.00007,
11.716,5.09500,0.01924,2.30372,0.90861,0.09801,0.00036,0.00007,
11.717,5.09875,0.01966,1.60372,2.78125,0.10022,0.00036,0.00007,
11.718,5.09750,0.02007,1.60372,2.78125,0.10233,0.00036,0.00007,
11.719,5.09625,0.01966,1.27664,0.01304,0.10017,0.00036,0.00007,
11.720,5.09875,0.02007,1.87871,0.16946,0.10235,0.00036,0.00007,
11.721,5.09750,0.02007,1.63104,1.64978,0.10233,0.00036,0.00007,
11.722,5.09875,0.01945,2.10601,0.44401,0.09915,0.00036,0.00007,
11.723,5.09875,0.02028,3.04944,0.01059,0.10342,0.00036,0.00007,
11.724,5.09500,0.02028,1.47869,1.92352,0.10334,0.00036,0.00007,
11.725,5.09375,0.02007,1.64896,1.69540,0.10225,0.00036,0.00007,
11.726,5.09500,0.01924,2.04410,1.27257,0.09801,0.00036,0.00007,
11.727,5.09625,0.01924,1.78991,1.54712,0.09804,0.00036,0.00007,
11.728,5.09625,0.02028,1.71740,1.55609,0.10337,0.00036,0.00007,
11.729,5.10000,0.02070,1.71740,1.55609,0.10557,0.00036,0.00007,
11.730,5.09750,0.02007,1.56506,1.76140,0.10233,0.00036,0.00007,
11.731,5.09875,0.02112,0.98824,1.17726,0.10768,0.00036,0.00007,
11.732,5.09875,0.02133,2.08484,1.29946,0.10875,0.00036,0.00007,
11.733,5.10000,0.02133,3.05272,0.02281,0.10877,0.00036,0.00007,
11.734,5.09500,0.01986,2.46613,1.74430,0.10121,0.00036,0.00007,
11.735,5.09625,0.02049,1.77770,1.04201,0.10443,0.00036,0.00007,
11.736,5.09500,0.02091,3.09101,1.08764,0.10654,0.00036,0.00007,
11.737,5.09625,0.02028,1.69541,2.81645,0.10337,0.00036,0.00007,
11.738,5.09625,0.02028,2.09299,0.45135,0.10337,0.00036,0.00007,
11.739,5.09750,0.02070,3.15374,0.01385,0.10552,0.00036,0.00007,
11.740,5.09750,0.01945,3.15374,0.01385,0.09913,0.00036,0.00007,
11.741,5.09750,0.01986,1.51619,1.45101,0.10126,0.00036,0.00007,
11.742,5.09750,0.01986,2.62910,0.76991,0.10126,0.00036,0.00007,
11.743,5.09875,0.02007,3.04868,0.01141,0.10235,0.00036,0.00007,
11.744,5.09750,0.02049,1.95533,1.14712,0.10446,0.00036,0.00007,
11.745,5.09500,0.01945,0.73977,1.11535,0.09908,0.00036,0.00007,
11.746,5.09500,0.02091,1.89178,2.70650,0.10654,0.00036,0.00007,
11.747,5.09750,0.01945,1.89178,1.25222,0.09913,0.00036,0.00007,
11.748,5.09750,0.02007,2.15004,1.21149,0.10233,0.00036,0.00007,
11.749,5.09750,0.02007,0.97359,0.65829,0.10233,0.00036,0.00007,
11.750,5.09750,0.01986,2.44497,0.80820,0.10126,0.00036,0.00007,
11.751,5.09750,0.01986,2.44497,0.80820,0.10126,0.00036,0.00007,
11.752,5.09375,0.01945,1.88857,1.19685,0.09905,0.00036,0.00007,
11.753,5.09750,0.01966,3.04957,0.02770,0.10019,0.00036,0.00007,
11.754,5.09375,0.02007,2.31142,1.44454,0.10225,0.00036,0.00007,
11.755,5.09750,0.01945,2.21121,0.98584,0.09913,0.00036,0.00007,
11.756,5.09750,0.02007,1.86331,2.74975,0.10233,0.00036,0.00007,
11.757,5.09375,0.02049,1.85842,1.46735,0.10438,0.00036,0.00007,
11.758,5.09750,0.01882,1.65963,1.68570,0.09593,0.00036,0.00007,
11.759,5.09625,0.02028,1.48935,0.87177,0.10337,0.00036,0.00007,
11.760,5.09625,0.02028,1.75740,1.54230,0.10337,0.00036,0.00007,
11.761,5.09875,0.02070,1.35817,1.87879,0.10555,0.00036,0.00007,
11.762,5.09750,0.01924,1.35817,1.87879,0.09806,0.00036,0.00007,
11.763,5.09625,0.01986,3.05295,0.02444,0.10123,0.00036,0.00007,
11.764,5.09750,0.02112,2.19092,0.25828,0.10765,0.00036,0.00007,
11.765,5.09875,0.02112,1.62547,3.00651,0.10768,0.00036,0.00007,
11.766,5.09500,0.02007,1.04209,1.12520,0.10227,0.00036,0.00007,
11.767,5.09750,0.02091,1.98397,0.49131,0.10659,0.00036,0.00007,
11.768,5.09750,0.02070,1.56681,1.29712,0.10552,0.00036,0.00007,
11.769,5.09750,0.02070,2.13796,1.21075,0.10552,0.00036,0.00007,
11.770,5.09500,0.01986,2.12493,1.43726,0.10121,0.00036,0.00007,
11.771,5.09375,0.02049,1.54644,1.76480,0.10438,0.00036,0.00007,
11.772,5.09500,0.02049,2.65942,0.61841,0.10441,0.00036,0.00007,
11.773,5.09875,0.02007,2.65942,0.61841,0.10235,0.00036,0.00007,
11.774,5.09500,0.01986,2.53924,2.51560,0.10121,0.00036,0.00007,
11.775,5.09875,0.02070,2.17416,0.01141,0.10555,0.00036,0.00007,
11.776,5.09625,0.01861,2.30862,1.03900,0.09484,0.00036,0.00007,
11.777,5.09875,0.01945,2.18068,1.93132,0.09915,0.00036,0.00007,
11.778,5.09875,0.01945,1.65262,1.70559,0.09915,0.00036,0.00007,
11.779,5.09625,0.01945,1.63958,1.65018,0.09910,0.00036,0.00007,
11.780,5.09875,0.01966,2.65577,0.80757,0.10022,0.00036,0.00007,
11.781,5.09750,0.02070,2.56205,0.82794,0.10552,0.00036,0.00007,
11.782,5.09750,0.02070,1.74797,1.53609,0.10552,0.00036,0.00007,
11.783,5.09750,0.02070,3.04855,0.01711,0.10552,0.00036,0.00007,
11.784,5.09625,0.02028,3.04855,0.01711,0.10337,0.00036,0.00007,
11.785,5.09625,0.02070,1.88097,0.01385,0.10550,0.00036,0.00007,
11.786,5.09625,0.02091,2.18252,1.18091,0.10656,0.00036,0.00007,
11.787,5.09625,0.01986,2.68128,0.59901,0.10123,0.00036,0.00007,
11.788,5.09750,0.01986,2.77256,0.53137,0.10126,0.00036,0.00007,
11.789,5.09875,0.02070,2.22815,0.00000,0.10555,0.00036,0.00007,
11.790,5.09750,0.02133,2.09287,1.08555,0.10872,0.00036,0.00007,
11.791,5.09875,0.01945,2.24282,1.81333,0.09915,0.00036,0.00007,
11.792,5.09750,0.02028,2.55252,0.69925,0.10339,0.00036,0.00007,
11.793,5.09875,0.02028,3.05128,0.01711,0.10342,0.00036,0.00007,
11.794,5.09750,0.01966,1.67397,1.74813,0.10019,0.00036,0.00007,
11.795,5.09750,0.01966,1.67397,1.74813,0.10019,0.00036,0.00007,
11.796,5.09750,0.01986,1.49826,1.42489,0.10126,0.00036,0.00007,
11.797,5.10000,0.01986,2.69246,0.59017,0.10131,0.00036,0.00007,
11.798,5.09750,0.02133,0.82086,1.14448,0.10872,0.00036,0.00007,
11.799,5.09625,0.02070,1.07437,1.16160,0.10550,0.00036,0.00007,
11.800,5.09625,0.02007,1.66699,2.81636,0.10230,0.00036,0.00007,
11.801,5.09750,0.02091,2.17076,0.50784,0.10659,0.00036,0.00007,
11.802,5.09375,0.02133,1.81046,1.33849,0.10864,0.00036,0.00007,
11.803,5.09875,0.02007,3.05031,0.02282,0.10235,0.00036,0.00007,
11.804,5.09750,0.02091,1.30017,0.31302,0.10659,0.00036,0.00007,
11.805,5.09750,0.02091,2.38433,1.81128,0.10659,0.00036,0.00007,
11.806,5.09500,0.02091,2.38433,1.81128,0.10654,0.00036,0.00007,
11.807,5.09875,0.01986,3.02667,0.82901,0.10128,0.00036,0.00007,
11.808,5.09625,0.02133,1.71101,0.00734,0.10869,0.00036,0.00007,
11.809,5.09750,0.02133,2.06560,0.01141,0.10872,0.00036,0.00007,
11.810,5.09750,0.01986,2.74625,0.53637,0.10126,0.00036,0.00007,
11.811,5.09500,0.02112,2.09087,1.07356,0.10760,0.00036,0.00007,
11.812,5.09750,0.02070,2.24819,1.79415,0.10552,0.00036,0.00007,
11.813,5.09500,0.01966,3.05438,0.02445,0.10014,0.00036,0.00007,
11.814,5.09500,0.02028,0.92194,1.56673,0.10334,0.00036,0.00007,
11.815,5.09750,0.02028,2.80413,2.45769,0.10339,0.00036,0.00007,
11.816,5.09625,0.02070,2.81799,2.80413,0.10550,0.00036,0.00007,
11.817,5.09750,0.02028,2.81799,2.80413,0.10339,0.00036,0.00007,
11.818,5.09875,0.02049,0.64723,1.46972,0.10448,0.00036,0.00007,
11.819,5.09625,0.02049,1.76970,1.60586,0.10443,0.00036,0.00007,
11.820,5.09500,0.02028,1.79008,1.57162,0.10334,0.00036,0.00007,
11.821,5.09500,0.01945,1.93925,1.15671,0.09908,0.00036,0.00007,
11.822,5.09625,0.02028,2.45362,0.78336,0.10337,0.00036,0.00007,
11.823,5.09625,0.01966,3.04950,0.01630,0.10017,0.00036,0.00007,
11.824,5.09625,0.01966,1.49336,1.88545,0.10017,0.00036,0.00007,
11.825,5.09875,0.01882,2.02485,1.32381,0.09595,0.00036,0.00007,
11.826,5.09750,0.02028,2.75278,2.09576,0.10339,0.00036,0.00007,
11.827,5.09500,0.01903,2.01832,2.71039,0.09695,0.00036,0.00007,
11.828,5.09500,0.02049,2.01832,2.71039,0.10441,0.00036,0.00007,
11.829,5.09250,0.02007,2.84081,2.27265,0.10222,0.00036,0.00007,
11.830,5.09625,0.02070,2.37699,0.85102,0.10550,0.00036,0.00007,
11.831,5.09875,0.02070,1.62216,0.97003,0.10555,0.00036,0.00007,
11.832,5.09875,0.02028,1.87893,1.26267,0.10342,0.00036,0.00007,
11.833,5.09750,0.02028,3.05520,0.01630,0.10339,0.00036,0.00007,
11.834,5.09750,0.02070,2.23678,1.15100,0.10552,0.00036,0.00007,
11.835,5.09875,0.02112,1.50396,0.66924,0.10768,0.00036,0.00007,
11.836,5.09500,0.01986,3.08780,1.13306,0.10121,0.00036,0.00007,
11.837,5.09500,0.02133,1.88219,1.25615,0.10867,0.00036,0.00007,
11.838,5.09625,0.02091,1.73139,2.80494,0.10656,0.00036,0.00007,
11.839,5.09500,0.01966,1.73139,2.80494,0.10014,0.00036,0.00007,
11.840,5.09500,0.02070,2.30282,1.72324,0.10547,0.00036,0.00007,
11.841,5.09500,0.02070,0.97085,0.70022,0.10547,0.00036,0.00007,
11.842,5.09750,0.02070,0.97085,0.70022,0.10552,0.00036,0.00007,
11.843,5.09875,0.01966,2.27755,2.59546,0.10022,0.00036,0.00007,
11.844,5.09750,0.02049,1.53738,1.78112,0.10446,0.00036,0.00007,
11.845,5.09500,0.02112,2.39330,1.61727,0.10760,0.00036,0.00007,
11.846,5.09500,0.01966,1.53086,1.05074,0.10014,0.00036,0.00007,
11.847,5.09500,0.01945,2.09495,0.57061,0.09908,0.00036,0.00007,
11.848,5.09625,0.02049,1.39392,2.00039,0.10443,0.00036,0.00007,
11.849,5.09750,0.01945,2.57589,1.80557,0.09913,0.00036,0.00007,
11.850,5.09750,0.02007,1.63439,1.69389,0.10233,0.00036,0.00007,
11.851,5.09875,0.02007,1.63439,1.69389,0.10235,0.00036,0.00007,
11.852,5.09500,0.01966,2.75847,2.09901,0.10014,0.00036,0.00007,
11.853,5.09625,0.02070,3.05519,0.02282,0.10550,0.00036,0.00007,
11.854,5.09875,0.01945,1.61808,1.01323,0.09915,0.00036,0.00007,
11.855,5.10000,0.01986,3.07231,0.02364,0.10131,0.00036,0.00007,
11.856,5.09500,0.02070,1.77703,1.59933,0.10547,0.00036,0.00007,
11.857,5.09750,0.02028,2.08108,1.29283,0.10339,0.00036,0.00007,
11.858,5.09500,0.01945,1.45097,0.71163,0.09908,0.00036,0.00007,
11.859,5.09500,0.02091,1.88708,1.49662,0.10654,0.00036,0.00007,
11.860,5.09625,0.02091,2.52289,2.85385,0.10656,0.00036,0.00007,
11.861,5.09750,0.02154,1.53738,1.87566,0.10979,0.00036,0.00007,
11.862,5.09500,0.02070,1.53738,1.87566,0.10547,0.00036,0.00007,
11.863,5.09500,0.02112,3.05514,0.01712,0.10760,0.00036,0.00007,
11.864,5.09625,0.02133,1.63354,0.56163,0.10869,0.00036,0.00007,
11.865,5.09500,0.01986,2.84646,2.53426,0.10121,0.00036,0.00007,
11.866,5.09500,0.01986,2.46253,1.91150,0.10121,0.00036,0.00007,
11.867,5.09625,0.02070,1.99872,1.38166,0.10550,0.00036,0.00007,
11.868,5.09625,0.01966,2.19680,0.00489,0.10017,0.00036,0.00007,
11.869,5.09500,0.01966,1.62539,1.48600,0.10014,0.00036,0.00007,
11.870,5.09625,0.01924,1.88460,1.45828,0.09804,0.00036,0.00007,
11.871,5.09625,0.02007,1.97916,2.09572,0.10230,0.00036,0.00007,
11.872,5.09750,0.02028,2.67610,0.60809,0.10339,0.00036,0.00007,
11.873,5.09750,0.01966,2.67610,0.60809,0.10019,0.00036,0.00007,
11.874,5.09500,0.01924,1.65221,2.69555,0.09801,0.00036,0.00007,
11.875,5.09750,0.02133,1.90897,0.00163,0.10872,0.00036,0.00007,
11.876,5.09750,0.02049,1.43947,1.48267,0.10446,0.00036,0.00007,
11.877,5.09750,0.01966,1.55848,1.75899,0.10019,0.00036,0.00007,
11.878,5.09750,0.01966,2.32386,1.57233,0.10019,0.00037,0.00007,
11.879,5.09875,0.02049,1.99374,2.96535,0.10448,0.00037,0.00007,
11.880,5.09375,0.02070,1.44110,0.00489,0.10545,0.00037,0.00007,
11.881,5.09500,0.02028,0.87216,1.40035,0.10334,0.00037,0.00007,
11.882,5.09625,0.01945,1.47534,1.90571,0.09910,0.00037,0.00007,
11.883,5.09875,0.01945,3.05501,0.02038,0.09915,0.00037,0.00007,
11.884,5.09500,0.01986,3.05501,0.02038,0.10121,0.00037,0.00007,
11.885,5.09875,0.02007,3.05173,1.25117,0.10235,0.00037,0.00007,
11.886,5.09875,0.02028,1.56336,1.76550,0.10342,0.00037,0.00007,
11.887,5.09375,0.02028,2.30591,1.67666,0.10331,0.00037,0.00007,
11.888,5.09625,0.02007,1.10527,1.47451,0.10230,0.00037,0.00007,
11.889,5.09750,0.02028,2.76237,2.11029,0.10339,0.00037,0.00007,
11.890,5.10000,0.02007,2.10703,2.05405,0.10238,0.00037,0.00007,
11.891,5.10000,0.01945,2.77785,2.40617,0.09918,0.00037,0.00007,
11.892,5.09750,0.01903,2.24559,0.95855,0.09700,0.00037,0.00007,
11.893,5.10000,0.02091,3.05417,0.02119,0.10664,0.00037,0.00007,
11.894,5.09875,0.02070,1.97824,0.49558,0.10555,0.00037,0.00007,
11.895,5.09875,0.02007,1.97824,0.49558,0.10235,0.00037,0.00007,
11.896,5.09750,0.02007,0.43200,1.97255,0.10233,0.00037,0.00007,
11.897,5.09625,0.02091,1.43702,1.82257,0.10656,0.00037,0.00007,
11.898,5.09625,0.02112,2.43715,0.89580,0.10763,0.00037,0.00007,
11.899,5.09750,0.01986,2.75912,2.12660,0.10126,0.00037,0.00007,
11.900,5.09750,0.02028,2.32141,2.90258,0.10339,0.00037,0.00007,
11.901,5.09625,0.02028,1.60575,0.00978,0.10337,0.00037,0.00007,
11.902,5.09500,0.02007,1.37834,0.74826,0.10227,0.00037,0.00007,
11.903,5.09500,0.01924,3.05419,0.02445,0.09801,0.00037,0.00007,
11.904,5.09750,0.02049,2.20240,2.63441,0.10446,0.00037,0.00007,
11.905,5.09750,0.02049,3.08760,0.96019,0.10446,0.00037,0.00007,
11.906,5.09500,0.01903,3.08760,0.96019,0.09695,0.00037,0.00007,
11.907,5.09875,0.01986,0.44179,0.91374,0.10128,0.00037,0.00007,
11.908,5.09875,0.02028,1.14931,1.29277,0.10342,0.00037,0.00007,
11.909,5.09875,0.01986,0.78903,1.59191,0.10128,0.00037,0.00007,
11.910,5.09875,0.01966,1.54708,0.00897,0.10022,0.00037,0.00007,
11.911,5.09750,0.02007,2.47223,1.64734,0.10233,0.00037,0.00007,
11.912,5.09875,0.01966,1.83808,2.12907,0.10022,0.00037,0.00007,
11.913,5.09500,0.01945,3.05341,0.01630,0.09908,0.00037,0.00007,
11.914,5.09500,0.01924,1.81444,1.07676,0.09801,0.00037,0.00007,
11.915,5.09875,0.01924,3.07949,1.87068,0.09809,0.00037,0.00007,
11.916,5.09750,0.01986,1.69625,0.60074,0.10126,0.00037,0.00007,
11.917,5.09625,0.01966,1.69625,0.60074,0.10017,0.00037,0.00007,
11.918,5.09750,0.01945,2.79911,2.38259,0.09913,0.00037,0.00007,
11.919,5.09750,0.02049,2.29455,1.66528,0.10446,0.00037,0.00007,
11.920,5.09875,0.01924,2.07610,0.00815,0.09809,0.00037,0.00007,
11.921,5.09875,0.01966,1.88455,2.26929,0.10022,0.00037,0.00007,
11.922,5.09875,0.02091,1.65632,0.60482,0.10661,0.00037,0.00007,
11.923,5.09875,0.02007,3.05587,0.02364,0.10235,0.00037,0.00007,
11.924,5.09875,0.02007,2.21712,1.61801,0.10235,0.00037,0.00007,
11.925,5.09625,0.02007,1.30663,0.02038,0.10230,0.00037,0.00007,
11.926,5.09750,0.02112,2.96458,2.71189,0.10765,0.00037,0.00007,
11.927,5.09875,0.02028,1.36695,1.59274,0.10342,0.00037,0.00007,
11.928,5.09750,0.01986,1.36695,1.59274,0.10126,0.00037,0.00007,
11.929,5.09500,0.02049,3.06977,0.01141,0.10441,0.00037,0.00007,
11.930,5.09875,0.02070,1.53407,0.66922,0.10555,0.00037,0.00007,
11.931,5.09750,0.01966,0.96430,0.71487,0.10019,0.00037,0.00007,
11.932,5.09750,0.01966,2.63205,0.64069,0.10019,0.00037,0.00007,
11.933,5.09875,0.01966,3.05347,0.01223,0.10022,0.00037,0.00007,
11.934,5.09500,0.02049,2.92549,2.64264,0.10441,0.00037,0.00007,
11.935,5.10000,0.02028,3.09749,0.82328,0.10344,0.00037,0.00007,
11.936,5.09875,0.01924,1.26589,2.41685,0.09809,0.00037,0.00007,
11.937,5.09625,0.02154,2.29051,2.59944,0.10976,0.00037,0.00007,
11.938,5.09750,0.01924,2.01663,1.31399,0.09806,0.00037,0.00007,
11.939,5.09625,0.01966,2.01663,1.31399,0.10017,0.00037,0.00007,
11.940,5.09750,0.02112,3.07058,0.01549,0.10765,0.00037,0.00007,
11.941,5.09750,0.01945,1.59765,2.84316,0.09913,0.00037,0.00007,
11.942,5.09625,0.01945,2.56357,2.05983,0.09910,0.00037,0.00007,
11.943,5.09750,0.01861,3.05184,0.01467,0.09486,0.00037,0.00007,
11.944,5.09625,0.02049,2.27176,0.93903,0.10443,0.00037,0.00007,
11.945,5.09375,0.02007,3.18878,0.01060,0.10225,0.00037,0.00007,
11.946,5.09625,0.01903,1.18601,1.30828,0.09697,0.00037,0.00007,
11.947,5.10125,0.01986,1.67672,2.61574,0.10133,0.00037,0.00007,
11.948,5.09750,0.01986,2.14460,1.24551,0.10126,0.00037,0.00007,
11.949,5.09625,0.01986,2.34349,1.74763,0.10123,0.00037,0.00007,
11.950,5.09625,0.01966,2.34349,1.74763,0.10017,0.00037,0.00007,
11.951,5.09500,0.01966,2.90023,1.44930,0.10014,0.00037,0.00007,
11.952,5.09750,0.01986,2.07695,0.62765,0.10126,0.00037,0.00007,
11.953,5.09625,0.01924,3.05266,0.01630,0.09804,0.00037,0.00007,
11.954,5.09625,0.01861,0.64884,1.96202,0.09484,0.00037,0.00007,
11.955,5.09625,0.02049,1.36208,2.46740,0.10443,0.00037,0.00007,
11.956,5.09500,0.02028,2.95077,2.75270,0.10334,0.00037,0.00007,
11.957,5.09500,0.01945,0.84855,1.07516,0.09908,0.00037,0.00007,
11.958,5.09750,0.02154,1.64004,2.82850,0.10979,0.00037,0.00007,
11.959,5.09750,0.02112,3.03718,0.00489,0.10765,0.00037,0.00007,
11.960,5.09750,0.02112,0.86404,1.22351,0.10765,0.00037,0.00007,
11.961,5.09500,0.01966,0.86404,1.22351,0.10014,0.00037,0.00007,
11.962,5.09625,0.02133,1.71096,1.93757,0.10869,0.00037,0.00007,
11.963,5.09750,0.02112,3.05430,0.01304,0.10765,0.00037,0.00007,
11.964,5.09500,0.01986,1.08739,1.50555,0.10121,0.00037,0.00007,
11.965,5.09875,0.02049,3.04860,1.11347,0.10448,0.00037,0.00007,
11.966,5.09750,0.02112,0.66515,1.89274,0.10765,0.00037,0.00007,
11.967,5.09500,0.01986,1.09391,1.41099,0.10121,0.00037,0.00007,
11.968,5.09500,0.02028,2.29215,1.06619,0.10334,0.00037,0.00007,
11.969,5.09875,0.02028,0.60646,0.99935,0.10342,0.00037,0.00007,
11.970,5.09500,0.01986,1.78025,0.00897,0.10121,0.00037,0.00007,
11.971,5.09875,0.01986,1.57239,1.76558,0.10128,0.00037,0.00007,
11.972,5.09625,0.01966,1.57239,1.76558,0.10017,0.00037,0.00007,
11.973,5.09875,0.02070,3.05354,0.02119,0.10555,0.00037,0.00007,
11.974,5.09625,0.02028,1.98896,1.26185,0.10337,0.00037,0.00007,
11.975,5.09500,0.01986,1.64415,2.59135,0.10121,0.00037,0.00007,
11.976,5.09750,0.01966,1.78517,2.79677,0.10019,0.00037,0.00007,
11.977,5.09750,0.01966,1.73952,2.51554,0.10019,0.00037,0.00007,
11.978,5.09875,0.01966,2.85872,2.32480,0.10022,0.00037,0.00007,
11.979,5.09750,0.01903,1.92293,0.00815,0.09700,0.00037,0.00007,
11.980,5.10000,0.02007,2.58075,0.00815,0.10238,0.00037,0.00007,
11.981,5.09875,0.01986,1.72648,1.95472,0.10128,0.00037,0.00007,
11.982,5.09500,0.01966,2.54978,0.83063,0.10014,0.00037,0.00007,
11.983,5.09500,0.01945,2.54978,0.83063,0.09908,0.00037,0.00007,
11.984,5.09625,0.02070,3.07717,0.04809,0.10550,0.00037,0.00007,
11.985,5.10000,0.01986,3.07228,1.71344,0.10131,0.00037,0.00007,
11.986,5.10000,0.02133,1.59687,2.78209,0.10877,0.00037,0.00007,
11.987,5.09875,0.02133,2.20904,0.43855,0.10875,0.00037,0.00007,
11.988,5.09875,0.02091,2.35740,1.63437,0.10661,0.00037,0.00007,
11.989,5.09875,0.02007,1.37597,1.66453,0.10235,0.00037,0.00007,
11.990,5.09625,0.02070,1.57405,0.00000,0.10550,0.00037,0.00007,
11.991,5.09625,0.01986,3.08777,0.43936,0.10123,0.00037,0.00007,
11.992,5.09875,0.02070,1.83163,0.54696,0.10555,0.00037,0.00007,
11.993,5.09750,0.02112,3.05027,0.01712,0.10765,0.00037,0.00007,
11.994,5.09875,0.01966,3.05027,0.01712,0.10022,0.00037,0.00007,
11.995,5.09875,0.02070,2.52044,2.96143,0.10555,0.00037,0.00007,
11.996,5.09875,0.02070,2.26774,0.93090,0.10555,0.00037,0.00007,
11.997,5.09750,0.01924,2.14221,2.93861,0.09806,0.00037,0.00007,
11.998,5.09875,0.02049,2.39491,1.00589,0.10448,0.00037,0.00007,
11.999,5.09750,0.02070,2.89867,2.60929,0.10552,0.00037,0.00007,
12.000,5.09875,0.02070,1.72648,0.00734,0.10555,0.00037,0.00007,
12.001,5.10000,0.02007,1.67513,0.00571,0.10238,0.00037,0.00007,
12.002,5.09875,0.02133,1.85528,0.53718,0.10875,0.00037,0.00007,
12.003,5.09500,0.02070,3.04947,0.02119,0.10547,0.00037,0.00007,
12.004,5.09500,0.02028,2.96307,2.73319,0.10334,0.00037,0.00007,
12.005,5.09625,0.02028,2.96307,2.73319,0.10337,0.00037,0.00007,
12.006,5.09875,0.02091,2.96307,2.73319,0.10661,0.00037,0.00007,
12.007,5.09625,0.02154,0.44018,1.46891,0.10976,0.00037,0.00007,
12.008,5.09500,0.01966,2.56611,0.82331,0.10014,0.00037,0.00007,
12.009,5.09750,0.02133,3.06906,0.02038,0.10872,0.00037,0.00007,
12.010,5.09625,0.02007,2.18462,0.41817,0.10230,0.00037,0.00007,
12.011,5.09625,0.02049,0.59099,1.00101,0.10443,0.00037,0.00007,
12.012,5.09875,0.02049,1.03280,1.80964,0.10448,0.00037,0.00007,
12.013,5.09875,0.02049,3.05357,0.02364,0.10448,0.00037,0.00007,
12.014,5.09875,0.02049,2.26858,1.63113,0.10448,0.00037,0.00007,
12.015,5.09750,0.01945,3.07313,0.02201,0.09913,0.00037,0.00007,
12.016,5.09500,0.02028,1.99061,1.28061,0.10334,0.00037,0.00007,
12.017,5.09625,0.02091,1.99061,1.28061,0.10656,0.00037,0.00007,
12.018,5.09625,0.01966,0.49969,1.08415,0.10017,0.00037,0.00007,
12.019,5.09500,0.01966,1.55286,0.65783,0.10014,0.00037,0.00007,
12.020,5.09500,0.02070,3.06822,0.01141,0.10547,0.00037,0.00007,
12.021,5.09625,0.01986,1.13795,1.74605,0.10123,0.00037,0.00007,
12.022,5.09625,0.01924,2.65576,2.20661,0.09804,0.00037,0.00007,
12.023,5.09750,0.01924,3.05355,0.01467,0.09806,0.00037,0.00007,
12.024,5.09750,0.01966,2.83754,2.50495,0.10019,0.00037,0.00007,
12.025,5.09875,0.02175,3.09512,0.44344,0.11088,0.00037,0.00007,
12.026,5.09500,0.02007,2.69651,2.26775,0.10227,0.00037,0.00007,
12.027,5.09750,0.01986,2.39409,2.89052,0.10126,0.00037,0.00007,
12.028,5.09750,0.02091,2.39409,2.89052,0.10659,0.00037,0.00007,
12.029,5.09875,0.02154,1.55773,0.00734,0.10981,0.00037,0.00007,
12.030,5.09750,0.02028,2.82202,2.47558,0.10339,0.00037,0.00007,
12.031,5.09750,0.02007,2.38755,0.00978,0.10233,0.00037,0.00007,
12.032,5.09750,0.02007,1.42731,1.96693,0.10233,0.00037,0.00007,
12.033,5.09500,0.02070,3.05515,0.01956,0.10547,0.00037,0.00007,
12.034,5.09625,0.02049,1.51209,0.89176,0.10443,0.00037,0.00007,
12.035,5.09750,0.02091,3.06656,0.01467,0.10659,0.00037,0.00007,
12.036,5.09875,0.02175,1.95226,2.83587,0.11088,0.00037,0.00007,
12.037,5.09250,0.01945,1.65637,2.69159,0.09903,0.00037,0.00007,
12.038,5.09625,0.02091,3.09183,0.32769,0.10656,0.00037,0.00007,
12.039,5.09625,0.02070,3.09183,0.32769,0.10550,0.00037,0.00007,
12.040,5.09625,0.02007,3.08842,0.27469,0.10230,0.00037,0.00007,
12.041,5.09750,0.02007,2.70369,2.37357,0.10233,0.00037,0.00007,
12.042,5.09625,0.02028,1.46555,1.45251,0.10337,0.00037,0.00007,
12.043,5.09625,0.02112,3.05337,0.01467,0.10763,0.00037,0.00007,
12.044,5.09875,0.01966,1.56825,1.54136,0.10022,0.00037,0.00007,
12.045,5.09750,0.02007,3.08108,1.61145,0.10233,0.00037,0.00007,
12.046,5.09625,0.02133,2.91399,2.10296,0.10869,0.00037,0.00007,
12.047,5.09875,0.01966,0.44505,0.92677,0.10022,0.00037,0.00007,
12.048,5.09750,0.01924,2.66864,2.23175,0.09806,0.00037,0.00007,
12.049,5.09500,0.02007,1.40768,1.53402,0.10227,0.00037,0.00007,
12.050,5.09500,0.02007,1.40768,1.53402,0.10227,0.00037,0.00007,
12.051,5.09750,0.01945,3.08923,0.25594,0.09913,0.00037,0.00007,
12.052,5.09625,0.02028,3.07212,0.03912,0.10337,0.00037,0.00007,
12.053,5.09625,0.01986,3.05011,0.01630,0.10123,0.00037,0.00007,
12.054,5.09625,0.02007,1.99863,1.20309,0.10230,0.00037,0.00007,
12.055,5.09750,0.01924,3.06723,0.02690,0.09806,0.00037,0.00007,
12.056,5.09625,0.02028,2.01249,0.00326,0.10337,0.00037,0.00007,
12.057,5.09625,0.02049,1.80137,1.21369,0.10443,0.00037,0.00007,
12.058,5.10000,0.02070,2.39232,1.81279,0.10557,0.00037,0.00007,
12.059,5.10000,0.02070,1.90163,0.52003,0.10557,0.00037,0.00007,
12.060,5.09625,0.02007,1.64324,0.00734,0.10230,0.00037,0.00007,
12.061,5.09625,0.02133,1.64324,0.00734,0.10869,0.00037,0.00007,
12.062,5.09625,0.02070,1.41420,0.00245,0.10550,0.00037,0.00007,
12.063,5.09750,0.02007,3.05011,0.02445,0.10233,0.00037,0.00007,
12.064,5.09625,0.02070,1.66362,0.60807,0.10550,0.00037,0.00007,
12.065,5.09750,0.02154,3.08435,1.48512,0.10979,0.00037,0.00007,
12.066,5.09875,0.01945,0.47439,1.02295,0.09915,0.00037,0.00007,
12.067,5.09625,0.02133,2.24561,2.91236,0.10869,0.00037,0.00007,
12.068,5.09625,0.02028,1.89104,2.23827,0.10337,0.00037,0.00007,
12.069,5.09875,0.02028,1.88207,1.51772,0.10342,0.00037,0.00007,
12.070,5.09625,0.02028,2.19752,0.00245,0.10337,0.00037,0.00007,
12.071,5.09625,0.02133,0.85504,1.05637,0.10869,0.00037,0.00007,
12.072,5.09625,0.02091,0.85504,1.05637,0.10656,0.00037,0.00007,
12.073,5.09625,0.02007,3.05421,0.01467,0.10230,0.00037,0.00007,
12.074,5.09875,0.02007,2.05081,1.26749,0.10235,0.00037,0.00007,
12.075,5.09875,0.01986,2.38664,0.79962,0.10128,0.00037,0.00007,
12.076,5.09750,0.01924,1.57234,1.76063,0.09806,0.00037,0.00007,
12.077,5.09750,0.01966,1.40606,1.55115,0.10019,0.00037,0.00007,
12.078,5.09500,0.01966,1.51855,0.00652,0.10014,0.00037,0.00007,
12.079,5.09875,0.02091,1.84459,0.95205,0.10661,0.00037,0.00007,
12.080,5.09625,0.01966,1.44274,0.00245,0.10017,0.00037,0.00007,
12.081,5.09750,0.01924,3.08926,0.19481,0.09806,0.00037,0.00007,
12.082,5.09750,0.02028,3.08356,0.27388,0.10339,0.00037,0.00007,
12.083,5.09750,0.02070,3.08356,0.27388,0.10552,0.00037,0.00007,
12.084,5.09500,0.01861,1.50882,1.78352,0.09482,0.00037,0.00007,
12.085,5.09625,0.02007,2.33945,0.00245,0.10230,0.00037,0.00007,
12.086,5.09625,0.02133,2.10795,0.00734,0.10869,0.00037,0.00007,
12.087,5.09750,0.02133,1.62375,1.37188,0.10872,0.00037,0.00007,
12.088,5.09625,0.01986,2.63779,2.83586,0.10123,0.00037,0.00007,
12.089,5.09875,0.01945,2.10632,0.60646,0.09915,0.00037,0.00007,
12.090,5.09625,0.01986,1.60175,0.00571,0.10123,0.00037,0.00007,
12.091,5.09625,0.02007,3.19778,0.00978,0.10230,0.00037,0.00007,
12.092,5.09750,0.01945,2.10876,1.42078,0.09913,0.00037,0.00007,
12.093,5.09750,0.01966,3.05025,0.01467,0.10019,0.00037,0.00007,
12.094,5.09750,0.02007,3.05025,0.01467,0.10233,0.00037,0.00007,
12.095,5.09750,0.01924,1.46324,1.17385,0.09806,0.00037,0.00007,
12.096,5.09625,0.01924,1.54231,1.73795,0.09804,0.00037,0.00007,
12.097,5.09500,0.01945,1.54720,0.00245,0.09908,0.00037,0.00007,
12.098,5.09750,0.02049,0.78664,1.60345,0.10446,0.00037,0.00007,
12.099,5.09500,0.02028,2.06973,0.63665,0.10334,0.00037,0.00007,
12.100,5.09750,0.01966,0.96191,1.21705,0.10019,0.00037,0.00007,
12.101,5.09875,0.02007,3.08054,0.07663,0.10235,0.00037,0.00007,
12.102,5.09625,0.02007,3.06098,0.01060,0.10230,0.00037,0.00007,
12.103,5.09625,0.02007,3.04957,0.01141,0.10230,0.00037,0.00007,
12.104,5.09625,0.02154,1.76485,0.56899,0.10976,0.00037,0.00007,
12.105,5.09750,0.02154,1.76485,0.56899,0.10979,0.00037,0.00007,
12.106,5.09750,0.02112,3.07275,0.02609,0.10765,0.00037,0.00007,
12.107,5.10000,0.02049,1.41205,1.52211,0.10451,0.00037,0.00007,
12.108,5.09875,0.02133,1.79849,2.77599,0.10875,0.00037,0.00007,
12.109,5.09875,0.02049,1.90202,2.98633,0.10448,0.00037,0.00007,
12.110,5.09625,0.02049,1.50254,0.00408,0.10443,0.00037,0.00007,
12.111,5.09875,0.02070,1.99007,0.00000,0.10555,0.00037,0.00007,
12.112,5.09500,0.02175,1.33949,0.00082,0.11080,0.00037,0.00007,
12.113,5.09500,0.01966,3.05074,0.01957,0.10014,0.00037,0.00007,
12.114,5.09750,0.01966,1.35416,0.78347,0.10019,0.00037,0.00007,
12.115,5.09625,0.02091,2.41972,2.63821,0.10656,0.00037,0.00007,
12.116,5.09625,0.02028,2.41972,2.63821,0.10337,0.00037,0.00007,
12.117,5.09875,0.01966,3.09173,1.17734,0.10022,0.00037,0.00007,
12.118,5.09750,0.01986,3.08765,1.24990,0.10126,0.00037,0.00007,
12.119,5.09875,0.02091,1.53934,0.66694,0.10661,0.00037,0.00007,
12.120,5.09500,0.02007,1.91684,0.00408,0.10227,0.00037,0.00007,
12.121,5.09625,0.01945,2.50714,2.97677,0.09910,0.00037,0.00007,
12.122,5.09625,0.01986,1.52548,2.53894,0.10123,0.00037,0.00007,
12.123,5.09750,0.01986,3.05178,0.01957,0.10126,0.00037,0.00007,
12.124,5.09500,0.02028,2.22096,0.97677,0.10334,0.00037,0.00007,
12.125,5.09750,0.02070,1.53282,1.05830,0.10552,0.00037,0.00007,
12.126,5.09500,0.02028,3.06727,0.02446,0.10334,0.00037,0.00007,
12.127,5.09625,0.02070,3.06727,0.02446,0.10550,0.00037,0.00007,
12.128,5.09750,0.02070,1.92370,0.00652,0.10552,0.00037,0.00007,
12.129,5.09875,0.02028,1.99057,0.73882,0.10342,0.00037,0.00007,
12.130,5.09750,0.02091,0.49010,1.05522,0.10659,0.00037,0.00007,
12.131,5.09750,0.02091,1.05359,0.47053,0.10659,0.00037,0.00007,
12.132,5.09875,0.02091,1.49802,1.67743,0.10661,0.00037,0.00007,
12.133,5.09625,0.02070,3.05150,0.01794,0.10550,0.00037,0.00007,
12.134,5.09625,0.02070,2.98300,1.00058,0.10550,0.00037,0.00007,
12.135,5.09500,0.02070,2.14795,0.09949,0.10547,0.00037,0.00007,
12.136,5.09625,0.01945,2.15285,2.32247,0.09910,0.00037,0.00007,
12.137,5.09375,0.02154,1.49721,1.66030,0.10971,0.00037,0.00007,
12.138,5.09875,0.02154,1.49721,1.66030,0.10981,0.00037,0.00007,
12.139,5.09625,0.02007,0.98346,1.86743,0.10230,0.00037,0.00007,
12.140,5.09625,0.02133,1.81850,2.76444,0.10869,0.00037,0.00007,
12.141,5.09500,0.02133,1.82502,0.00652,0.10867,0.00037,0.00007,
12.142,5.09625,0.02112,0.95247,1.22565,0.10763,0.00037,0.00007,
12.143,5.09500,0.02049,3.05067,0.02039,0.10441,0.00037,0.00007,
12.144,5.09875,0.02070,0.66298,1.83481,0.10555,0.00037,0.00007,
12.145,5.09875,0.02175,1.81850,0.15005,0.11088,0.00037,0.00007,
12.146,5.09750,0.01966,0.84646,1.07153,0.10019,0.00037,0.00007,
12.147,5.09625,0.02133,3.07106,0.00979,0.10869,0.00037,0.00007,
12.148,5.09250,0.02112,2.94956,2.69268,0.10755,0.00037,0.00007,
12.149,5.09250,0.01986,2.94956,2.69268,0.10116,0.00037,0.00007,
12.150,5.09875,0.01986,0.81628,2.38360,0.10128,0.00037,0.00007,
12.151,5.09750,0.01924,2.18137,0.00000,0.09806,0.00037,0.00007,
12.152,5.09625,0.02007,2.91773,1.35856,0.10230,0.00037,0.00007,
12.153,5.09625,0.01903,3.05228,0.01468,0.09697,0.00037,0.00007,
12.154,5.10000,0.02091,1.65131,2.95035,0.10664,0.00037,0.00007,
12.155,5.09500,0.02028,2.12836,2.82069,0.10334,0.00037,0.00007,
12.156,5.09875,0.02133,2.04518,0.00326,0.10875,0.00037,0.00007,
12.157,5.09500,0.02133,0.56675,0.95980,0.10867,0.00037,0.00007,
12.158,5.09500,0.02028,2.10716,0.00734,0.10334,0.00037,0.00007,
12.159,5.09875,0.02028,1.72960,2.80519,0.10342,0.00037,0.00007,
12.160,5.09500,0.02070,1.72960,2.80519,0.10547,0.00037,0.00007,
12.161,5.09750,0.02112,1.42868,1.90001,0.10765,0.00037,0.00007,
12.162,5.09875,0.02049,1.06988,1.15468,0.10448,0.00037,0.00007,
12.163,5.09750,0.02112,3.05062,0.02202,0.10765,0.00037,0.00007,
12.164,5.09750,0.02112,0.73554,1.73203,0.10765,0.00037,0.00007,
12.165,5.09750,0.02028,1.57464,1.72061,0.10339,0.00037,0.00007,
12.166,5.10000,0.02112,1.57464,1.72061,0.10771,0.00037,0.00007,
12.167,5.10000,0.02133,2.35585,0.00897,0.10877,0.00037,0.00007,
12.168,5.09875,0.02133,3.07997,1.87310,0.10875,0.00037,0.00007,
12.169,5.09750,0.02049,2.95766,2.68937,0.10446,0.00037,0.00007,
12.170,5.09750,0.02133,0.59610,1.37567,0.10872,0.00037,0.00007,
12.171,5.09625,0.02070,0.63279,1.40503,0.10550,0.00037,0.00007,
12.172,5.09500,0.01986,0.63279,1.40503,0.10121,0.00037,0.00007,
12.173,5.09500,0.02070,3.05783,0.02120,0.10547,0.00037,0.00007,
12.174,5.09875,0.02133,2.24486,1.38785,0.10875,0.00037,0.00007,
12.175,5.10000,0.01945,1.19378,1.25738,0.09918,0.00037,0.00007,
12.176,5.10000,0.02028,1.02580,1.13425,0.10344,0.00037,0.00007,
12.177,5.09625,0.02028,0.94915,0.76242,0.10337,0.00037,0.00007,
12.178,5.09625,0.01966,2.72351,2.82625,0.10017,0.00037,0.00007,
12.179,5.09625,0.02070,1.35931,0.00489,0.10550,0.00037,0.00007,
12.180,5.09875,0.01966,0.87902,0.93284,0.10022,0.00037,0.00007,
12.181,5.09875,0.02007,1.92766,0.00734,0.10235,0.00037,0.00007,
12.182,5.09750,0.01945,2.82625,2.48948,0.09913,0.00037,0.00007,
12.183,5.09625,0.02112,2.82625,2.48948,0.10763,0.00037,0.00007,
12.184,5.09500,0.02070,2.18656,0.00489,0.10547,0.00037,0.00007,
12.185,5.10125,0.02070,3.07765,0.05462,0.10560,0.00037,0.00007,
12.186,5.10125,0.02070,0.53156,1.18867,0.10560,0.00037,0.00007,
12.187,5.09500,0.02049,2.91623,2.62436,0.10441,0.00037,0.00007,
12.188,5.09750,0.02091,1.19600,1.68109,0.10659,0.00037,0.00007,
12.189,5.09500,0.02091,0.62124,2.02106,0.10654,0.00037,0.00007,
12.190,5.09750,0.02049,2.14416,0.00489,0.10446,0.00037,0.00007,
12.191,5.09500,0.01986,2.19797,2.84122,0.10121,0.00037,0.00007,
12.192,5.09750,0.02133,3.09396,0.47775,0.10872,0.00037,0.00007,
12.193,5.09750,0.02070,3.05808,0.01549,0.10552,0.00037,0.00007,
12.194,5.09625,0.02091,3.05808,0.01549,0.10656,0.00037,0.00007,
12.195,5.09625,0.02091,1.93494,0.13204,0.10656,0.00037,0.00007,
12.196,5.09625,0.01945,2.34573,0.96584,0.09910,0.00037,0.00007,
12.197,5.09500,0.01986,2.96028,0.96503,0.10121,0.00037,0.00007,
12.198,5.09625,0.01966,2.91382,1.18998,0.10017,0.00037,0.00007,
12.199,5.09625,0.01903,2.23244,1.57795,0.09697,0.00037,0.00007,
12.200,5.09625,0.02007,1.37907,0.00163,0.10230,0.00037,0.00007,
12.201,5.09750,0.01924,1.77764,0.00652,0.09806,0.00037,0.00007,
12.202,5.09875,0.01903,3.08987,0.31380,0.09702,0.00037,0.00007,
12.203,5.09625,0.02112,3.05075,0.01875,0.10763,0.00037,0.00007,
12.204,5.09625,0.01945,1.69857,0.00326,0.09910,0.00037,0.00007,
12.205,5.09625,0.01945,1.69857,0.00326,0.09910,0.00037,0.00007,
12.206,5.09750,0.02007,3.14123,0.00978,0.10233,0.00037,0.00007,
12.207,5.09750,0.02175,2.11996,1.42227,0.11085,0.00037,0.00007,
12.208,5.09750,0.02112,1.13293,1.44754,0.10765,0.00037,0.00007,
12.209,5.10000,0.01945,2.39789,0.00652,0.09918,0.00037,0.00007,
12.210,5.09750,0.02133,1.81921,0.00815,0.10872,0.00037,0.00007,
12.211,5.09750,0.02112,1.30164,1.58039,0.10765,0.00037,0.00007,
12.212,5.09500,0.02049,1.78742,0.00326,0.10441,0.00037,0.00007,
12.213,5.09500,0.02091,1.08402,1.38641,0.10654,0.00037,0.00007,
12.214,5.09750,0.02091,3.07684,0.10433,0.10659,0.00037,0.00007,
12.215,5.09625,0.02112,1.26008,1.76786,0.10763,0.00037,0.00007,
12.216,5.09500,0.02007,1.26008,1.76786,0.10227,0.00037,0.00007,
12.217,5.09500,0.02091,2.01402,0.16220,0.10654,0.00037,0.00007,
12.218,5.09875,0.02070,1.50135,1.74505,0.10555,0.00037,0.00007,
12.219,5.09750,0.02070,1.74016,0.00815,0.10552,0.00037,0.00007,
12.220,5.09875,0.01861,2.96276,1.10930,0.09489,0.00037,0.00007,
12.221,5.09750,0.02028,2.03603,2.96928,0.10339,0.00037,0.00007,
12.222,5.09750,0.01903,3.19016,0.00978,0.09700,0.00037,0.00007,
12.223,5.09375,0.01903,3.05323,0.01956,0.09692,0.00037,0.00007,
12.224,5.09875,0.01945,2.23083,0.00245,0.09915,0.00037,0.00007,
12.225,5.09875,0.02007,0.66102,0.77187,0.10235,0.00037,0.00007,
12.226,5.09750,0.02028,1.70511,3.02307,0.10339,0.00037,0.00007,
12.227,5.09625,0.02091,1.70511,3.02307,0.10656,0.00038,0.00007,
12.228,5.09750,0.02007,3.09649,0.63413,0.10233,0.00038,0.00007,
12.229,5.09625,0.02091,2.05400,0.00652,0.10656,0.00038,0.00007,
12.230,5.09875,0.02028,0.41243,1.60245,0.10342,0.00038,0.00007,
12.231,5.09875,0.02007,1.45492,1.46225,0.10235,0.00038,0.00007,
12.232,5.09500,0.02007,0.68793,0.77107,0.10227,0.00038,0.00007,
12.233,5.09625,0.02133,3.05329,0.01875,0.10869,0.00038,0.00007,
12.234,5.09500,0.02091,1.46796,0.00489,0.10654,0.00038,0.00007,
12.235,5.09375,0.02007,2.95385,1.16801,0.10225,0.00038,0.00007,
12.236,5.09750,0.02112,1.05961,2.32624,0.10765,0.00038,0.00007,
12.237,5.09500,0.02091,0.50780,1.62201,0.10654,0.00038,0.00007,
12.238,5.09875,0.02049,0.50780,1.62201,0.10448,0.00038,0.00007,
12.239,5.09875,0.02154,2.63686,0.63986,0.10981,0.00038,0.00007,
12.240,5.09875,0.02154,3.07702,0.08722,0.10981,0.00038,0.00007,
12.241,5.09875,0.02154,3.07049,0.03668,0.10981,0.00038,0.00007,
12.242,5.09750,0.01966,1.45985,0.00326,0.10019,0.00038,0.00007,
12.243,5.09875,0.02091,3.05175,0.02038,0.10661,0.00038,0.00007,
12.244,5.09875,0.02070,0.76375,1.64325,0.10555,0.00038,0.00007,
12.245,5.09625,0.01966,1.40361,1.13462,0.10017,0.00038,0.00007,
12.246,5.09625,0.02154,2.95964,2.71918,0.10976,0.00038,0.00007,
12.247,5.09875,0.02112,1.64895,0.00163,0.10768,0.00038,0.00007,
12.248,5.09750,0.02049,3.07457,0.04157,0.10446,0.00038,0.00007,
12.249,5.09750,0.02049,3.07457,0.04157,0.10446,0.00038,0.00007,
12.250,5.09875,0.02049,3.08764,0.17769,0.10448,0.00038,0.00007,
12.251,5.09875,0.02070,2.15352,1.94485,0.10555,0.00038,0.00007,
12.252,5.09625,0.02049,3.07622,0.04320,0.10443,0.00038,0.00007,
12.253,5.09500,0.02049,3.04933,0.01956,0.10441,0.00038,0.00007,
12.254,5.09500,0.01924,1.82666,1.33270,0.09801,0.00038,0.00007,
12.255,5.09750,0.02091,1.45986,1.57805,0.10659,0.00038,0.00007,
12.256,5.09750,0.02049,0.69936,2.06549,0.10446,0.00038,0.00007,
12.257,5.09625,0.01966,3.06563,0.01060,0.10017,0.00038,0.00007,
12.258,5.09625,0.02196,0.94064,1.52833,0.11189,0.00038,0.00007,
12.259,5.09875,0.02196,3.06644,0.03913,0.11195,0.00038,0.00007,
12.260,5.09875,0.02028,3.06644,0.03913,0.10342,0.00038,0.00007,
12.261,5.09750,0.02028,1.75585,0.00489,0.10339,0.00038,0.00007,
12.262,5.09500,0.02091,3.08537,0.14021,0.10654,0.00038,0.00007,
12.263,5.09750,0.02070,3.05113,0.01793,0.10552,0.00038,0.00007,
12.264,5.09750,0.02028,1.91806,0.00326,0.10339,0.00038,0.00007,
12.265,5.09625,0.02091,1.36539,2.04115,0.10656,0.00038,0.00007,
12.266,5.09625,0.02070,1.76889,2.69491,0.10550,0.00038,0.00007,
12.267,5.09625,0.02070,3.06662,0.01630,0.10550,0.00038,0.00007,
12.268,5.09875,0.02070,1.47951,1.92540,0.10555,0.00038,0.00007,
12.269,5.09625,0.02112,2.35743,0.00489,0.10763,0.00038,0.00007,
12.270,5.09875,0.02112,0.76788,1.67189,0.10768,0.00038,0.00007,
12.271,5.09625,0.02007,0.76788,1.67189,0.10230,0.00038,0.00007,
12.272,5.10000,0.01986,2.01522,2.34946,0.10131,0.00038,0.00007,
12.273,5.09625,0.02070,3.05055,0.01875,0.10550,0.00038,0.00007,
12.274,5.09625,0.02028,1.93044,0.00326,0.10337,0.00038,0.00007,
12.275,5.09750,0.01966,2.08778,0.11821,0.10019,0.00038,0.00007,
12.276,5.09750,0.01986,2.01033,1.88152,0.10126,0.00038,0.00007,
12.277,5.09625,0.01986,3.06441,0.01386,0.10123,0.00038,0.00007,
12.278,5.09625,0.01945,3.07256,0.05707,0.09910,0.00038,0.00007,
12.279,5.09750,0.01986,3.08071,1.45680,0.10126,0.00038,0.00007,
12.280,5.09875,0.02007,3.13859,0.00978,0.10235,0.00038,0.00007,
12.281,5.09750,0.02091,2.29076,1.67609,0.10659,0.00038,0.00007,
12.282,5.09500,0.02049,2.29076,1.67609,0.10441,0.00038,0.00007,
12.283,5.09750,0.02049,3.05639,0.01712,0.10446,0.00038,0.00007,
12.284,5.09750,0.01924,0.36197,1.85226,0.09806,0.00038,0.00007,
12.285,5.09750,0.02028,1.83269,1.45441,0.10339,0.00038,0.00007,
12.286,5.09750,0.02028,1.02396,1.14299,0.10339,0.00038,0.00007,
12.287,5.09875,0.01945,3.07025,0.02935,0.09915,0.00038,0.00007,
12.288,5.09750,0.02007,3.17460,0.00897,0.10233,0.00038,0.00007,
12.289,5.09750,0.01966,3.07758,0.08560,0.10019,0.00038,0.00007,
12.290,5.09750,0.02049,2.17428,1.48865,0.10446,0.00038,0.00007,
12.291,5.09875,0.01966,1.21636,1.50903,0.10022,0.00038,0.00007,
12.292,5.09500,0.01945,3.09715,0.45573,0.09908,0.00038,0.00007,
12.293,5.09750,0.02007,3.09715,0.45573,0.10233,0.00038,0.00007,
12.294,5.09625,0.02007,0.51687,1.63703,0.10230,0.00038,0.00007,
12.295,5.09625,0.02007,3.09307,0.51116,0.10230,0.00038,0.00007,
12.296,5.09625,0.01924,2.74659,2.36097,0.09804,0.00038,0.00007,
12.297,5.09750,0.02070,3.15258,0.00815,0.10552,0.00038,0.00007,
12.298,5.09750,0.02049,2.84849,0.00652,0.10446,0.00038,0.00007,
12.299,5.09750,0.02007,3.10448,0.01060,0.10233,0.00038,0.00007,
12.300,5.09625,0.02091,0.87721,0.97097,0.10656,0.00038,0.00007,
12.301,5.09500,0.01986,1.63947,0.00978,0.10121,0.00038,0.00007,
12.302,5.09625,0.02070,3.08329,0.10028,0.10550,0.00038,0.00007,
12.303,5.09625,0.02007,3.05312,0.02609,0.10230,0.00038,0.00007,
12.304,5.09750,0.02007,3.05312,0.02609,0.10233,0.00038,0.00007,
12.305,5.09750,0.01903,1.65252,0.02527,0.09700,0.00038,0.00007,
12.306,5.09750,0.01903,1.81068,2.39930,0.09700,0.00038,0.00007,
12.307,5.09625,0.01986,3.07188,0.03016,0.10123,0.00038,0.00007,
12.308,5.09875,0.01945,3.06536,0.01875,0.09915,0.00038,0.00007,
12.309,5.09875,0.02007,3.07270,0.07500,0.10235,0.00038,0.00007,
12.310,5.09875,0.01986,3.08737,0.36850,0.10128,0.00038,0.00007,
12.311,5.09625,0.02070,1.86123,2.52158,0.10550,0.00038,0.00007,
12.312,5.09625,0.02028,3.07107,0.02364,0.10337,0.00038,0.00007,
12.313,5.09500,0.02028,3.05394,0.01875,0.10334,0.00038,0.00007,
12.314,5.09750,0.01882,1.32805,0.00326,0.09593,0.00038,0.00007,
12.315,5.10000,0.02112,1.32805,0.00326,0.10771,0.00038,0.00007,
12.316,5.09625,0.02007,3.07840,0.08805,0.10230,0.00038,0.00007,
12.317,5.09375,0.01986,1.05005,0.45410,0.10118,0.00038,0.00007,
12.318,5.09625,0.02007,3.07432,0.06604,0.10230,0.00038,0.00007,
12.319,5.09500,0.02007,3.07106,0.04076,0.10227,0.00038,0.00007,
12.320,5.09750,0.01945,3.06943,0.02283,0.09913,0.00038,0.00007,
12.321,5.09750,0.02007,0.87558,0.97504,0.10233,0.00038,0.00007,
12.322,5.09625,0.02007,1.76992,2.65610,0.10230,0.00038,0.00007,
12.323,5.09750,0.02091,3.05476,0.01467,0.10659,0.00038,0.00007,
12.324,5.09875,0.01966,2.63898,2.91127,0.10022,0.00038,0.00007,
12.325,5.09625,0.01903,2.29249,2.56316,0.09697,0.00038,0.00007,
12.326,5.09750,0.01945,2.29249,2.56316,0.09913,0.00038,0.00007,
12.327,5.10000,0.01986,1.43077,1.54817,0.10131,0.00038,0.00007,
12.328,5.09875,0.01986,1.43077,1.54817,0.10128,0.00038,0.00007,
12.329,5.09750,0.01966,1.17315,1.47643,0.10019,0.00038,0.00007,
12.330,5.09750,0.02070,1.85878,0.06930,0.10552,0.00038,0.00007,
12.331,5.09875,0.02070,0.64242,2.02998,0.10555,0.00038,0.00007,
12.332,5.09625,0.01945,1.50170,0.00489,0.09910,0.00038,0.00007,
12.333,5.09625,0.02049,3.05068,0.01875,0.10443,0.00038,0.00007,
12.334,5.09875,0.02049,0.70601,1.49436,0.10448,0.00038,0.00007,
12.335,5.09750,0.02028,3.08737,1.48784,0.10339,0.00038,0.00007,
12.336,5.09500,0.01966,2.33489,0.21523,0.10014,0.00038,0.00007,
12.337,5.09625,0.02112,1.43892,0.00571,0.10763,0.00038,0.00007,
12.338,5.09875,0.01966,1.43892,0.00571,0.10022,0.00038,0.00007,
12.339,5.09875,0.01966,0.49323,1.27587,0.10022,0.00038,0.00007,
12.340,5.09875,0.01966,1.32641,0.00652,0.10022,0.00038,0.00007,
12.341,5.09500,0.02049,2.20851,1.54164,0.10441,0.00038,0.00007,
12.342,5.09625,0.02049,3.07186,0.03179,0.10443,0.00038,0.00007,
12.343,5.10000,0.02049,3.05474,0.03179,0.10451,0.00038,0.00007,
12.344,5.09625,0.02112,3.09061,0.25273,0.10763,0.00038,0.00007,
12.345,5.09750,0.02070,2.56070,1.90116,0.10552,0.00038,0.00007,
12.346,5.09500,0.02049,2.08296,1.26282,0.10441,0.00038,0.00007,
12.347,5.09875,0.02112,0.76144,1.35005,0.10768,0.00038,0.00007,
12.348,5.09875,0.02112,3.18844,0.00815,0.10768,0.00038,0.00007,
12.349,5.09875,0.02112,3.18844,0.00815,0.10768,0.00038,0.00007,
12.350,5.09375,0.01966,3.07753,0.08478,0.10012,0.00038,0.00007,
12.351,5.09750,0.02070,0.63426,1.45439,0.10552,0.00038,0.00007,
12.352,5.09875,0.02112,1.47314,0.00571,0.10768,0.00038,0.00007,
12.353,5.09750,0.01903,3.05226,0.01957,0.09700,0.00038,0.00007,
12.354,5.09625,0.01840,1.60847,0.00408,0.09377,0.00038,0.00007,
12.355,5.09750,0.02007,1.81309,1.43238,0.10233,0.00038,0.00007,
12.356,5.09750,0.02007,3.07019,0.02038,0.10233,0.00038,0.00007,
12.357,5.09625,0.01861,0.65627,1.48047,0.09484,0.00038,0.00007,
12.358,5.09625,0.02007,3.08976,1.15601,0.10230,0.00038,0.00007,
12.359,5.09625,0.02007,1.32558,0.00245,0.10230,0.00038,0.00007,
12.360,5.09750,0.02133,1.32558,0.00245,0.10872,0.00038,0.00007,
12.361,5.09875,0.01924,0.36440,1.81304,0.09809,0.00038,0.00007,
12.362,5.09500,0.01945,0.78669,1.98750,0.09908,0.00038,0.00007,
12.363,5.09500,0.02049,3.05951,0.01793,0.10441,0.00038,0.00007,
12.364,5.09750,0.01966,2.89892,1.42908,0.10019,0.00038,0.00007,
12.365,5.10125,0.01945,1.18696,1.21467,0.09920,0.00038,0.00007,
12.366,5.10000,0.02070,3.08805,1.41359,0.10557,0.00038,0.00007,
12.367,5.10000,0.01986,3.06685,0.02038,0.10131,0.00038,0.00007,
12.368,5.09625,0.01986,0.96929,1.20978,0.10123,0.00038,0.00007,
12.369,5.09500,0.01903,3.06522,0.01549,0.09695,0.00038,0.00007,
12.370,5.09875,0.02049,0.85435,0.96603,0.10448,0.00038,0.00007,
12.371,5.09500,0.02007,0.85435,0.96603,0.10227,0.00038,0.00007,
12.372,5.09750,0.01924,2.36903,2.92094,0.09806,0.00038,0.00007,
12.373,5.10000,0.02133,3.05545,0.01549,0.10877,0.00038,0.00007,
12.374,5.09750,0.01986,1.31821,1.20571,0.10126,0.00038,0.00007,
12.375,5.09500,0.02007,1.53832,0.01793,0.10227,0.00038,0.00007,
12.376,5.09500,0.02091,3.08969,0.57392,0.10654,0.00038,0.00007,
12.377,5.09875,0.02091,3.07583,0.09049,0.10661,0.00038,0.00007,
12.378,5.09750,0.02091,2.17501,0.00245,0.10659,0.00038,0.00007,
12.379,5.09625,0.02028,0.66033,1.50816,0.10337,0.00038,0.00007,
12.380,5.09875,0.02028,2.08860,0.03995,0.10342,0.00038,0.00007,
12.381,5.09750,0.02007,0.62854,1.46169,0.10233,0.00038,0.00007,
12.382,5.09500,0.01986,0.62854,1.46169,0.10121,0.00038,0.00007,
12.383,5.09750,0.01986,3.05545,0.01386,0.10126,0.00038,0.00007,
12.384,5.09750,0.01966,3.09213,0.47446,0.10019,0.00038,0.00007,
12.385,5.09750,0.02049,1.20653,1.32473,0.10446,0.00038,0.00007,
12.386,5.09500,0.02049,2.11387,2.28343,0.10441,0.00038,0.00007,
12.387,5.09750,0.02028,3.07012,0.02609,0.10339,0.00038,0.00007,
12.388,5.09750,0.02028,1.94675,0.00163,0.10339,0.00038,0.00007,
12.389,5.09750,0.02154,3.08806,0.39946,0.10979,0.00038,0.00007,
12.390,5.09875,0.02112,1.25055,2.39023,0.10768,0.00038,0.00007,
12.391,5.09750,0.01986,3.08887,0.39375,0.10126,0.00038,0.00007,
12.392,5.09500,0.02070,2.04457,0.00245,0.10547,0.00038,0.00007,
12.393,5.09500,0.02091,2.04457,0.00245,0.10654,0.00038,0.00007,
12.394,5.09500,0.02007,2.93485,0.84132,0.10227,0.00038,0.00007,
12.395,5.09500,0.02007,0.50055,1.20084,0.10227,0.00038,0.00007,
12.396,5.09625,0.02049,1.22530,0.06033,0.10443,0.00038,0.00007,
12.397,5.09625,0.02091,2.24679,0.00326,0.10656,0.00038,0.00007,
12.398,5.09625,0.01924,2.21500,0.00652,0.09804,0.00038,0.00007,
12.399,5.09750,0.02091,3.07751,0.08397,0.10659,0.00038,0.00007,
12.400,5.09625,0.02091,1.22530,0.05462,0.10656,0.00038,0.00007,
12.401,5.09750,0.02007,3.06936,0.04484,0.10233,0.00038,0.00007,
12.402,5.09500,0.02175,2.38619,1.60438,0.11080,0.00038,0.00007,
12.403,5.09500,0.01986,3.05387,0.02120,0.10121,0.00038,0.00007,
12.404,5.09750,0.01986,3.05387,0.02120,0.10126,0.00038,0.00007,
12.405,5.09375,0.01945,2.60631,0.65871,0.09905,0.00038,0.00007,
12.406,5.09750,0.02007,1.56444,1.69487,0.10233,0.00038,0.00007,
12.407,5.09750,0.02070,3.09545,0.53887,0.10552,0.00038,0.00007,
12.408,5.09500,0.02028,1.71199,1.94923,0.10334,0.00038,0.00007,
12.409,5.09875,0.02070,3.07507,0.08968,0.10555,0.00038,0.00007,
12.410,5.09875,0.02112,3.08892,0.37582,0.10768,0.00038,0.00007,
12.411,5.09500,0.02091,3.09137,0.55110,0.10654,0.00038,0.00007,
12.412,5.09500,0.02007,3.07099,0.02120,0.10227,0.00038,0.00007,
12.413,5.09625,0.02007,3.06039,0.01794,0.10230,0.00038,0.00007,
12.414,5.09750,0.02175,1.68428,1.76906,0.11085,0.00038,0.00007,
12.415,5.09500,0.02007,1.68428,1.76906,0.10227,0.00038,0.00007,
12.416,5.09625,0.01966,1.93618,2.09026,0.10017,0.00038,0.00007,
12.417,5.10125,0.01924,1.70547,0.00652,0.09813,0.00038,0.00007,
12.418,5.09625,0.01986,2.25005,0.00571,0.10123,0.00038,0.00007,
12.419,5.09500,0.02070,3.09056,0.45409,0.10547,0.00038,0.00007,
12.420,5.09875,0.01945,2.97561,0.91388,0.09915,0.00038,0.00007,
12.421,5.09875,0.01966,0.36849,1.77558,0.10022,0.00038,0.00007,
12.422,5.09750,0.01966,3.07262,0.04891,0.10019,0.00038,0.00007,
12.423,5.09250,0.02070,1.33046,1.94678,0.10542,0.00038,0.00007,
12.424,5.09875,0.01924,2.41391,0.00652,0.09809,0.00038,0.00007,
12.425,5.09750,0.01945,2.22152,1.03535,0.09913,0.00038,0.00007,
12.426,5.09875,0.02070,2.22152,1.03535,0.10555,0.00038,0.00007,
12.427,5.09500,0.02028,3.00007,0.95056,0.10334,0.00038,0.00007,
12.428,5.09750,0.02049,2.19217,2.92914,0.10446,0.00038,0.00007,
12.429,5.09750,0.02070,3.06447,0.01630,0.10552,0.00038,0.00007,
12.430,5.09750,0.02133,2.96909,1.09323,0.10872,0.00038,0.00007,
12.431,5.09750,0.02133,3.09463,0.47447,0.10872,0.00038,0.00007,
12.432,5.09625,0.01966,1.43237,0.00163,0.10017,0.00038,0.00007,
12.433,5.09625,0.02112,3.05550,0.01875,0.10763,0.00038,0.00007,
12.434,5.09500,0.02070,2.19869,2.48076,0.10547,0.00038,0.00007,
12.435,5.09625,0.02007,2.08945,0.03016,0.10230,0.00038,0.00007,
12.436,5.09750,0.02133,1.31334,1.40384,0.10872,0.00038,0.00007,
12.437,5.09625,0.02091,1.31334,1.40384,0.10656,0.00038,0.00007,
12.438,5.09750,0.01986,0.64812,2.12616,0.10126,0.00038,0.00007,
12.439,5.09750,0.02154,3.09059,1.37287,0.10979,0.00038,0.00007,
12.440,5.09875,0.02154,1.91664,0.17283,0.10981,0.00038,0.00007,
12.441,5.09625,0.02028,0.87068,0.97829,0.10337,0.00038,0.00007,
12.442,5.09875,0.02007,2.13757,0.00326,0.10235,0.00038,0.00007,
12.443,5.09875,0.02049,3.05391,0.01875,0.10448,0.00038,0.00007,
12.444,5.09750,0.02133,0.74758,0.83318,0.10872,0.00038,0.00007,
12.445,5.09875,0.01945,1.51065,0.04321,0.09915,0.00038,0.00007,
12.446,5.09875,0.02049,1.84245,0.96525,0.10448,0.00038,0.00007,
12.447,5.09625,0.01966,3.06614,0.01875,0.10017,0.00038,0.00007,
12.448,5.09625,0.01966,3.06614,0.01875,0.10017,0.00038,0.00007,
12.449,5.09500,0.01966,0.77040,1.96881,0.10014,0.00038,0.00007,
12.450,5.09875,0.01945,3.08814,0.34485,0.09915,0.00038,0.00007,
12.451,5.09500,0.01945,3.08732,1.06797,0.09908,0.00038,0.00007,
12.452,5.09500,0.01966,3.08814,1.24650,0.10014,0.00038,0.00007,
12.453,5.09625,0.02049,3.05716,0.02038,0.10443,0.00038,0.00007,
12.454,5.09750,0.01945,1.87750,0.01223,0.09913,0.00038,0.00007,
12.455,5.09750,0.02112,0.91796,1.67614,0.10765,0.00038,0.00007,
12.456,5.09750,0.02007,3.00335,0.82910,0.10233,0.00038,0.00007,
12.457,5.09750,0.01986,2.01202,0.00245,0.10126,0.00038,0.00007,
12.458,5.09625,0.01986,3.06857,0.03179,0.10123,0.00038,0.00007,
12.459,5.09625,0.02049,3.06857,0.03179,0.10443,0.00038,0.00007,
12.460,5.09625,0.02070,1.96556,0.13370,0.10550,0.00038,0.00007,
12.461,5.09750,0.01966,3.06614,1.84571,0.10019,0.00038,0.00007,
12.462,5.09875,0.02070,3.07021,0.01549,0.10555,0.00038,0.00007,
12.463,5.09750,0.02049,3.05554,0.01467,0.10446,0.00038,0.00007,
12.464,5.09750,0.02049,0.77611,1.94762,0.10446,0.00038,0.00007,
12.465,5.09500,0.02070,0.63834,1.48782,0.10547,0.00038,0.00007,
12.466,5.09500,0.02070,1.27667,2.56965,0.10547,0.00038,0.00007,
12.467,5.09875,0.02070,3.07021,0.03913,0.10555,0.00038,0.00007,
12.468,5.09625,0.02028,2.33975,0.00245,0.10337,0.00038,0.00007,
12.469,5.09500,0.02091,3.07103,0.02935,0.10654,0.00038,0.00007,
12.470,5.09625,0.02070,3.07103,0.02935,0.10550,0.00038,0.00007,
12.471,5.09500,0.02028,0.76307,2.04056,0.10334,0.00038,0.00007,
12.472,5.09500,0.02049,1.09488,1.68593,0.10441,0.00038,0.00007,
12.473,5.09625,0.02154,3.05473,0.01794,0.10976,0.00038,0.00007,
12.474,5.09875,0.02028,1.83512,2.21503,0.10342,0.00038,0.00007,
12.475,5.09750,0.02112,2.21910,1.86529,0.10765,0.00038,0.00007,
12.476,5.09750,0.02112,3.07674,0.07174,0.10765,0.00038,0.00007,
12.477,5.09500,0.02091,3.06615,0.01304,0.10654,0.00038,0.00007,
12.478,5.10000,0.02007,3.07756,0.06604,0.10238,0.00038,0.00007,
12.479,5.09500,0.01986,3.00582,0.89514,0.10121,0.00038,0.00008,
12.480,5.09625,0.01986,3.14033,0.96362,0.10123,0.00038,0.00008,
12.481,5.09875,0.02028,3.14033,0.96362,0.10342,0.00038,0.00008,
12.482,5.09500,0.02049,0.69705,2.06751,0.10441,0.00038,0.00008,
12.483,5.09875,0.01986,3.05480,0.01549,0.10128,0.00038,0.00008,
12.484,5.09750,0.02070,1.51639,1.63705,0.10552,0.00038,0.00008,
12.485,5.09750,0.02070,1.51639,1.60118,0.10552,0.00038,0.00008,
12.486,5.09625,0.02028,2.22404,1.32155,0.10337,0.00038,0.00008,
12.487,5.09625,0.02091,3.06458,0.01304,0.10656,0.00038,0.00008,
12.488,5.09750,0.02133,2.12947,0.00815,0.10872,0.00038,0.00008,
12.489,5.09875,0.02049,3.08986,0.88049,0.10448,0.00038,0.00008,
12.490,5.09500,0.01966,3.08986,0.88049,0.10014,0.00038,0.00008,
12.491,5.09750,0.02133,1.85391,0.08397,0.10872,0.00038,0.00008,
12.492,5.09500,0.02049,2.20937,1.31176,0.10441,0.00038,0.00008,
12.493,5.09500,0.02028,2.20937,1.31176,0.10334,0.00038,0.00008,
12.494,5.09625,0.02070,1.62319,1.29138,0.10550,0.00038,0.00008,
12.495,5.09625,0.02070,1.32073,1.12588,0.10550,0.00038,0.00008,
12.496,5.09375,0.02112,3.08659,0.21197,0.10758,0.00038,0.00008,
12.497,5.09750,0.02007,3.08741,0.20626,0.10233,0.00038,0.00008,
12.498,5.09875,0.02070,3.06784,0.01794,0.10555,0.00038,0.00008,
12.499,5.09625,0.02133,3.01077,0.85114,0.10869,0.00038,0.00008,
12.500,5.09875,0.02028,3.07681,0.05707,0.10342,0.00038,0.00008,
12.501,5.09250,0.02091,3.08170,0.12392,0.10648,0.00038,0.00008,
12.502,5.09750,0.02112,3.09067,0.30491,0.10765,0.00038,0.00008,
12.503,5.09750,0.01966,3.05317,0.01794,0.10019,0.00038,0.00008,
12.504,5.09500,0.01966,3.05317,0.01794,0.10014,0.00038,0.00008,
12.505,5.09625,0.02133,2.10988,2.41560,0.10869,0.00038,0.00008,
12.506,5.09375,0.02154,3.08004,0.07011,0.10971,0.00038,0.00008,
12.507,5.09625,0.02049,3.08901,0.31469,0.10443,0.00038,0.00008,
12.508,5.09500,0.02091,3.08738,0.33915,0.10654,0.00038,0.00008,
12.509,5.09500,0.02091,2.16777,0.00652,0.10654,0.00038,0.00008,
12.510,5.09375,0.01986,3.08738,0.18914,0.10118,0.00038,0.00008,
12.511,5.09625,0.02028,0.82667,0.84297,0.10337,0.00038,0.00008,
12.512,5.09625,0.02028,1.81639,0.08560,0.10337,0.00038,0.00008,
12.513,5.09500,0.02028,3.05395,0.01794,0.10334,0.00038,0.00008,
12.514,5.09500,0.01986,1.78704,0.00408,0.10121,0.00038,0.00008,
12.515,5.09625,0.01945,1.78704,0.00408,0.09910,0.00038,0.00008,
12.516,5.09625,0.02049,3.01961,1.33616,0.10443,0.00038,0.00008,
12.517,5.09875,0.02007,3.06934,1.65410,0.10235,0.00038,0.00008,
12.518,5.09500,0.02028,2.64787,2.58428,0.10334,0.00038,0.00008,
12.519,5.09625,0.01966,3.07831,0.06603,0.10017,0.00038,0.00008,
12.520,5.09750,0.02007,3.19896,0.00652,0.10233,0.00038,0.00008,
12.521,5.09750,0.02070,3.07668,0.04973,0.10552,0.00038,0.00008,
12.522,5.09750,0.02070,2.94624,1.24323,0.10552,0.00038,0.00008,
12.523,5.09750,0.02028,3.05467,0.02120,0.10339,0.00038,0.00008,
12.524,5.09625,0.02049,3.08728,0.34566,0.10443,0.00038,0.00008,
12.525,5.09625,0.02007,1.22284,0.05136,0.10230,0.00038,0.00008,
12.526,5.09625,0.02049,1.22284,0.05136,0.10443,0.00038,0.00008,
12.527,5.10000,0.01986,0.78745,1.29938,0.10131,0.00038,0.00008,
12.528,5.09875,0.02007,3.06422,0.01793,0.10235,0.00038,0.00008,
12.529,5.09875,0.02112,0.44182,1.48279,0.10768,0.00038,0.00008,
12.530,5.09875,0.01966,0.47198,1.35155,0.10022,0.00038,0.00008,
12.531,5.09875,0.01966,3.06178,0.01141,0.10022,0.00038,0.00008,
12.532,5.09625,0.02112,3.08786,0.31710,0.10763,0.00038,0.00008,
12.533,5.09500,0.02091,3.04955,0.01630,0.10654,0.00038,0.00008,
12.534,5.09875,0.01945,0.66355,1.31487,0.09915,0.00038,0.00008,
12.535,5.09875,0.02070,1.75995,0.07173,0.10555,0.00038,0.00008,
12.536,5.09625,0.02133,1.68903,0.99777,0.10869,0.00038,0.00008,
12.537,5.09625,0.01986,1.68903,0.99777,0.10123,0.00038,0.00008,
12.538,5.09500,0.02154,0.52089,1.41025,0.10973,0.00038,0.00008,
12.539,5.09500,0.02133,3.09358,0.72713,0.10867,0.00038,0.00008,
12.540,5.09750,0.02133,0.82332,2.38764,0.10872,0.00038,0.00008,
12.541,5.09750,0.02049,1.93359,0.00326,0.10446,0.00038,0.00008,
12.542,5.09750,0.02070,3.01532,0.82251,0.10552,0.00038,0.00008,
12.543,5.09625,0.02049,3.05363,0.01712,0.10443,0.00038,0.00008,
12.544,5.09625,0.01945,0.88691,0.67252,0.09910,0.00038,0.00008,
12.545,5.09625,0.02007,2.90120,2.05912,0.10230,0.00038,0.00008,
12.546,5.09875,0.01966,1.85126,1.50807,0.10022,0.00038,0.00008,
12.547,5.09750,0.01945,3.08950,0.51600,0.09913,0.00038,0.00008,
12.548,5.09750,0.02028,3.08950,0.51600,0.10339,0.00038,0.00008,
12.549,5.09875,0.02028,1.51705,0.04647,0.10342,0.00038,0.00008,
12.550,5.09625,0.01924,3.06753,0.02446,0.09804,0.00038,0.00008,
12.551,5.09750,0.02133,3.07650,0.08967,0.10872,0.00038,0.00008,
12.552,5.09500,0.01966,3.04308,1.07849,0.10014,0.00038,0.00008,
12.553,5.09500,0.01945,3.05041,0.01793,0.09908,0.00038,0.00008,
12.554,5.09875,0.02112,0.81029,0.89589,0.10768,0.00038,0.00008,
12.555,5.09625,0.02049,3.09362,0.58204,0.10443,0.00038,0.00008,
12.556,5.09875,0.02007,1.59450,0.00734,0.10235,0.00038,0.00008,
12.557,5.09875,0.02154,2.23849,2.51647,0.10981,0.00038,0.00008,
12.558,5.09750,0.02154,0.64399,2.32001,0.10979,0.00038,0.00008,
12.559,5.09500,0.02049,0.64399,2.32001,0.10441,0.00038,0.00008,
12.560,5.09500,0.02028,2.54259,2.94122,0.10334,0.00038,0.00008,
12.561,5.09750,0.02133,0.64808,1.03693,0.10872,0.00038,0.00008,
12.562,5.09500,0.01966,1.88717,1.73799,0.10014,0.00038,0.00008,
12.563,5.09875,0.02007,3.05453,0.01793,0.10235,0.00038,0.00008,
12.564,5.09750,0.02133,1.19181,1.26029,0.10872,0.00038,0.00008,
12.565,5.09875,0.02028,2.77166,0.62525,0.10342,0.00038,0.00008,
12.566,5.09875,0.02007,3.06758,0.03342,0.10235,0.00038,0.00008,
12.567,5.09500,0.02007,1.32632,1.44452,0.10227,0.00038,0.00008,
12.568,5.09750,0.02112,2.88416,1.54479,0.10765,0.00038,0.00008,
12.569,5.09625,0.02112,0.39781,1.66626,0.10763,0.00038,0.00008,
12.570,5.09875,0.02028,0.39781,1.66626,0.10342,0.00038,0.00008,
12.571,5.10000,0.02028,1.10299,1.89619,0.10344,0.00038,0.00008,
12.572,5.09750,0.02112,3.09049,0.77283,0.10765,0.00038,0.00008,
12.573,5.09750,0.02007,3.05217,0.01630,0.10233,0.00038,0.00008,
12.574,5.09750,0.02091,1.58723,1.72907,0.10659,0.00039,0.00008,
12.575,5.09750,0.02133,1.08750,1.44456,0.10872,0.00039,0.00008,
12.576,5.09875,0.02133,3.11576,0.01386,0.10875,0.00039,0.00008,
12.577,5.09750,0.01966,1.56440,1.75272,0.10019,0.00039,0.00008,
12.578,5.09750,0.02007,1.29456,1.20163,0.10233,0.00039,0.00008,
12.579,5.09875,0.01924,0.47527,1.31168,0.09809,0.00039,0.00008,
12.580,5.09375,0.02007,2.92907,1.30761,0.10225,0.00039,0.00008,
12.581,5.09750,0.01986,2.92907,1.30761,0.10126,0.00039,0.00008,
12.582,5.09750,0.01966,1.15027,1.25706,0.10019,0.00039,0.00008,
12.583,5.09875,0.01986,3.05054,0.01957,0.10128,0.00039,0.00008,
12.584,5.09875,0.02091,2.13668,0.30081,0.10661,0.00039,0.00008,
12.585,5.09750,0.02091,1.43641,1.81875,0.10659,0.00039,0.00008,
12.586,5.09500,0.01840,1.41685,1.55869,0.09375,0.00039,0.00008,
12.587,5.09500,0.02070,2.70815,1.30435,0.10547,0.00039,0.00008,
12.588,5.09750,0.02028,2.45788,1.46087,0.10339,0.00039,0.00008,
12.589,5.09750,0.02028,0.41576,1.30924,0.10339,0.00039,0.00008,
12.590,5.09500,0.02049,3.08967,0.76549,0.10441,0.00039,0.00008,
12.591,5.09500,0.02133,3.08478,0.26495,0.10867,0.00039,0.00008,
12.592,5.09625,0.01966,3.08478,0.26495,0.10017,0.00039,0.00008,
12.593,5.09625,0.02112,3.05706,0.01712,0.10763,0.00039,0.00008,
12.594,5.09750,0.02091,0.95543,2.27609,0.10659,0.00039,0.00008,
12.595,5.09750,0.02091,0.91549,1.18451,0.10659,0.00039,0.00008,
12.596,5.09750,0.02049,3.06848,0.02527,0.10446,0.00039,0.00008,
12.597,5.09750,0.02091,1.58315,0.02772,0.10659,0.00039,0.00008,
12.598,5.09500,0.02070,1.33940,2.04293,0.10547,0.00039,0.00008,
12.599,5.09875,0.01924,1.01739,1.60272,0.09809,0.00039,0.00008,
12.600,5.09875,0.02091,1.97364,0.13125,0.10661,0.00039,0.00008,
12.601,5.09625,0.02133,3.07908,0.04891,0.10869,0.00039,0.00008,
12.602,5.09625,0.02049,2.89973,1.44620,0.10443,0.00039,0.00008,
12.603,5.10000,0.02049,2.89973,1.44620,0.10451,0.00039,0.00008,
12.604,5.09625,0.02133,1.87175,1.40952,0.10869,0.00039,0.00008,
12.605,5.09625,0.02112,1.56930,1.76332,0.10763,0.00039,0.00008,
12.606,5.09750,0.01945,3.08072,0.17609,0.09913,0.00039,0.00008,
12.607,5.09750,0.02133,2.39023,2.62419,0.10872,0.00039,0.00008,
12.608,5.09625,0.02175,1.07935,1.18533,0.11082,0.00039,0.00008,
12.609,5.09625,0.02007,1.08343,1.31740,0.10230,0.00039,0.00008,
12.610,5.09750,0.01945,2.61034,2.75463,0.09913,0.00039,0.00008,
12.611,5.09750,0.02049,1.34919,1.11359,0.10446,0.00039,0.00008,
12.612,5.09750,0.02049,3.09050,0.48261,0.10446,0.00039,0.00008,
12.613,5.09875,0.02070,3.05137,0.01957,0.10555,0.00039,0.00008,
12.614,5.09875,0.02070,3.05137,0.01957,0.10555,0.00039,0.00008,
12.615,5.09500,0.02196,1.72912,1.37449,0.11186,0.00039,0.00008,
12.616,5.09625,0.02112,2.16691,0.00408,0.10763,0.00039,0.00008,
12.617,5.09750,0.02007,1.81472,2.66339,0.10233,0.00039,0.00008,
12.618,5.09625,0.01924,0.37256,1.87097,0.09804,0.00039,0.00008,
12.619,5.09500,0.02070,0.62529,1.99734,0.10547,0.00039,0.00008,
12.620,5.09500,0.01986,3.08894,0.91225,0.10121,0.00039,0.00008,
12.621,5.09750,0.01986,3.08568,0.25680,0.10126,0.00039,0.00008,
12.622,5.10000,0.01986,3.07427,1.88076,0.10131,0.00039,0.00008,
12.623,5.09750,0.02133,3.04981,0.02120,0.10872,0.00039,0.00008,
12.624,5.10000,0.01966,2.90877,2.07234,0.10024,0.00039,0.00008,
12.625,5.09875,0.01945,2.90877,2.07234,0.09915,0.00039,0.00008,
12.626,5.09875,0.02007,1.04923,1.59218,0.10235,0.00039,0.00008,
12.627,5.09625,0.02028,1.71202,1.85877,0.10337,0.00039,0.00008,
12.628,5.09625,0.01986,3.09387,0.90737,0.10123,0.00039,0.00008,
12.629,5.09875,0.01966,0.97993,1.07857,0.10022,0.00039,0.00008,
12.630,5.09875,0.01966,0.36279,1.82045,0.10022,0.00039,0.00008,
12.631,5.09500,0.02091,1.89301,2.70663,0.10654,0.00039,0.00008,
12.632,5.09625,0.02133,2.93490,1.25630,0.10869,0.00039,0.00008,
12.633,5.09750,0.02070,3.05229,0.02201,0.10552,0.00039,0.00008,
12.634,5.09375,0.02091,2.59983,0.80791,0.10651,0.00039,0.00008,
12.635,5.09500,0.02070,1.39815,0.16876,0.10547,0.00039,0.00008,
12.636,5.09625,0.02028,1.39815,0.16876,0.10337,0.00039,0.00008,
12.637,5.09750,0.02070,1.47818,0.68079,0.10552,0.00039,0.00008,
12.638,5.09625,0.02112,3.09169,0.96779,0.10763,0.00039,0.00008,
12.639,5.09625,0.02007,1.64450,2.05216,0.10230,0.00039,0.00008,
12.640,5.09875,0.02007,3.08354,1.65836,0.10235,0.00039,0.00008,
12.641,5.09625,0.02112,3.06397,1.56541,0.10763,0.00039,0.00008,
12.642,5.09750,0.02133,0.66122,0.99632,0.10872,0.00039,0.00008,
12.643,5.09625,0.01924,3.05011,0.01794,0.09804,0.00039,0.00008,
12.644,5.09375,0.01882,1.55319,0.16633,0.09586,0.00039,0.00008,
12.645,5.09750,0.02070,2.64082,0.74683,0.10552,0.00039,0.00008,
12.646,5.09750,0.01945,1.64205,1.66488,0.09913,0.00039,0.00008,
12.647,5.09875,0.01966,1.64205,1.66488,0.10022,0.00039,0.00008,
12.648,5.09875,0.01986,1.73989,0.03669,0.10128,0.00039,0.00008,
12.649,5.09875,0.01986,3.08843,0.29188,0.10128,0.00039,0.00008,
12.650,5.09750,0.01986,1.80022,2.66283,0.10126,0.00039,0.00008,
12.651,5.09875,0.01945,0.36852,1.86789,0.09915,0.00039,0.00008,
12.652,5.09500,0.01986,2.21604,1.75783,0.10121,0.00039,0.00008,
12.653,5.09625,0.02049,2.21604,1.75783,0.10443,0.00039,0.00008,
12.654,5.09875,0.01986,3.05174,0.02038,0.10128,0.00039,0.00008,
12.655,5.09750,0.01924,0.68650,1.50752,0.09806,0.00039,0.00008,
12.656,5.09750,0.02028,3.08924,0.31634,0.10339,0.00039,0.00008,
12.657,5.09750,0.02049,0.96371,1.55400,0.10446,0.00039,0.00008,
12.658,5.09875,0.02049,2.97347,0.99061,0.10448,0.00039,0.00008,
12.659,5.09500,0.01924,2.97347,0.99061,0.09801,0.00039,0.00008,
12.660,5.09250,0.02154,2.16629,0.09050,0.10968,0.00039,0.00008,
12.661,5.09625,0.02007,3.08351,0.15165,0.10230,0.00039,0.00008,
12.662,5.09875,0.01945,2.47366,2.65629,0.09915,0.00039,0.00008,
12.663,5.09500,0.02070,3.05335,0.01794,0.10547,0.00039,0.00008,
12.664,5.09875,0.02091,1.66487,2.72478,0.10661,0.00039,0.00008,
12.665,5.09875,0.02049,2.77451,0.62534,0.10448,0.00039,0.00008,
12.666,5.09875,0.02091,0.53729,1.44800,0.10661,0.00039,0.00008,
12.667,5.09750,0.02091,2.99383,1.78472,0.10659,0.00039,0.00008,
12.668,5.09375,0.02049,2.23640,2.46143,0.10438,0.00039,0.00008,
12.669,5.09875,0.01986,1.76841,0.15980,0.10128,0.00039,0.00008,
12.670,5.09875,0.02175,1.76841,0.15980,0.11088,0.00039,0.00008,
12.671,5.09750,0.02070,1.32402,0.02690,0.10552,0.00039,0.00008,
12.672,5.09500,0.02007,0.65793,0.76555,0.10227,0.00039,0.00008,
12.673,5.09750,0.02112,3.05732,0.01875,0.10765,0.00039,0.00008,
12.674,5.09625,0.02049,3.09808,0.53809,0.10443,0.00039,0.00008,
12.675,5.09625,0.01986,2.29339,1.07617,0.10123,0.00039,0.00008,
12.676,5.09500,0.01986,1.13080,1.25146,0.10121,0.00039,0.00008,
12.677,5.09500,0.01945,3.08422,1.71291,0.09908,0.00039,0.00008,
12.678,5.09625,0.01986,1.70639,1.28978,0.10123,0.00039,0.00008,
12.679,5.09375,0.01924,0.89192,1.51072,0.09799,0.00039,0.00008,
12.680,5.09750,0.01924,3.07851,0.06604,0.09806,0.00039,0.00008,
12.681,5.09625,0.01966,3.07851,0.06604,0.10017,0.00039,0.00008,
12.682,5.09625,0.02007,1.37934,2.60542,0.10230,0.00039,0.00008,
12.683,5.09500,0.01903,3.05378,0.01875,0.09695,0.00039,0.00008,
12.684,5.09500,0.02007,0.97581,2.27852,0.10227,0.00039,0.00008,
12.685,5.09750,0.02007,2.40487,0.82581,0.10233,0.00039,0.00008,
12.686,5.09625,0.02028,0.44266,1.48124,0.10337,0.00039,0.00008,
12.687,5.09625,0.02028,3.09210,0.48831,0.10337,0.00039,0.00008,
12.688,5.09875,0.02028,1.61330,1.76412,0.10342,0.00039,0.00008,
12.689,5.09500,0.02091,0.92363,0.52989,0.10654,0.00039,0.00008,
12.690,5.09625,0.02091,0.46141,1.45597,0.10656,0.00039,0.00008,
12.691,5.09750,0.02028,1.07282,1.18206,0.10339,0.00039,0.00008,
12.692,5.09500,0.02112,1.07282,1.18206,0.10760,0.00039,0.00008,
12.693,5.09500,0.02175,3.05436,0.02119,0.11080,0.00039,0.00008,
12.694,5.09750,0.01966,1.41021,1.86995,0.10019,0.00039,0.00008,
12.695,5.09750,0.01966,2.08107,0.46056,0.10019,0.00039,0.00008,
12.696,5.09875,0.02091,1.07029,0.15977,0.10661,0.00039,0.00008,
12.697,5.09500,0.02091,2.25225,2.52533,0.10654,0.00039,0.00008,
12.698,5.09750,0.01945,0.36845,1.78273,0.09913,0.00039,0.00008,
12.699,5.09875,0.02091,0.92438,1.10942,0.10661,0.00039,0.00008,
12.700,5.09500,0.02112,1.56508,1.76887,0.10760,0.00039,0.00008,
12.701,5.09750,0.02091,0.39861,1.67268,0.10659,0.00039,0.00008,
12.702,5.09750,0.02112,2.12835,1.20234,0.10765,0.00039,0.00008,
12.703,5.10000,0.02112,2.12835,1.20234,0.10771,0.00039,0.00008,
12.704,5.09625,0.02133,1.09475,0.38394,0.10869,0.00039,0.00008,
12.705,5.09375,0.02028,2.05581,1.12002,0.10331,0.00039,0.00008,
12.706,5.09750,0.01924,1.71590,0.59343,0.09806,0.00039,0.00008,
12.707,5.09875,0.02091,0.38720,1.70530,0.10661,0.00039,0.00008,
12.708,5.09625,0.02091,2.68593,2.02158,0.10656,0.00039,0.00008,
12.709,5.09750,0.01924,1.67758,1.35397,0.09806,0.00039,0.00008,
12.710,5.09625,0.01924,2.71527,2.23678,0.09804,0.00039,0.00008,
12.711,5.09625,0.02196,2.41611,0.96514,0.11189,0.00039,0.00008,
12.712,5.09500,0.02196,1.68818,2.09331,0.11186,0.00039,0.00008,
12.713,5.09750,0.02007,3.05356,0.02038,0.10233,0.00039,0.00008,
12.714,5.09500,0.01966,3.05356,0.02038,0.10014,0.00039,0.00008,
12.715,5.09625,0.02049,1.43874,1.58303,0.10443,0.00039,0.00008,
12.716,5.09625,0.01903,0.75972,0.84042,0.09697,0.00039,0.00008,
12.717,5.09625,0.02028,3.06660,0.01630,0.10337,0.00039,0.00008,
12.718,5.09875,0.01924,2.91743,1.34582,0.09809,0.00039,0.00008,
12.719,5.09750,0.01966,1.45749,1.92457,0.10019,0.00039,0.00008,
12.720,5.09750,0.01945,1.44771,1.15752,0.09913,0.00039,0.00008,
12.721,5.09500,0.01945,0.59914,1.92457,0.09908,0.00039,0.00008,
12.722,5.09625,0.01903,1.52270,1.21132,0.09697,0.00039,0.00008,
12.723,5.09750,0.02049,3.05274,0.02119,0.10446,0.00039,0.00008,
12.724,5.10000,0.01945,2.49518,2.71364,0.09918,0.00039,0.00008,
12.725,5.09625,0.01966,2.49518,2.71364,0.10017,0.00039,0.00008,
12.726,5.09625,0.02049,1.88464,1.11921,0.10443,0.00039,0.00008,
12.727,5.09875,0.02112,3.07885,0.13043,0.10768,0.00039,0.00008,
12.728,5.09625,0.01986,2.12430,2.81555,0.10123,0.00039,0.00008,
12.729,5.09625,0.02175,0.77440,1.94089,0.11082,0.00039,0.00008,
12.730,5.09750,0.02175,0.88934,1.42489,0.11085,0.00039,0.00008,
12.731,5.09875,0.02049,1.22110,0.05462,0.10448,0.00039,0.00008,
12.732,5.09750,0.02049,1.49826,2.51883,0.10446,0.00039,0.00008,
12.733,5.09625,0.02091,3.05358,0.01956,0.10656,0.00039,0.00008,
12.734,5.09875,0.02175,2.47482,1.76400,0.11088,0.00039,0.00008,
12.735,5.09750,0.01986,1.79008,1.54961,0.10126,0.00039,0.00008,
12.736,5.09750,0.02196,1.79008,1.54961,0.11192,0.00039,0.00008,
12.737,5.09250,0.02091,2.14795,0.15651,0.10648,0.00039,0.00008,
12.738,5.09250,0.02049,1.60995,2.57591,0.10435,0.00039,0.00008,
12.739,5.09500,0.02049,1.82515,2.19686,0.10441,0.00039,0.00008,
12.740,5.09750,0.02112,2.74547,0.53067,0.10765,0.00039,0.00008,
12.741,5.09750,0.02007,0.67495,1.26595,0.10233,0.00039,0.00008,
12.742,5.09375,0.01986,1.74119,0.03261,0.10118,0.00039,0.00008,
12.743,5.09500,0.01986,3.05605,0.01956,0.10121,0.00039,0.00008,
12.744,5.09250,0.02049,0.71327,1.18688,0.10435,0.00039,0.00008,
12.745,5.09500,0.01986,0.74750,1.39882,0.10121,0.00039,0.00008,
12.746,5.09500,0.01986,3.06094,0.02690,0.10121,0.00039,0.00008,
12.747,5.09500,0.02070,3.06094,0.02690,0.10547,0.00039,0.00008,
12.748,5.09625,0.02070,2.89879,2.03470,0.10550,0.00039,0.00008,
12.749,5.09500,0.02007,2.50751,1.81378,0.10227,0.00039,0.00008,
12.750,5.09750,0.01966,2.25235,1.38255,0.10019,0.00039,0.00008,
12.751,5.10000,0.01986,1.21136,1.33283,0.10131,0.00039,0.00008,
12.752,5.09500,0.02070,2.28333,2.56212,0.10547,0.00039,0.00008,
12.753,5.09875,0.02007,3.05286,0.02283,0.10235,0.00039,0.00008,
12.754,5.09750,0.02007,2.24339,0.71981,0.10233,0.00039,0.00008,
12.755,5.09875,0.02091,2.76592,0.52987,0.10661,0.00039,0.00008,
12.756,5.09875,0.02091,1.35973,0.16059,0.10661,0.00039,0.00008,
12.757,5.09750,0.02091,0.65378,0.78095,0.10659,0.00039,0.00008,
12.758,5.09750,0.01966,0.65378,0.78095,0.10019,0.00039,0.00008,
12.759,5.09875,0.02133,2.79208,2.16601,0.10875,0.00039,0.00008,
12.760,5.10000,0.02112,1.80242,1.50569,0.10771,0.00039,0.00008,
12.761,5.09625,0.02007,2.13992,0.08804,0.10230,0.00039,0.00008,
12.762,5.09750,0.02070,1.50895,1.95813,0.10552,0.00039,0.00008,
12.763,5.09750,0.02112,3.05540,0.01712,0.10765,0.00039,0.00008,
12.764,5.09750,0.02049,1.83748,0.90325,0.10446,0.00039,0.00008,
12.765,5.09625,0.02112,2.58339,2.50024,0.10763,0.00039,0.00008,
12.766,5.09625,0.02112,1.67199,0.14103,0.10763,0.00039,0.00008,
12.767,5.09500,0.02091,2.44399,2.66084,0.10654,0.00039,0.00008,
12.768,5.09625,0.02049,0.53233,1.11194,0.10443,0.00039,0.00008,
12.769,5.09625,0.02049,0.53233,1.11194,0.10443,0.00039,0.00008,
12.770,5.09750,0.02112,2.86165,2.54043,0.10765,0.00039,0.00008,
12.771,5.09500,0.02028,2.45890,2.63989,0.10334,0.00039,0.00008,
12.772,5.09875,0.02133,0.43699,1.38028,0.10875,0.00039,0.00008,
12.773,5.09625,0.01924,3.05080,0.01957,0.09804,0.00039,0.00008,
12.774,5.09625,0.02070,2.16866,0.69951,0.10550,0.00039,0.00008,
12.775,5.09500,0.02070,2.21350,0.42639,0.10547,0.00039,0.00008,
12.776,5.09375,0.01945,1.43164,0.02853,0.09905,0.00039,0.00008,
12.777,5.09750,0.01966,0.48102,1.33462,0.10019,0.00039,0.00008,
12.778,5.09875,0.02112,2.27465,2.88774,0.10768,0.00039,0.00008,
12.779,5.09875,0.02028,1.22537,1.36153,0.10342,0.00039,0.00008,
12.780,5.09500,0.01924,1.22537,1.36153,0.09801,0.00039,0.00008,
12.781,5.09875,0.02112,1.80673,1.49446,0.10768,0.00039,0.00008,
12.782,5.09875,0.02070,3.19846,0.00734,0.10555,0.00039,0.00008,
12.783,5.09875,0.02007,3.05089,0.02935,0.10235,0.00039,0.00008,
12.784,5.09875,0.02007,1.55398,0.02854,0.10235,0.00039,0.00008,
12.785,5.09875,0.02049,1.35668,0.77454,0.10448,0.00039,0.00008,
12.786,5.09500,0.02133,1.76433,0.91804,0.10867,0.00039,0.00008,
12.787,5.10125,0.02007,0.37341,1.76922,0.10240,0.00039,0.00008,
12.788,5.09500,0.02070,0.37423,1.75781,0.10547,0.00039,0.00008,
12.789,5.09750,0.02112,1.24009,0.02364,0.10765,0.00039,0.00008,
12.790,5.09625,0.02070,2.91310,2.10024,0.10550,0.00039,0.00008,
12.791,5.09625,0.02112,2.91310,2.10024,0.10763,0.00039,0.00008,
12.792,5.09750,0.02091,2.97751,1.89070,0.10659,0.00039,0.00008,
12.793,5.09750,0.02112,3.05578,0.01957,0.10765,0.00039,0.00008,
12.794,5.09625,0.02112,1.46430,0.02935,0.10763,0.00039,0.00008,
12.795,5.09625,0.02112,1.98936,0.00652,0.10763,0.00039,0.00008,
12.796,5.09625,0.02133,0.66774,1.31428,0.10869,0.00039,0.00008,
12.797,5.09625,0.02007,1.35831,2.45734,0.10230,0.00039,0.00008,
12.798,5.09750,0.02070,0.68812,0.77699,0.10552,0.00039,0.00008,
12.799,5.09750,0.02133,1.70726,0.96288,0.10872,0.00039,0.00008,
12.800,5.09875,0.01924,1.51648,0.02935,0.09809,0.00039,0.00008,
12.801,5.09500,0.02007,1.04767,1.45859,0.10227,0.00039,0.00008,
12.802,5.09500,0.02070,1.04767,1.45859,0.10547,0.00039,0.00008,
12.803,5.09875,0.02070,3.05415,0.01957,0.10555,0.00039,0.00008,
12.804,5.09500,0.01945,0.89765,1.48386,0.09908,0.00039,0.00008,
12.805,5.09625,0.01924,2.85032,2.52827,0.09804,0.00039,0.00008,
12.806,5.09875,0.01924,2.86255,1.88662,0.09809,0.00039,0.00008,
12.807,5.09750,0.02049,2.41902,2.94245,0.10446,0.00039,0.00008,
12.808,5.09875,0.02133,1.03952,0.96940,0.10875,0.00039,0.00008,
12.809,5.09625,0.01966,1.35830,1.14469,0.10017,0.00039,0.00008,
12.810,5.09750,0.02175,2.24699,0.22584,0.11085,0.00039,0.00008,
12.811,5.09750,0.02112,1.42190,1.11453,0.10765,0.00039,0.00008,
12.812,5.09625,0.02112,0.89439,0.61882,0.10763,0.00039,0.00008,
12.813,5.09625,0.02007,0.89439,0.61882,0.10230,0.00039,0.00008,
12.814,5.09750,0.02112,1.73417,1.62084,0.10765,0.00039,0.00008,
12.815,5.09500,0.02133,1.73417,1.62084,0.10867,0.00039,0.00008,
12.816,5.09875,0.01986,1.70400,1.72683,0.10128,0.00039,0.00008,
12.817,5.09750,0.02112,2.38234,0.83732,0.10765,0.00039,0.00008,
12.818,5.09750,0.02049,2.63916,2.64650,0.10446,0.00039,0.00008,
12.819,5.09500,0.02049,2.18748,0.28862,0.10441,0.00039,0.00008,
12.820,5.09500,0.02175,0.94005,0.45576,0.11080,0.00039,0.00008,
12.821,5.09500,0.02175,0.66366,1.51485,0.11080,0.00039,0.00008,
12.822,5.09500,0.02070,1.72275,0.02609,0.10547,0.00039,0.00008,
12.823,5.09750,0.02007,3.05497,0.02609,0.10233,0.00039,0.00008,
12.824,5.09500,0.01945,1.59638,1.01914,0.09908,0.00039,0.00008,
12.825,5.09625,0.02007,1.59638,1.01914,0.10230,0.00039,0.00008,
12.826,5.09500,0.02112,1.55397,1.76921,0.10760,0.00039,0.00008,
12.827,5.09750,0.01966,2.63262,2.65871,0.10019,0.00039,0.00008,
12.828,5.09625,0.02154,0.49570,1.57272,0.10976,0.00039,0.00008,
12.829,5.09625,0.02133,1.62735,0.05218,0.10869,0.00039,0.00008,
12.830,5.09250,0.02133,2.54212,1.86052,0.10861,0.00039,0.00008,
12.831,5.09500,0.02049,3.00684,0.89928,0.10441,0.00039,0.00008,
12.832,5.10000,0.02112,1.74557,2.63995,0.10771,0.00039,0.00008,
12.833,5.09625,0.02091,3.05739,0.01875,0.10656,0.00039,0.00008,
12.834,5.09875,0.01924,0.71176,2.05294,0.09809,0.00039,0.00008,
12.835,5.09750,0.02112,2.63914,0.62778,0.10765,0.00039,0.00008,
12.836,5.09750,0.02112,2.63914,0.62778,0.10765,0.00039,0.00008,
12.837,5.10125,0.01966,1.44958,0.13860,0.10027,0.00039,0.00008,
12.838,5.10125,0.01986,1.02155,1.52214,0.10133,0.00039,0.00008,
12.839,5.09500,0.01986,2.02109,0.02935,0.10121,0.00039,0.00008,
12.840,5.09625,0.01945,1.45039,0.04647,0.09910,0.00039,0.00008,
12.841,5.09750,0.01966,1.53681,0.06848,0.10019,0.00039,0.00008,
12.842,5.09250,0.01903,1.70395,0.17692,0.09690,0.00039,0.00008,
12.843,5.09500,0.01945,3.05569,0.01957,0.09908,0.00039,0.00008,
12.844,5.09750,0.02028,0.87643,1.76754,0.10339,0.00039,0.00008,
12.845,5.09625,0.02007,2.13034,1.05172,0.10230,0.00039,0.00008,
12.846,5.09750,0.01966,0.90741,1.24168,0.10019,0.00039,0.00008,
12.847,5.09750,0.02007,0.90741,1.24168,0.10233,0.00039,0.00008,
12.848,5.09500,0.02007,1.26690,0.05218,0.10227,0.00039,0.00008,
12.849,5.09750,0.02028,1.33294,1.12260,0.10339,0.00039,0.00008,
12.850,5.10000,0.01986,2.99850,1.75116,0.10131,0.00039,0.00008,
12.851,5.09750,0.02091,1.62562,0.14675,0.10659,0.00039,0.00008,
12.852,5.09500,0.02007,1.80742,0.03995,0.10227,0.00039,0.00008,
12.853,5.09625,0.02007,3.04823,0.02201,0.10230,0.00039,0.00008,
12.854,5.10000,0.02154,0.42067,1.32723,0.10984,0.00039,0.00008,
12.855,5.09500,0.02070,1.71937,0.59106,0.10547,0.00039,0.00008,
12.856,5.09500,0.02049,1.57344,0.04647,0.10441,0.00039,0.00008,
12.857,5.09500,0.02049,1.74301,0.93591,0.10441,0.00039,0.00008,
12.858,5.09875,0.02154,1.74301,0.93591,0.10981,0.00039,0.00008,
12.859,5.09625,0.02112,2.13107,0.28126,0.10763,0.00039,0.00008,
12.860,5.09625,0.02007,2.28108,1.79356,0.10230,0.00039,0.00008,
12.861,5.09750,0.02049,0.76145,1.97291,0.10446,0.00039,0.00008,
12.862,5.09500,0.02112,1.47887,1.09162,0.10760,0.00039,0.00008,
12.863,5.09750,0.02112,3.04986,0.02120,0.10765,0.00039,0.00008,
12.864,5.09750,0.02112,0.98075,0.92450,0.10765,0.00039,0.00008,
12.865,5.09750,0.02070,2.69523,2.28516,0.10552,0.00039,0.00008,
12.866,5.09625,0.02070,1.84003,1.52779,0.10550,0.00039,0.00008,
12.867,5.09875,0.02007,2.95529,0.94406,0.10235,0.00039,0.00008,
12.868,5.09875,0.01945,0.72802,1.99085,0.09915,0.00039,0.00008,
12.869,5.09625,0.02049,0.72802,1.99085,0.10443,0.00039,0.00008,
12.870,5.09875,0.02028,1.37615,0.79813,0.10342,0.00039,0.00008,
12.871,5.09375,0.01945,1.74953,1.89465,0.09905,0.00039,0.00008,
12.872,5.09500,0.01945,1.26853,0.06196,0.09908,0.00039,0.00008,
12.873,5.09750,0.02049,3.04986,0.01712,0.10446,0.00039,0.00008,
12.874,5.09750,0.01986,3.09307,0.82096,0.10126,0.00039,0.00008,
12.875,5.09625,0.01986,1.96394,1.19190,0.10123,0.00039,0.00008,
12.876,5.09875,0.01966,3.12975,1.15032,0.10022,0.00039,0.00008,
12.877,5.09750,0.02154,2.73517,0.65709,0.10979,0.00039,0.00008,
12.878,5.09625,0.02112,1.73160,0.08479,0.10763,0.00039,0.00008,
12.879,5.09750,0.01966,0.76797,1.95905,0.10019,0.00039,0.00008,
12.880,5.09625,0.02070,0.76797,1.95905,0.10550,0.00039,0.00008,
12.881,5.09875,0.02112,2.19467,1.17804,0.10768,0.00039,0.00008,
12.882,5.09625,0.02007,0.54948,1.75443,0.10230,0.00039,0.00008,
12.883,5.09625,0.02133,3.05068,0.01875,0.10869,0.00039,0.00008,
12.884,5.09625,0.02133,1.94438,2.30391,0.10869,0.00039,0.00008,
12.885,5.09750,0.02049,2.78002,2.16532,0.10446,0.00039,0.00008,
12.886,5.09375,0.02028,1.72834,0.56660,0.10331,0.00039,0.00008,
12.887,5.09750,0.02133,2.29576,0.74922,0.10872,0.00039,0.00008,
12.888,5.09500,0.02049,1.05005,1.46175,0.10441,0.00039,0.00008,
12.889,5.09625,0.01986,2.88029,1.94520,0.10123,0.00039,0.00008,
12.890,5.09750,0.02133,0.71742,1.14543,0.10872,0.00039,0.00008,
12.891,5.09625,0.02070,0.71742,1.14543,0.10550,0.00039,0.00008,
12.892,5.09625,0.02049,2.16289,0.43290,0.10443,0.00039,0.00008,
12.893,5.09875,0.02049,3.04909,0.01957,0.10448,0.00039,0.00008,
12.894,5.09625,0.02070,2.72461,1.89141,0.10550,0.00039,0.00008,
12.895,5.09625,0.02070,2.68548,1.96478,0.10550,0.00039,0.00008,
12.896,5.09625,0.01966,2.13028,0.29839,0.10017,0.00039,0.00008,
12.897,5.09625,0.02028,2.84119,1.80499,0.10337,0.00039,0.00008,
12.898,5.09750,0.02028,0.57231,1.55634,0.10339,0.00039,0.00008,
12.899,5.09625,0.02007,1.02723,1.49764,0.10230,0.00039,0.00008,
12.900,5.09625,0.01986,1.75771,0.14675,0.10123,0.00039,0.00008,
12.901,5.09625,0.02133,2.96022,1.94114,0.10869,0.00039,0.00008,
12.902,5.09500,0.02133,2.96022,1.94114,0.10867,0.00039,0.00008,
12.903,5.09625,0.01986,3.05562,0.01875,0.10123,0.00039,0.00008,
12.904,5.09750,0.02070,2.63168,2.66592,0.10552,0.00039,0.00008,
12.905,5.09750,0.02007,1.63543,3.00181,0.10233,0.00039,0.00008,
12.906,5.09750,0.02112,1.49439,1.41449,0.10765,0.00039,0.00008,
12.907,5.09875,0.02112,1.68027,1.76913,0.10768,0.00039,0.00008,
12.908,5.09750,0.01986,2.56402,1.94523,0.10126,0.00039,0.00008,
12.909,5.09500,0.02133,2.46374,1.72511,0.10867,0.00039,0.00008,
12.910,5.09500,0.02133,1.70065,0.15653,0.10867,0.00039,0.00008,
12.911,5.09875,0.02133,2.00637,1.38514,0.10875,0.00039,0.00008,
12.912,5.09500,0.01986,2.91214,0.86092,0.10121,0.00039,0.00008,
12.913,5.09875,0.02175,2.91214,0.86092,0.11088,0.00039,0.00008,
12.914,5.09625,0.02070,1.43569,0.13615,0.10550,0.00039,0.00008,
12.915,5.09500,0.02028,2.42134,1.60282,0.10334,0.00039,0.00008,
12.916,5.09625,0.02070,2.68468,1.24817,0.10550,0.00039,0.00008,
12.917,5.09625,0.02112,2.16046,0.11903,0.10763,0.00039,0.00008,
12.918,5.09625,0.01986,2.19796,0.19566,0.10123,0.00039,0.00008,
12.919,5.09625,0.02133,2.05040,2.22813,0.10869,0.00039,0.00008,
12.920,5.09625,0.02133,2.23791,0.25029,0.10869,0.00040,0.00008,
12.921,5.09375,0.02070,1.98436,1.38351,0.10545,0.00040,0.00008,
12.922,5.09750,0.02028,2.01616,0.18996,0.10339,0.00040,0.00008,
12.923,5.09500,0.02028,3.05236,0.02120,0.10334,0.00040,0.00008,
12.924,5.09625,0.02112,3.05236,0.02120,0.10763,0.00040,0.00008,
12.925,5.09875,0.02070,1.63869,0.00408,0.10555,0.00040,0.00008,
12.926,5.09750,0.02007,1.16420,1.30117,0.10233,0.00040,0.00008,
12.927,5.09750,0.02091,2.94394,1.94034,0.10659,0.00040,0.00008,
12.928,5.09750,0.02154,1.62402,2.03247,0.10979,0.00040,0.00008,
12.929,5.09750,0.01966,2.51918,1.73489,0.10019,0.00040,0.00008,
12.930,5.09750,0.01966,2.22813,1.68190,0.10019,0.00040,0.00008,
12.931,5.09750,0.02070,1.63380,0.03506,0.10552,0.00040,0.00008,
12.932,5.09750,0.02133,2.03899,0.21034,0.10872,0.00040,0.00008,
12.933,5.09625,0.01945,3.05237,0.02446,0.09910,0.00040,0.00008,
12.934,5.09875,0.02070,2.55179,1.89387,0.10555,0.00040,0.00008,
12.935,5.09625,0.02112,2.55179,1.89387,0.10763,0.00040,0.00008,
12.936,5.09750,0.02091,1.69902,0.00082,0.10659,0.00040,0.00008,
12.937,5.09750,0.01966,1.30851,0.15082,0.10019,0.00040,0.00008,
12.938,5.09750,0.02007,1.23921,0.02364,0.10233,0.00040,0.00008,
12.939,5.09875,0.02007,2.10992,1.26448,0.10235,0.00040,0.00008,
12.940,5.09500,0.02007,2.97818,1.79930,0.10227,0.00040,0.00008,
12.941,5.09625,0.02091,2.92763,2.08464,0.10656,0.00040,0.00008,
12.942,5.09625,0.02028,1.94197,0.92370,0.10337,0.00040,0.00008,
12.943,5.09625,0.02070,3.05400,0.02201,0.10550,0.00040,0.00008,
12.944,5.09875,0.02070,1.56287,1.75527,0.10555,0.00040,0.00008,
12.945,5.09750,0.01986,2.61538,1.84495,0.10126,0.00040,0.00008,
12.946,5.09750,0.02175,2.61538,1.84495,0.11085,0.00040,0.00008,
12.947,5.09750,0.02133,1.69251,1.69006,0.10872,0.00040,0.00008,
12.948,5.09750,0.02133,2.07405,0.03098,0.10872,0.00040,0.00008,
12.949,5.09375,0.02007,1.20171,0.02935,0.10225,0.00040,0.00008,
12.950,5.10000,0.02091,2.29336,1.71941,0.10664,0.00040,0.00008,
12.951,5.09750,0.02091,2.67817,1.21802,0.10659,0.00040,0.00008,
12.952,5.09750,0.01945,1.31177,0.15816,0.09913,0.00040,0.00008,
12.953,5.09500,0.02133,3.05483,0.01875,0.10867,0.00040,0.00008,
12.954,5.09750,0.02070,2.52816,0.83892,0.10552,0.00040,0.00008,
12.955,5.09750,0.02007,1.35580,1.62565,0.10233,0.00040,0.00008,
12.956,5.09750,0.02091,1.29384,1.71533,0.10659,0.00040,0.00008,
12.957,5.09625,0.02091,1.29384,1.71533,0.10656,0.00040,0.00008,
12.958,5.09625,0.02049,1.73653,1.56369,0.10443,0.00040,0.00008,
12.959,5.09500,0.01966,1.05741,1.23188,0.10014,0.00040,0.00008,
12.960,5.09750,0.02028,1.91752,2.72382,0.10339,0.00040,0.00008,
12.961,5.09500,0.02070,1.18459,1.57837,0.10547,0.00040,0.00008,
12.962,5.09625,0.02028,0.90495,1.16584,0.10337,0.00040,0.00008,
12.963,5.09625,0.01924,3.05156,0.01957,0.09804,0.00040,0.00008,
12.964,5.09500,0.02028,1.68680,1.34438,0.10334,0.00040,0.00008,
12.965,5.09500,0.01966,2.64067,1.88736,0.10014,0.00040,0.00008,
12.966,5.09750,0.01966,2.05693,1.31096,0.10019,0.00040,0.00008,
12.967,5.09500,0.02007,0.89680,1.14872,0.10227,0.00040,0.00008,
12.968,5.09500,0.02028,0.89680,1.14872,0.10334,0.00040,0.00008,
12.969,5.09625,0.02070,1.19112,1.58734,0.10550,0.00040,0.00008,
12.970,5.09625,0.02091,0.93757,1.40227,0.10656,0.00040,0.00008,
12.971,5.09625,0.01986,1.89552,1.96563,0.10123,0.00040,0.00008,
12.972,5.09875,0.02112,1.28650,0.06522,0.10768,0.00040,0.00008,
12.973,5.09500,0.02112,3.04913,0.01304,0.10760,0.00040,0.00008,
12.974,5.09500,0.02112,2.05694,0.12229,0.10760,0.00040,0.00008,
12.975,5.09750,0.02112,2.28440,2.90809,0.10765,0.00040,0.00008,
12.976,5.09750,0.02133,2.28440,2.90809,0.10872,0.00040,0.00008,
12.977,5.09375,0.02133,2.96597,1.89470,0.10864,0.00040,0.00008,
12.978,5.09750,0.02007,2.05205,2.68959,0.10233,0.00040,0.00008,
12.979,5.09625,0.02028,0.45818,1.46179,0.10337,0.00040,0.00008,
12.980,5.09250,0.02112,0.45818,1.46179,0.10755,0.00040,0.00008,
12.981,5.09500,0.02007,1.42591,0.15653,0.10227,0.00040,0.00008,
12.982,5.09875,0.02154,2.83552,1.76425,0.10981,0.00040,0.00008,
12.983,5.09875,0.02133,3.05727,0.02772,0.10875,0.00040,0.00008,
12.984,5.09875,0.02133,1.54576,1.75447,0.10875,0.00040,0.00008,
12.985,5.09500,0.02007,1.48053,1.95095,0.10227,0.00040,0.00008,
12.986,5.09875,0.02112,1.74631,0.17691,0.10768,0.00040,0.00008,
12.987,5.09875,0.02112,2.75154,0.65548,0.10768,0.00040,0.00008,
12.988,5.09750,0.01986,0.89843,1.08594,0.10126,0.00040,0.00008,
12.989,5.09500,0.02091,1.32482,0.15001,0.10654,0.00040,0.00008,
12.990,5.09500,0.02070,1.87023,0.60330,0.10547,0.00040,0.00008,
12.991,5.09625,0.01966,1.87023,0.60330,0.10017,0.00040,0.00008,
12.992,5.09625,0.02049,2.10663,1.40143,0.10443,0.00040,0.00008,
12.993,5.09750,0.02049,3.05967,0.01875,0.10446,0.00040,0.00008,
12.994,5.10000,0.02007,1.83841,0.09049,0.10238,0.00040,0.00008,
12.995,5.10000,0.02007,2.39116,1.61340,0.10238,0.00040,0.00008,
12.996,5.09500,0.02028,1.75852,0.17284,0.10334,0.00040,0.00008,
12.997,5.09375,0.01986,1.41448,0.07093,0.10118,0.00040,0.00008,
12.998,5.09625,0.02007,1.89059,1.95744,0.10230,0.00040,0.00008,
12.999,5.09500,0.01966,2.01777,0.11658,0.10014,0.00040,0.00008,
13.000,5.09500,0.02007,2.64307,1.39002,0.10227,0.00040,0.00008,
13.001,5.09500,0.02112,1.80743,0.15164,0.10760,0.00040,0.00008,
13.002,5.09875,0.02112,1.80743,0.15164,0.10768,0.00040,0.00008,
13.003,5.09750,0.02133,3.05548,0.01060,0.10872,0.00040,0.00008,
13.004,5.09750,0.02028,1.98427,0.95545,0.10339,0.00040,0.00008,
13.005,5.09500,0.02070,2.40900,1.61415,0.10547,0.00040,0.00008,
13.006,5.09875,0.02049,1.89622,0.60979,0.10448,0.00040,0.00008,
13.007,5.09750,0.02007,1.63127,0.39946,0.10233,0.00040,0.00008,
13.008,5.09875,0.02091,2.11960,0.03832,0.10661,0.00040,0.00008,
13.009,5.09625,0.02112,1.31823,0.02364,0.10763,0.00040,0.00008,
13.010,5.09625,0.02028,2.87450,1.94351,0.10337,0.00040,0.00008,
13.011,5.09625,0.02028,2.10003,1.25545,0.10337,0.00040,0.00008,
13.012,5.09625,0.02112,2.16362,1.21877,0.10763,0.00040,0.00008,
13.013,5.09625,0.02091,2.16362,1.21877,0.10656,0.00040,0.00008,
13.014,5.09500,0.01966,1.94665,2.16267,0.10014,0.00040,0.00008,
13.015,5.09750,0.02154,2.01920,1.29124,0.10979,0.00040,0.00008,
13.016,5.09750,0.02091,1.93931,1.39233,0.10659,0.00040,0.00008,
13.017,5.09750,0.02007,2.21647,1.11190,0.10233,0.00040,0.00008,
13.018,5.10000,0.02049,1.67438,0.39047,0.10451,0.00040,0.00008,
13.019,5.10000,0.02112,1.67519,2.90041,0.10771,0.00040,0.00008,
13.020,5.09625,0.02112,2.32652,0.21358,0.10763,0.00040,0.00008,
13.021,5.09625,0.01966,1.42330,1.10783,0.10017,0.00040,0.00008,
13.022,5.09750,0.02070,2.91671,2.10235,0.10552,0.00040,0.00008,
13.023,5.09875,0.02007,3.04632,0.00978,0.10235,0.00040,0.00008,
13.024,5.09750,0.01903,3.04632,0.00978,0.09700,0.00040,0.00008,
13.025,5.09750,0.01924,0.74344,1.69231,0.09806,0.00040,0.00008,
13.026,5.09875,0.01966,1.50808,1.61732,0.10022,0.00040,0.00008,
13.027,5.09500,0.01966,1.48689,1.58878,0.10014,0.00040,0.00008,
13.028,5.09500,0.02070,2.76509,0.62769,0.10547,0.00040,0.00008,
13.029,5.09750,0.02070,2.29636,1.72492,0.10552,0.00040,0.00008,
13.030,5.09750,0.02007,1.96458,1.29695,0.10233,0.00040,0.00008,
13.031,5.09750,0.02112,1.85535,1.48200,0.10765,0.00040,0.00008,
13.032,5.09875,0.01986,1.55781,0.14021,0.10128,0.00040,0.00008,
13.033,5.10000,0.02154,3.05366,0.01141,0.10984,0.00040,0.00008,
13.034,5.10000,0.02007,2.11621,1.53580,0.10238,0.00040,0.00008,
13.035,5.09875,0.01986,2.11621,1.53580,0.10128,0.00040,0.00008,
13.036,5.10000,0.01945,0.62036,2.05509,0.09918,0.00040,0.00008,
13.037,5.10000,0.02028,2.48143,0.77035,0.10344,0.00040,0.00008,
13.038,5.09750,0.02028,1.55945,1.73635,0.10339,0.00040,0.00008,
13.039,5.09500,0.02028,1.71923,0.14510,0.10334,0.00040,0.00008,
13.040,5.09875,0.02112,2.99418,1.78771,0.10768,0.00040,0.00008,
13.041,5.09500,0.01945,0.64237,1.39234,0.09908,0.00040,0.00008,
13.042,5.09625,0.02049,2.41540,0.97007,0.10443,0.00040,0.00008,
13.043,5.09500,0.02112,3.05206,0.01956,0.10760,0.00040,0.00008,
13.044,5.09750,0.02007,1.80238,0.52498,0.10233,0.00040,0.00008,
13.045,5.09625,0.02070,2.46594,1.64831,0.10550,0.00040,0.00008,
13.046,5.09625,0.02049,2.46594,1.64831,0.10443,0.00040,0.00008,
13.047,5.09875,0.02049,0.65215,2.09014,0.10448,0.00040,0.00008,
13.048,5.09875,0.01986,2.10155,0.10597,0.10128,0.00040,0.00008,
13.049,5.09875,0.02112,1.02958,1.19262,0.10768,0.00040,0.00008,
13.050,5.09875,0.02070,3.10668,1.07197,0.10555,0.00040,0.00008,
13.051,5.09375,0.01986,2.33144,0.22010,0.10118,0.00040,0.00008,
13.052,5.09750,0.02133,2.25155,1.12903,0.10872,0.00040,0.00008,
13.053,5.09875,0.02133,3.05451,0.01793,0.10875,0.00040,0.00008,
13.054,5.09625,0.01966,3.06592,1.42658,0.10017,0.00040,0.00008,
13.055,5.09625,0.02175,1.65565,2.68441,0.11082,0.00040,0.00008,
13.056,5.09625,0.02175,1.42821,0.02690,0.11082,0.00040,0.00008,
13.057,5.09500,0.02070,1.42821,0.02690,0.10547,0.00040,0.00008,
13.058,5.09750,0.01986,1.44044,1.48690,0.10126,0.00040,0.00008,
13.059,5.09875,0.02154,2.11134,0.26820,0.10981,0.00040,0.00008,
13.060,5.09875,0.02154,2.69746,1.28311,0.10981,0.00040,0.00008,
13.061,5.09750,0.02049,2.93550,1.79912,0.10446,0.00040,0.00008,
13.062,5.09625,0.02007,1.87330,0.35298,0.10230,0.00040,0.00008,
13.063,5.09750,0.02007,3.05207,0.00978,0.10233,0.00040,0.00008,
13.064,5.09625,0.01966,1.74858,1.62141,0.10017,0.00040,0.00008,
13.065,5.09625,0.01924,2.85072,2.30780,0.09804,0.00040,0.00008,
13.066,5.09875,0.01924,1.66136,0.04484,0.09809,0.00040,0.00008,
13.067,5.09500,0.01986,1.88961,0.52906,0.10121,0.00040,0.00008,
13.068,5.09875,0.02133,1.88961,0.52906,0.10875,0.00040,0.00008,
13.069,5.09750,0.01986,1.48528,1.42577,0.10126,0.00040,0.00008,
13.070,5.09500,0.02028,1.70130,1.75837,0.10334,0.00040,0.00008,
13.071,5.09875,0.02049,0.70840,1.17387,0.10448,0.00040,0.00008,
13.072,5.09750,0.02028,1.61163,1.50403,0.10339,0.00040,0.00008,
13.073,5.09625,0.02007,3.05207,0.02201,0.10230,0.00040,0.00008,
13.074,5.09625,0.02007,2.78550,2.16678,0.10230,0.00040,0.00008,
13.075,5.09625,0.02049,2.34938,1.63853,0.10443,0.00040,0.00008,
13.076,5.09500,0.02154,1.57984,1.73717,0.10973,0.00040,0.00008,
13.077,5.09625,0.01986,1.99966,2.04613,0.10123,0.00040,0.00008,
13.078,5.10000,0.02091,1.57087,1.53419,0.10664,0.00040,0.00008,
13.079,5.09500,0.02091,1.57087,1.53419,0.10654,0.00040,0.00008,
13.080,5.09625,0.02049,1.98503,1.18612,0.10443,0.00040,0.00008,
13.081,5.09500,0.02070,2.13747,1.24319,0.10547,0.00040,0.00008,
13.082,5.09750,0.02112,1.73720,3.01137,0.10765,0.00040,0.00008,
13.083,5.09750,0.01986,3.05213,0.02201,0.10126,0.00040,0.00008,
13.084,5.10125,0.01986,2.01600,1.27335,0.10133,0.00040,0.00008,
13.085,5.09625,0.02133,1.75106,2.72442,0.10869,0.00040,0.00008,
13.086,5.09750,0.02154,0.84944,1.07526,0.10979,0.00040,0.00008,
13.087,5.09500,0.02070,1.11439,1.75025,0.10547,0.00040,0.00008,
13.088,5.09625,0.02070,1.89943,1.44047,0.10550,0.00040,0.00008,
13.089,5.09625,0.02196,2.06410,0.17771,0.11189,0.00040,0.00008,
13.090,5.09375,0.01966,2.06410,0.17771,0.10012,0.00040,0.00008,
13.091,5.09750,0.02091,2.16685,1.93288,0.10659,0.00040,0.00008,
13.092,5.09750,0.02112,3.08968,1.25544,0.10765,0.00040,0.00008,
13.093,5.09625,0.02112,3.05136,0.01712,0.10763,0.00040,0.00008,
13.094,5.09750,0.02049,1.32310,0.00163,0.10446,0.00040,0.00008,
13.095,5.09625,0.02049,1.63777,3.03261,0.10443,0.00040,0.00008,
13.096,5.09500,0.02133,1.49022,0.17038,0.10867,0.00040,0.00008,
13.097,5.09625,0.01924,2.20272,1.16413,0.09804,0.00040,0.00008,
13.098,5.09500,0.02070,1.87174,1.47718,0.10547,0.00040,0.00008,
13.099,5.09625,0.01945,2.19131,1.18614,0.09910,0.00040,0.00008,
13.100,5.09875,0.02049,2.53125,1.34103,0.10448,0.00040,0.00008,
13.101,5.09875,0.02049,2.53125,1.34103,0.10448,0.00040,0.00008,
13.102,5.09500,0.02049,1.94761,1.41037,0.10441,0.00040,0.00008,
13.103,5.09500,0.01861,3.04982,0.02935,0.09482,0.00040,0.00008,
13.104,5.09625,0.02049,1.90277,1.45195,0.10443,0.00040,0.00008,
13.105,5.09625,0.01924,0.76307,1.65413,0.09804,0.00040,0.00008,
13.106,5.09625,0.01924,0.70274,1.21716,0.09804,0.00040,0.00008,
13.107,5.09500,0.02133,1.61662,0.95628,0.10867,0.00040,0.00008,
13.108,5.09875,0.02049,2.32344,0.88698,0.10448,0.00040,0.00008,
13.109,5.09375,0.02007,1.35575,0.02527,0.10225,0.00040,0.00008,
13.110,5.09375,0.02133,2.42371,0.81850,0.10864,0.00040,0.00008,
13.111,5.09750,0.02133,1.54407,0.04158,0.10872,0.00040,0.00008,
13.112,5.09625,0.02133,1.54407,0.04158,0.10869,0.00040,0.00008,
13.113,5.09625,0.02028,3.05649,0.02120,0.10337,0.00040,0.00008,
13.114,5.09500,0.02175,1.59958,1.93059,0.11080,0.00040,0.00008,
13.115,5.09500,0.02049,2.41894,1.61426,0.10441,0.00040,0.00008,
13.116,5.09875,0.02028,1.31912,0.15898,0.10342,0.00040,0.00008,
13.117,5.09500,0.02070,1.53110,1.38516,0.10547,0.00040,0.00008,
13.118,5.09625,0.02091,2.64151,0.64000,0.10656,0.00040,0.00008,
13.119,5.09625,0.01986,1.37456,1.78873,0.10123,0.00040,0.00008,
13.120,5.09875,0.01986,2.54531,1.30445,0.10128,0.00040,0.00008,
13.121,5.09625,0.02070,1.97787,0.73864,0.10550,0.00040,0.00008,
13.122,5.09875,0.02154,1.71454,2.18088,0.10981,0.00040,0.00008,
13.123,5.09750,0.01986,1.71454,2.18088,0.10126,0.00040,0.00008,
13.124,5.09500,0.02112,2.03869,0.41997,0.10760,0.00040,0.00008,
13.125,5.09625,0.02133,2.05744,1.32759,0.10869,0.00040,0.00008,
13.126,5.09500,0.02028,1.96693,1.38223,0.10334,0.00040,0.00008,
13.127,5.09625,0.02007,2.53042,1.72554,0.10230,0.00040,0.00008,
13.128,5.09625,0.02028,1.37407,1.98731,0.10337,0.00040,0.00008,
13.129,5.09750,0.02028,1.89843,1.49477,0.10339,0.00040,0.00008,
13.130,5.09625,0.02007,2.55733,1.27051,0.10230,0.00040,0.00008,
13.131,5.09875,0.01966,1.42871,0.04893,0.10022,0.00040,0.00008,
13.132,5.09875,0.01924,0.94432,1.22484,0.09809,0.00040,0.00008,
13.133,5.09750,0.02112,3.04988,0.01631,0.10765,0.00040,0.00008,
13.134,5.09625,0.02133,3.04988,0.01631,0.10869,0.00040,0.00008,
13.135,5.09500,0.02028,1.32270,1.45236,0.10334,0.00040,0.00008,
13.136,5.09875,0.02133,2.33388,1.67743,0.10875,0.00040,0.00008,
13.137,5.09875,0.01986,1.67417,1.72880,0.10128,0.00040,0.00008,
13.138,5.09500,0.01986,1.67417,1.72880,0.10121,0.00040,0.00008,
13.139,5.09625,0.01966,1.30883,2.08761,0.10017,0.00040,0.00008,
13.140,5.09500,0.02049,1.31210,1.43360,0.10441,0.00040,0.00008,
13.141,5.09625,0.01924,1.21668,1.35287,0.09804,0.00040,0.00008,
13.142,5.09625,0.01945,2.40075,0.97857,0.09910,0.00040,0.00008,
13.143,5.09500,0.01986,3.05394,0.02039,0.10121,0.00040,0.00008,
13.144,5.09500,0.01986,2.70655,1.27866,0.10121,0.00040,0.00008,
13.145,5.09625,0.01903,2.32654,2.60707,0.09697,0.00040,0.00008,
13.146,5.09625,0.01945,2.32654,2.60707,0.09910,0.00040,0.00008,
13.147,5.09625,0.01945,0.62464,2.02316,0.09910,0.00040,0.00008,
13.148,5.09500,0.02049,2.02724,1.34470,0.10441,0.00040,0.00008,
13.149,5.09625,0.01945,2.17076,1.94732,0.09910,0.00040,0.00008,
13.150,5.09500,0.02028,1.32431,0.15331,0.10334,0.00040,0.00008,
13.151,5.09625,0.02007,1.87964,1.48332,0.10230,0.00040,0.00008,
13.152,5.09500,0.02028,1.47517,0.15657,0.10334,0.00040,0.00008,
13.153,5.09625,0.01986,3.05472,0.01957,0.10123,0.00040,0.00008,
13.154,5.09750,0.02091,1.88535,0.11416,0.10659,0.00040,0.00008,
13.155,5.09750,0.02091,2.13406,0.00652,0.10659,0.00040,0.00008,
13.156,5.09375,0.02091,1.89187,1.46783,0.10651,0.00040,0.00008,
13.157,5.09750,0.02007,1.89187,1.46783,0.10233,0.00040,0.00008,
13.158,5.09875,0.02133,3.09539,0.52922,0.10875,0.00040,0.00008,
13.159,5.09250,0.02049,2.15846,1.29817,0.10435,0.00040,0.00008,
13.160,5.09750,0.02007,1.30551,0.15819,0.10233,0.00040,0.00008,
13.161,5.09500,0.02049,2.30687,1.09187,0.10441,0.00040,0.00008,
13.162,5.09750,0.02175,3.09702,1.33976,0.11085,0.00040,0.00008,
13.163,5.09875,0.01986,3.05625,0.02120,0.10128,0.00040,0.00008,
13.164,5.09875,0.02007,3.10110,1.20032,0.10235,0.00040,0.00008,
13.165,5.09625,0.02007,0.65235,1.04457,0.10230,0.00040,0.00008,
13.166,5.09625,0.02070,2.14378,1.24599,0.10550,0.00040,0.00008,
13.167,5.09500,0.02028,1.86816,1.51916,0.10334,0.00040,0.00008,
13.168,5.09625,0.01882,1.86816,1.51916,0.09591,0.00040,0.00008,
13.169,5.09750,0.02028,2.17622,1.50109,0.10339,0.00040,0.00008,
13.170,5.09500,0.01903,1.32579,0.01875,0.09695,0.00040,0.00008,
13.171,5.09750,0.02028,1.89818,0.07583,0.10339,0.00040,0.00008,
13.172,5.09500,0.01945,1.64052,1.75223,0.09908,0.00040,0.00008,
13.173,5.09500,0.02049,3.05682,0.01794,0.10441,0.00040,0.00008,
13.174,5.09625,0.02049,2.82933,2.48687,0.10443,0.00040,0.00008,
13.175,5.09625,0.01986,1.70004,1.93079,0.10123,0.00040,0.00008,
13.176,5.09500,0.01924,1.33639,1.76853,0.09801,0.00040,0.00008,
13.177,5.09375,0.02007,1.26219,1.67069,0.10225,0.00040,0.00008,
13.178,5.09750,0.02070,2.04087,2.19986,0.10552,0.00040,0.00008,
13.179,5.09750,0.01966,2.04087,2.19986,0.10019,0.00040,0.00008,
13.180,5.09625,0.02091,2.20145,2.63521,0.10656,0.00040,0.00008,
13.181,5.09500,0.02112,2.33679,0.23156,0.10760,0.00040,0.00008,
13.182,5.09500,0.02049,2.18269,1.72528,0.10441,0.00040,0.00008,
13.183,5.10000,0.02049,3.05512,0.01957,0.10451,0.00040,0.00008,
13.184,5.09875,0.02112,2.11746,2.67190,0.10768,0.00040,0.00008,
13.185,5.09625,0.02070,1.39425,0.00000,0.10550,0.00040,0.00008,
13.186,5.09750,0.01966,1.92423,1.23770,0.10019,0.00040,0.00008,
13.187,5.09625,0.02133,2.89775,2.03267,0.10869,0.00040,0.00008,
13.188,5.09625,0.02070,2.24221,1.69756,0.10550,0.00040,0.00008,
13.189,5.09875,0.02070,1.36245,0.75828,0.10555,0.00040,0.00008,
13.190,5.09625,0.02112,1.36245,0.75828,0.10763,0.00040,0.00008,
13.191,5.09625,0.02070,2.44688,0.80557,0.10550,0.00040,0.00008,
13.192,5.10000,0.02070,1.99435,1.59728,0.10557,0.00040,0.00008,
13.193,5.09750,0.01966,3.05187,0.02609,0.10019,0.00040,0.00008,
13.194,5.09750,0.02154,2.70860,0.58461,0.10979,0.00040,0.00008,
13.195,5.09750,0.02154,1.70001,0.00897,0.10979,0.00040,0.00008,
13.196,5.09625,0.02028,1.69267,1.72692,0.10337,0.00040,0.00008,
13.197,5.09625,0.01924,1.32087,0.15736,0.09804,0.00040,0.00008,
13.198,5.09500,0.02091,1.50107,1.87042,0.10654,0.00040,0.00008,
13.199,5.09750,0.02007,1.75953,1.58994,0.10233,0.00040,0.00008,
13.200,5.09750,0.02028,1.80845,1.58179,0.10339,0.00040,0.00008,
13.201,5.09625,0.02028,1.80845,1.58179,0.10337,0.00040,0.00008,
13.202,5.09625,0.01945,2.18107,1.15046,0.09910,0.00040,0.00008,
13.203,5.09875,0.02133,3.05595,0.02691,0.10875,0.00040,0.00008,
13.204,5.09750,0.01945,2.08894,0.48432,0.09913,0.00040,0.00008,
13.205,5.09625,0.01986,0.79905,1.16106,0.10123,0.00040,0.00008,
13.206,5.09625,0.02028,2.38328,1.01838,0.10337,0.00040,0.00008,
13.207,5.09625,0.02091,1.30946,0.18182,0.10656,0.00040,0.00008,
13.208,5.09875,0.01986,0.98250,1.27521,0.10128,0.00040,0.00008,
13.209,5.10000,0.02112,2.76650,2.56755,0.10771,0.00040,0.00008,
13.210,5.10000,0.02112,1.06811,0.42317,0.10771,0.00040,0.00008,
13.211,5.09375,0.02049,2.39062,0.85204,0.10438,0.00040,0.00008,
13.212,5.09750,0.01945,2.39062,0.85204,0.09913,0.00040,0.00008,
13.213,5.09750,0.02112,3.05759,0.02201,0.10765,0.00040,0.00008,
13.214,5.09875,0.02049,2.29850,0.95234,0.10448,0.00040,0.00008,
13.215,5.10000,0.02028,0.68816,1.51249,0.10344,0.00040,0.00008,
13.216,5.09750,0.02133,1.72367,1.63398,0.10872,0.00040,0.00008,
13.217,5.09625,0.02070,2.62138,1.19532,0.10550,0.00040,0.00008,
13.218,5.09375,0.02049,1.56467,1.31273,0.10438,0.00040,0.00008,
13.219,5.09375,0.02070,2.13298,0.44192,0.10545,0.00040,0.00008,
13.220,5.09625,0.02070,2.71677,0.68979,0.10550,0.00040,0.00008,
13.221,5.09625,0.02154,1.72122,1.66415,0.10976,0.00040,0.00008,
13.222,5.10000,0.02007,0.62864,1.46928,0.10238,0.00040,0.00008,
13.223,5.09875,0.02007,0.62864,1.46928,0.10235,0.00040,0.00008,
13.224,5.09625,0.02133,2.53664,2.02376,0.10869,0.00040,0.00008,
13.225,5.09750,0.02007,1.22959,1.52557,0.10233,0.00040,0.00008,
13.226,5.09750,0.02070,1.78160,1.86640,0.10552,0.00040,0.00008,
13.227,5.09625,0.02133,1.08771,1.53454,0.10869,0.00040,0.00008,
13.228,5.09625,0.01966,2.50891,1.69354,0.10017,0.00040,0.00008,
13.229,5.09875,0.01966,1.64217,1.46115,0.10022,0.00040,0.00008,
13.230,5.09500,0.02070,1.57694,1.76040,0.10547,0.00040,0.00008,
13.231,5.10000,0.02028,2.41841,0.80641,0.10344,0.00040,0.00008,
13.232,5.09875,0.02070,2.05312,0.11904,0.10555,0.00040,0.00008,
13.233,5.09250,0.02091,3.05440,0.02446,0.10648,0.00040,0.00008,
13.234,5.09625,0.02007,3.05440,0.02446,0.10230,0.00040,0.00008,
13.235,5.09875,0.02070,2.06058,0.00815,0.10555,0.00040,0.00008,
13.236,5.09875,0.02133,3.09128,0.73307,0.10875,0.00040,0.00008,
13.237,5.09875,0.02049,0.72491,1.50202,0.10448,0.00040,0.00008,
13.238,5.09625,0.02049,2.27178,0.93693,0.10443,0.00040,0.00008,
13.239,5.09500,0.02091,2.50092,0.74530,0.10654,0.00040,0.00008,
13.240,5.09875,0.02112,1.65776,1.63575,0.10768,0.00040,0.00008,
13.241,5.09750,0.01945,2.07037,1.29490,0.09913,0.00040,0.00008,
13.242,5.09750,0.02070,1.62515,3.01463,0.10552,0.00040,0.00008,
13.243,5.09625,0.02175,3.05378,0.02772,0.11082,0.00040,0.00008,
13.244,5.09750,0.02028,2.75207,0.54307,0.10339,0.00040,0.00008,
13.245,5.09875,0.01986,2.75207,0.54307,0.10128,0.00040,0.00008,
13.246,5.09875,0.02007,2.09401,1.66265,0.10235,0.00040,0.00008,
13.247,5.09625,0.02007,1.37155,0.13618,0.10230,0.00040,0.00008,
13.248,5.09625,0.02007,0.62217,1.43841,0.10230,0.00040,0.00008,
13.249,5.09625,0.02007,2.52863,0.72084,0.10230,0.00040,0.00008,
13.250,5.09875,0.02112,1.64716,1.69038,0.10768,0.00040,0.00008,
13.251,5.09750,0.01966,1.34219,2.07934,0.10019,0.00040,0.00008,
13.252,5.09875,0.02007,3.07579,1.35361,0.10235,0.00040,0.00008,
13.253,5.09750,0.02112,3.05295,0.01386,0.10765,0.00040,0.00008,
13.254,5.09875,0.02091,1.84531,1.42944,0.10661,0.00040,0.00008,
13.255,5.09875,0.02007,2.14294,0.00000,0.10235,0.00040,0.00008,
13.256,5.09625,0.02007,2.14294,0.00000,0.10230,0.00040,0.00008,
13.257,5.09500,0.02070,1.93664,0.00326,0.10547,0.00040,0.00008,
13.258,5.09500,0.02133,1.58927,1.78905,0.10867,0.00040,0.00008,
13.259,5.09875,0.02049,2.77898,2.14376,0.10448,0.00040,0.00008,
13.260,5.09750,0.02133,1.75154,1.28185,0.10872,0.00040,0.00008,
13.261,5.09750,0.02216,2.74147,0.55694,0.11298,0.00040,0.00008,
13.262,5.09625,0.01986,1.36666,2.03449,0.10123,0.00040,0.00008,
13.263,5.09875,0.01945,3.05459,0.02202,0.09915,0.00040,0.00008,
13.264,5.09875,0.02028,2.84829,2.33539,0.10342,0.00040,0.00008,
13.265,5.09875,0.02028,3.07498,0.09296,0.10342,0.00041,0.00008,
13.266,5.09625,0.01966,3.03095,1.51751,0.10017,0.00041,0.00008,
13.267,5.09625,0.01986,3.03095,1.51751,0.10123,0.00041,0.00008,
13.268,5.09875,0.01966,1.88934,0.00000,0.10022,0.00041,0.00008,
13.269,5.09625,0.02049,2.08586,1.15057,0.10443,0.00041,0.00008,
13.270,5.09625,0.01986,2.70477,2.28646,0.10123,0.00041,0.00008,
13.271,5.09750,0.01966,1.91136,1.37318,0.10019,0.00041,0.00008,
13.272,5.09625,0.02070,2.55881,1.27614,0.10550,0.00041,0.00008,
13.273,5.09625,0.02049,3.04970,0.02202,0.10443,0.00041,0.00008,
13.274,5.09625,0.02049,2.46177,1.89668,0.10443,0.00041,0.00008,
13.275,5.10000,0.02007,1.45961,0.00571,0.10238,0.00041,0.00008,
13.276,5.09750,0.02112,1.40172,2.01084,0.10765,0.00041,0.00008,
13.277,5.09625,0.02112,2.45933,0.92225,0.10763,0.00041,0.00008,
13.278,5.09750,0.01966,2.45933,0.92225,0.10019,0.00041,0.00008,
13.279,5.09875,0.02091,0.85946,1.02255,0.10661,0.00041,0.00008,
13.280,5.09875,0.02112,2.00106,1.37889,0.10768,0.00041,0.00008,
13.281,5.10000,0.02007,1.68467,1.43597,0.10238,0.00041,0.00008,
13.282,5.10000,0.02028,1.37726,1.69283,0.10344,0.00041,0.00008,
13.283,5.09625,0.02028,3.05214,0.01468,0.10337,0.00041,0.00008,
13.284,5.09500,0.02070,2.83442,2.36800,0.10547,0.00041,0.00008,
13.285,5.09875,0.01966,3.17935,0.00652,0.10022,0.00041,0.00008,
13.286,5.09750,0.02070,2.54984,0.70698,0.10552,0.00041,0.00008,
13.287,5.09750,0.02112,1.31121,1.45228,0.10765,0.00041,0.00008,
13.288,5.09625,0.01966,0.64908,1.94398,0.10017,0.00041,0.00008,
13.289,5.09750,0.02007,0.64908,1.94398,0.10233,0.00041,0.00008,
13.290,5.09875,0.02175,1.27288,0.02528,0.11088,0.00041,0.00008,
13.291,5.09875,0.02070,1.95784,1.44494,0.10555,0.00041,0.00008,
13.292,5.09750,0.02070,1.91381,1.98067,0.10552,0.00041,0.00008,
13.293,5.09375,0.02112,3.05541,0.01386,0.10758,0.00041,0.00008,
13.294,5.09625,0.02112,1.85510,0.53655,0.10763,0.00041,0.00008,
13.295,5.09625,0.01986,2.16496,0.00571,0.10123,0.00041,0.00008,
13.296,5.09625,0.01924,1.97252,1.41069,0.09804,0.00041,0.00008,
13.297,5.09750,0.01966,2.14539,1.25576,0.10019,0.00041,0.00008,
13.298,5.10000,0.02070,1.69854,1.27859,0.10557,0.00041,0.00008,
13.299,5.09500,0.01986,1.69854,1.27859,0.10121,0.00041,0.00008,
13.300,5.09500,0.01966,1.47919,1.87304,0.10014,0.00041,0.00008,
13.301,5.09625,0.01966,1.47919,1.87304,0.10017,0.00041,0.00008,
13.302,5.09500,0.02049,2.12827,1.42700,0.10441,0.00041,0.00008,
13.303,5.09625,0.02028,3.05297,0.02283,0.10337,0.00041,0.00008,
13.304,5.09750,0.01966,2.07690,1.10654,0.10019,0.00041,0.00008,
13.305,5.09750,0.02133,2.02553,0.00734,0.10872,0.00041,0.00008,
13.306,5.09625,0.02091,1.75317,1.41396,0.10656,0.00041,0.00008,
13.307,5.10000,0.02007,2.85727,1.84206,0.10238,0.00041,0.00008,
13.308,5.09750,0.02112,2.13235,0.56754,0.10765,0.00041,0.00008,
13.309,5.09750,0.02112,3.07335,0.03833,0.10765,0.00041,0.00008,
13.310,5.09875,0.02112,1.81678,1.33486,0.10768,0.00041,0.00008,
13.311,5.09750,0.01966,1.74013,1.08778,0.10019,0.00041,0.00008,
13.312,5.09750,0.02091,1.74013,1.08778,0.10659,0.00041,0.00008,
13.313,5.09500,0.02070,3.05947,0.01386,0.10547,0.00041,0.00008,
13.314,5.09625,0.02028,2.46503,0.92551,0.10337,0.00041,0.00008,
13.315,5.09875,0.02112,3.03746,0.86272,0.10768,0.00041,0.00008,
13.316,5.09625,0.02091,1.77844,1.55012,0.10656,0.00041,0.00008,
13.317,5.09250,0.02007,1.51261,1.80372,0.10222,0.00041,0.00008,
13.318,5.09250,0.02070,2.32641,1.69364,0.10542,0.00041,0.00008,
13.319,5.09625,0.02070,0.71513,1.48897,0.10550,0.00041,0.00008,
13.320,5.09625,0.02112,2.71292,0.57651,0.10763,0.00041,0.00008,
13.321,5.09750,0.02049,2.01736,1.37970,0.10446,0.00041,0.00008,
13.322,5.09375,0.02112,2.14538,1.47184,0.10758,0.00041,0.00008,
13.323,5.09625,0.02070,2.14538,1.47184,0.10550,0.00041,0.00008,
13.324,5.09750,0.01966,2.80092,2.17876,0.10019,0.00041,0.00008,
13.325,5.09875,0.02133,2.65578,2.19507,0.10875,0.00041,0.00008,
13.326,5.09750,0.02112,1.45958,1.93496,0.10765,0.00041,0.00008,
13.327,5.09750,0.02007,2.02384,1.37804,0.10233,0.00041,0.00008,
13.328,5.09375,0.02007,2.16001,1.02333,0.10225,0.00041,0.00008,
13.329,5.09500,0.01903,1.35684,1.58189,0.09695,0.00041,0.00008,
13.330,5.09500,0.01966,1.67240,1.61369,0.10014,0.00041,0.00008,
13.331,5.09625,0.02028,1.70094,1.60472,0.10337,0.00041,0.00008,
13.332,5.09750,0.01945,2.67779,0.60748,0.09913,0.00041,0.00008,
13.333,5.09875,0.01924,3.05777,0.01305,0.09809,0.00041,0.00008,
13.334,5.09875,0.02196,3.05777,0.01305,0.11195,0.00041,0.00008,
13.335,5.09875,0.02070,3.17097,0.00734,0.10555,0.00041,0.00008,
13.336,5.09875,0.02049,3.20032,0.00897,0.10448,0.00041,0.00008,
13.337,5.09750,0.02049,1.30214,2.09794,0.10446,0.00041,0.00008,
13.338,5.09500,0.02049,1.42037,1.51496,0.10441,0.00041,0.00008,
13.339,5.09750,0.02133,2.08571,2.67686,0.10872,0.00041,0.00008,
13.340,5.09625,0.02007,2.81302,2.79916,0.10230,0.00041,0.00008,
13.341,5.09750,0.02112,2.04984,2.68093,0.10765,0.00041,0.00008,
13.342,5.09500,0.02154,2.17051,1.04367,0.10973,0.00041,0.00008,
13.343,5.09625,0.02112,3.05111,0.01549,0.10763,0.00041,0.00008,
13.344,5.09750,0.01882,2.96550,2.81873,0.09593,0.00041,0.00008,
13.345,5.09625,0.02007,2.96550,2.81873,0.10230,0.00041,0.00008,
13.346,5.09625,0.02007,2.91495,2.08246,0.10230,0.00041,0.00008,
13.347,5.09750,0.02028,2.87010,1.94303,0.10339,0.00041,0.00008,
13.348,5.09875,0.02007,1.73755,1.63563,0.10235,0.00041,0.00008,
13.349,5.09500,0.02049,0.80722,1.53860,0.10441,0.00041,0.00008,
13.350,5.09500,0.02070,2.19171,1.80441,0.10547,0.00041,0.00008,
13.351,5.10000,0.02049,2.59695,0.65637,0.10451,0.00041,0.00008,
13.352,5.09875,0.02133,2.21291,1.74000,0.10875,0.00041,0.00008,
13.353,5.09625,0.02112,3.05601,0.02120,0.10763,0.00041,0.00008,
13.354,5.09750,0.01986,1.41222,0.00163,0.10126,0.00041,0.00008,
13.355,5.09750,0.02091,1.45299,0.00326,0.10659,0.00041,0.00008,
13.356,5.09750,0.02091,1.45299,0.00326,0.10659,0.00041,0.00008,
13.357,5.09750,0.02091,2.17459,0.00734,0.10659,0.00041,0.00008,
13.358,5.09625,0.02049,1.78647,2.62956,0.10443,0.00041,0.00008,
13.359,5.09625,0.02049,3.07068,0.02201,0.10443,0.00041,0.00008,
13.360,5.09625,0.01966,3.04295,1.01106,0.10017,0.00041,0.00008,
13.361,5.09750,0.02070,1.95933,1.17658,0.10552,0.00041,0.00008,
13.362,5.09875,0.01966,1.48315,0.73220,0.10022,0.00041,0.00008,
13.363,5.09875,0.01966,3.05437,0.02446,0.10022,0.00041,0.00008,
13.364,5.09875,0.01966,1.56469,0.92381,0.10022,0.00041,0.00008,
13.365,5.09750,0.02007,2.06207,0.00978,0.10233,0.00041,0.00008,
13.366,5.09625,0.01966,0.51042,1.12276,0.10017,0.00041,0.00008,
13.367,5.10000,0.01945,0.51042,1.12276,0.09918,0.00041,0.00008,
13.368,5.09500,0.02007,2.30587,1.59976,0.10227,0.00041,0.00008,
13.369,5.10000,0.02007,2.59451,2.12322,0.10238,0.00041,0.00008,
13.370,5.09625,0.01986,1.98298,0.49411,0.10123,0.00041,0.00008,
13.371,5.09625,0.02049,1.69352,0.59685,0.10443,0.00041,0.00008,
13.372,5.09750,0.01966,1.90470,0.87000,0.10019,0.00041,0.00008,
13.373,5.09750,0.01966,3.04785,0.02365,0.10019,0.00041,0.00008,
13.374,5.09875,0.01966,1.99358,2.23738,0.10022,0.00041,0.00008,
13.375,5.09625,0.02028,3.07884,0.10029,0.10337,0.00041,0.00008,
13.376,5.09625,0.02133,0.79335,2.00092,0.10869,0.00041,0.00008,
13.377,5.09875,0.02007,1.86801,1.26872,0.10235,0.00041,0.00008,
13.378,5.09750,0.02091,1.86801,1.26872,0.10659,0.00041,0.00008,
13.379,5.09875,0.02112,1.82887,0.00000,0.10768,0.00041,0.00008,
13.380,5.09750,0.02007,2.49340,0.76563,0.10233,0.00041,0.00008,
13.381,5.09625,0.02175,3.07149,0.03261,0.11082,0.00041,0.00008,
13.382,5.09625,0.02112,1.86230,0.90914,0.10763,0.00041,0.00008,
13.383,5.09750,0.02112,3.05029,0.02283,0.10765,0.00041,0.00008,
13.384,5.09750,0.02007,1.84600,3.00463,0.10233,0.00041,0.00008,
13.385,5.09625,0.02112,3.07231,0.02446,0.10763,0.00041,0.00008,
13.386,5.09625,0.02196,2.70132,2.27325,0.11189,0.00041,0.00008,
13.387,5.09625,0.02028,2.26183,0.99230,0.10337,0.00041,0.00008,
13.388,5.09875,0.02070,2.28222,1.07058,0.10555,0.00041,0.00008,
13.389,5.09625,0.02070,2.28222,1.07058,0.10550,0.00041,0.00008,
13.390,5.10000,0.02028,1.85171,0.00815,0.10344,0.00041,0.00008,
13.391,5.10000,0.02091,2.16970,1.19778,0.10664,0.00041,0.00008,
13.392,5.09750,0.02091,1.62748,1.66662,0.10659,0.00041,0.00008,
13.393,5.09500,0.01945,3.05275,0.02201,0.09908,0.00041,0.00008,
13.394,5.09625,0.01986,3.07394,0.03669,0.10123,0.00041,0.00008,
13.395,5.09750,0.01986,0.78276,1.94221,0.10126,0.00041,0.00008,
13.396,5.09625,0.02007,1.97809,0.48596,0.10230,0.00041,0.00008,
13.397,5.09625,0.02028,2.84809,2.29364,0.10337,0.00041,0.00008,
13.398,5.09500,0.01924,1.07140,1.78484,0.09801,0.00041,0.00008,
13.399,5.09875,0.01986,2.93452,2.66544,0.10128,0.00041,0.00008,
13.400,5.09875,0.02133,2.93452,2.66544,0.10875,0.00041,0.00008,
13.401,5.09875,0.02133,2.05718,0.00408,0.10875,0.00041,0.00008,
13.402,5.09875,0.01966,1.72858,0.58707,0.10022,0.00041,0.00008,
13.403,5.09750,0.02007,3.05274,0.02283,0.10233,0.00041,0.00008,
13.404,5.09875,0.02028,2.59124,1.81093,0.10342,0.00041,0.00008,
13.405,5.09375,0.02112,3.07476,0.07909,0.10758,0.00041,0.00008,
13.406,5.09750,0.02007,1.63726,3.02909,0.10233,0.00041,0.00008,
13.407,5.09625,0.02028,2.15828,1.02573,0.10337,0.00041,0.00008,
13.408,5.09750,0.02028,2.25368,1.03389,0.10339,0.00041,0.00008,
13.409,5.09750,0.02028,1.62666,0.00652,0.10339,0.00041,0.00008,
13.410,5.09750,0.02028,0.60908,1.38368,0.10339,0.00041,0.00008,
13.411,5.09875,0.02091,0.60908,1.38368,0.10661,0.00041,0.00008,
13.412,5.09625,0.02133,0.87571,1.54350,0.10869,0.00041,0.00008,
13.413,5.09750,0.01986,3.05682,0.02120,0.10126,0.00041,0.00008,
13.414,5.10125,0.02070,3.09188,1.05590,0.10560,0.00041,0.00008,
13.415,5.09250,0.02133,3.06742,0.01549,0.10861,0.00041,0.00008,
13.416,5.09875,0.01945,1.46277,0.00652,0.09915,0.00041,0.00008,
13.417,5.09875,0.02070,2.66544,0.62457,0.10555,0.00041,0.00008,
13.418,5.09875,0.02133,1.67966,1.42853,0.10875,0.00041,0.00008,
13.419,5.09625,0.02133,2.15502,0.53570,0.10869,0.00041,0.00008,
13.420,5.09625,0.01966,2.57494,1.79544,0.10017,0.00041,0.00008,
13.421,5.09500,0.02175,2.39719,1.60546,0.11080,0.00041,0.00008,
13.422,5.10000,0.02091,2.39719,1.60546,0.10664,0.00041,0.00008,
13.423,5.09500,0.01945,3.05519,0.01631,0.09908,0.00041,0.00008,
13.424,5.10000,0.02112,2.61733,1.84926,0.10771,0.00041,0.00008,
13.425,5.09625,0.01903,1.19533,0.26989,0.09697,0.00041,0.00008,
13.426,5.09875,0.01986,1.76853,2.08734,0.10128,0.00041,0.00008,
13.427,5.09875,0.02049,1.55654,0.92870,0.10448,0.00041,0.00008,
13.428,5.09875,0.02049,0.66779,1.06161,0.10448,0.00041,0.00008,
13.429,5.09750,0.01903,2.15176,0.00734,0.09700,0.00041,0.00008,
13.430,5.09750,0.02154,1.58589,1.82806,0.10979,0.00041,0.00008,
13.431,5.09875,0.02007,2.15747,2.93533,0.10235,0.00041,0.00008,
13.432,5.09625,0.02028,2.45181,0.82108,0.10337,0.00041,0.00008,
13.433,5.09750,0.02112,2.45181,0.82108,0.10765,0.00041,0.00008,
13.434,5.09750,0.02112,1.23773,0.05300,0.10765,0.00041,0.00008,
13.435,5.09750,0.01986,1.59486,1.83866,0.10126,0.00041,0.00008,
13.436,5.09750,0.02133,0.36610,1.89002,0.10872,0.00041,0.00008,
13.437,5.09375,0.02133,2.79182,2.17459,0.10864,0.00041,0.00008,
13.438,5.09750,0.02070,2.00744,0.61560,0.10552,0.00041,0.00008,
13.439,5.09625,0.02070,0.78928,1.99602,0.10550,0.00041,0.00008,
13.440,5.09750,0.02091,1.72287,1.26953,0.10659,0.00041,0.00008,
13.441,5.09875,0.02049,2.05799,2.68664,0.10448,0.00041,0.00008,
13.442,5.09500,0.01924,1.31111,1.71554,0.09801,0.00041,0.00008,
13.443,5.09750,0.02091,3.05356,0.00978,0.10659,0.00041,0.00008,
13.444,5.09625,0.02049,3.05356,0.00978,0.10443,0.00041,0.00008,
13.445,5.09625,0.02133,1.63808,0.15737,0.10869,0.00041,0.00008,
13.446,5.09750,0.02133,1.94547,1.35351,0.10872,0.00041,0.00008,
13.447,5.10000,0.01986,1.36004,0.75911,0.10131,0.00041,0.00008,
13.448,5.09750,0.02133,2.76573,0.53162,0.10872,0.00041,0.00008,
13.449,5.09625,0.02070,1.77424,0.00000,0.10550,0.00041,0.00008,
13.450,5.09625,0.01986,2.14687,0.00652,0.10123,0.00041,0.00008,
13.451,5.09625,0.02091,2.86195,2.78286,0.10656,0.00041,0.00008,
13.452,5.09750,0.02154,1.31111,1.71472,0.10979,0.00041,0.00008,
13.453,5.09750,0.02007,3.05437,0.01549,0.10233,0.00041,0.00008,
13.454,5.09750,0.02091,1.23773,1.14559,0.10659,0.00041,0.00008,
13.455,5.09625,0.02091,1.23773,1.14559,0.10656,0.00041,0.00008,
13.456,5.09875,0.02091,2.03027,0.00000,0.10661,0.00041,0.00008,
13.457,5.10125,0.02070,0.60337,1.35678,0.10560,0.00041,0.00008,
13.458,5.09625,0.01903,1.74163,0.00163,0.09697,0.00041,0.00008,
13.459,5.09750,0.02028,3.09596,0.46884,0.10339,0.00041,0.00008,
13.460,5.09750,0.01945,3.09596,0.46884,0.09913,0.00041,0.00008,
13.461,5.09750,0.02007,1.66662,1.63319,0.10233,0.00041,0.00008,
13.462,5.09500,0.01924,3.07068,0.01794,0.09801,0.00041,0.00008,
13.463,5.09500,0.01986,3.05356,0.01549,0.10121,0.00041,0.00008,
13.464,5.09625,0.01986,1.71798,2.56597,0.10123,0.00041,0.00008,
13.465,5.09625,0.02007,3.08699,0.29027,0.10230,0.00041,0.00008,
13.466,5.09750,0.02007,2.19742,1.52800,0.10233,0.00041,0.00008,
13.467,5.09625,0.02028,2.19742,1.52800,0.10337,0.00041,0.00008,
13.468,5.09750,0.02049,2.18192,0.00734,0.10446,0.00041,0.00008,
13.469,5.09625,0.01945,2.20312,0.97925,0.09910,0.00041,0.00008,
13.470,5.09750,0.02070,0.49574,1.07954,0.10552,0.00041,0.00008,
13.471,5.09750,0.01966,2.77795,2.81872,0.10019,0.00041,0.00008,
13.472,5.09750,0.01986,2.73800,0.56179,0.10126,0.00041,0.00008,
13.473,5.09750,0.01986,3.04947,0.01386,0.10126,0.00041,0.00008,
13.474,5.09750,0.02070,2.82932,2.49420,0.10552,0.00041,0.00008,
13.475,5.09625,0.02091,2.00580,0.01060,0.10656,0.00041,0.00008,
13.476,5.09625,0.02049,2.56432,2.05554,0.10443,0.00041,0.00008,
13.477,5.09875,0.02049,1.41710,0.71671,0.10448,0.00041,0.00008,
13.478,5.09750,0.02070,1.41710,0.71671,0.10552,0.00041,0.00008,
13.479,5.09500,0.02112,1.65758,0.00245,0.10760,0.00041,0.00008,
13.480,5.09625,0.02112,1.51408,1.89974,0.10763,0.00041,0.00008,
13.481,5.09625,0.02133,2.20794,1.33960,0.10869,0.00041,0.00008,
13.482,5.09875,0.02133,1.90871,1.46027,0.10875,0.00041,0.00008,
13.483,5.09625,0.01966,3.05834,0.02691,0.10017,0.00041,0.00008,
13.484,5.09375,0.02175,1.54017,1.56300,0.11077,0.00041,0.00008,
13.485,5.09875,0.02070,2.91239,2.62213,0.10555,0.00041,0.00008,
13.486,5.09750,0.02028,2.31556,1.59643,0.10339,0.00041,0.00008,
13.487,5.09625,0.02133,1.64128,2.69143,0.10869,0.00041,0.00008,
13.488,5.09500,0.02112,1.89159,0.53242,0.10760,0.00041,0.00008,
13.489,5.09750,0.02049,1.89159,0.53242,0.10446,0.00041,0.00008,
13.490,5.09750,0.02028,3.08094,0.03506,0.10339,0.00041,0.00008,
13.491,5.09500,0.02028,1.85558,1.13405,0.10334,0.00041,0.00008,
13.492,5.09625,0.01966,1.46261,0.70766,0.10017,0.00041,0.00008,
13.493,5.09750,0.02007,2.99044,0.01549,0.10233,0.00041,0.00008,
13.494,5.09750,0.01986,1.77242,2.79559,0.10126,0.00041,0.00008,
13.495,5.09875,0.01945,3.08176,0.13044,0.09915,0.00041,0.00008,
13.496,5.09625,0.01945,0.63836,1.44060,0.09910,0.00041,0.00008,
13.497,5.09500,0.01903,1.79035,0.00408,0.09695,0.00041,0.00008,
13.498,5.09500,0.01903,2.14500,0.43617,0.09695,0.00041,0.00008,
13.499,5.09625,0.02049,2.06429,1.10552,0.10443,0.00041,0.00008,
13.500,5.09625,0.02049,2.06429,1.10552,0.10443,0.00041,0.00008,
13.501,5.09750,0.02028,3.19425,0.00489,0.10339,0.00041,0.00008,
13.502,5.09750,0.02007,1.93465,1.03540,0.10233,0.00041,0.00008,
13.503,5.09750,0.02049,3.05321,0.01794,0.10446,0.00041,0.00008,
13.504,5.09875,0.02070,2.59747,2.02840,0.10555,0.00041,0.00008,
13.505,5.09750,0.01966,1.39983,0.00326,0.10019,0.00041,0.00008,
13.506,5.09875,0.02175,1.21068,1.31830,0.11088,0.00041,0.00008,
13.507,5.09875,0.02049,2.89178,2.59584,0.10448,0.00041,0.00008,
13.508,5.09625,0.02007,0.61227,0.99953,0.10230,0.00041,0.00008,
13.509,5.09625,0.02049,2.65780,2.21103,0.10443,0.00041,0.00008,
13.510,5.09625,0.02049,0.67423,1.91916,0.10443,0.00041,0.00008,
13.511,5.09875,0.02049,0.67423,1.91916,0.10448,0.00041,0.00008,
13.512,5.09750,0.01966,3.07114,0.01304,0.10019,0.00041,0.00008,
13.513,5.09875,0.02070,3.05239,0.01712,0.10555,0.00041,0.00008,
13.514,5.09875,0.02049,2.25995,1.40146,0.10448,0.00041,0.00008,
13.515,5.09750,0.02007,3.07848,0.05952,0.10233,0.00041,0.00008,
13.516,5.09625,0.02112,2.39447,1.62403,0.10763,0.00041,0.00008,
13.517,5.09750,0.02112,0.73701,1.42103,0.10765,0.00041,0.00008,
13.518,5.09750,0.02049,1.47483,1.22373,0.10446,0.00041,0.00008,
13.519,5.09750,0.02049,1.96400,1.24248,0.10446,0.00041,0.00008,
13.520,5.09500,0.02091,1.88410,2.74503,0.10654,0.00041,0.00008,
13.521,5.09875,0.02112,2.02841,0.00000,0.10768,0.00041,0.00008,
13.522,5.09625,0.02007,2.02841,0.00000,0.10230,0.00041,0.00008,
13.523,5.09500,0.01945,3.05811,0.00652,0.09908,0.00041,0.00008,
13.524,5.09625,0.02028,2.62764,1.00687,0.10337,0.00041,0.00008,
13.525,5.09750,0.01966,2.36349,0.00408,0.10019,0.00041,0.00008,
13.526,5.09875,0.02007,2.02352,2.20207,0.10235,0.00041,0.00008,
13.527,5.09875,0.01986,1.44630,1.71534,0.10128,0.00041,0.00008,
13.528,5.09750,0.01986,0.67505,1.07127,0.10126,0.00041,0.00008,
13.529,5.09500,0.02091,2.75972,2.79966,0.10654,0.00041,0.00008,
13.530,5.09625,0.02091,2.14907,0.00652,0.10656,0.00041,0.00008,
13.531,5.09625,0.02007,2.68063,0.00652,0.10230,0.00041,0.00008,
13.532,5.09625,0.02007,3.06707,0.01957,0.10230,0.00041,0.00008,
13.533,5.09625,0.02070,3.06707,0.01957,0.10550,0.00041,0.00008,
13.534,5.09625,0.01966,0.98404,0.65548,0.10017,0.00041,0.00008,
13.535,5.09875,0.02070,1.36722,0.00652,0.10555,0.00041,0.00008,
13.536,5.09875,0.02070,3.07114,1.70393,0.10555,0.00041,0.00008,
13.537,5.09625,0.02070,3.07929,0.08153,0.10550,0.00041,0.00008,
13.538,5.09750,0.02007,1.51560,0.66526,0.10233,0.00041,0.00008,
13.539,5.09500,0.02133,2.64475,2.47681,0.10867,0.00041,0.00008,
13.540,5.09625,0.02175,2.00232,1.16747,0.11082,0.00041,0.00008,
13.541,5.09625,0.01986,1.23351,1.54087,0.10123,0.00041,0.00008,
13.542,5.09750,0.02070,1.44059,0.04973,0.10552,0.00041,0.00008,
13.543,5.09750,0.02028,3.05321,0.01631,0.10339,0.00041,0.00008,
13.544,5.09500,0.01966,3.05321,0.01631,0.10014,0.00041,0.00008,
13.545,5.09500,0.02007,3.10050,0.70603,0.10227,0.00041,0.00008,
13.546,5.09750,0.02007,2.11564,0.09946,0.10233,0.00041,0.00008,
13.547,5.09500,0.02028,1.69985,0.00163,0.10334,0.00041,0.00008,
13.548,5.09875,0.02070,0.68157,1.85720,0.10555,0.00041,0.00008,
13.549,5.09875,0.01966,1.66317,3.02631,0.10022,0.00041,0.00008,
13.550,5.09875,0.02112,1.35010,1.63219,0.10768,0.00041,0.00008,
13.551,5.09750,0.02175,1.04682,1.78627,0.11085,0.00041,0.00008,
13.552,5.09875,0.02028,0.83484,1.18704,0.10342,0.00041,0.00008,
13.553,5.09750,0.02070,3.05403,0.02446,0.10552,0.00041,0.00008,
13.554,5.09750,0.02133,2.81108,2.45480,0.10872,0.00041,0.00008,
13.555,5.09625,0.02133,2.81108,2.45480,0.10869,0.00041,0.00008,
13.556,5.09750,0.01986,3.07281,0.01468,0.10126,0.00041,0.00008,
13.557,5.09875,0.02007,1.64932,1.31669,0.10235,0.00041,0.00008,
13.558,5.09500,0.01966,1.58655,0.00652,0.10014,0.00041,0.00008,
13.559,5.10000,0.01986,1.97788,0.00652,0.10131,0.00041,0.00008,
13.560,5.09750,0.01986,1.90695,1.13488,0.10126,0.00041,0.00008,
13.561,5.09500,0.02112,3.08830,0.27394,0.10760,0.00041,0.00008,
13.562,5.09750,0.02007,1.91184,0.00571,0.10233,0.00041,0.00008,
13.563,5.09750,0.01924,3.05161,0.02283,0.09806,0.00041,0.00008,
13.564,5.09500,0.01924,1.53926,1.19929,0.09801,0.00041,0.00008,
13.565,5.09750,0.01986,3.07281,0.01549,0.10126,0.00041,0.00008,
13.566,5.09750,0.02070,3.07281,0.01549,0.10552,0.00041,0.00008,
13.567,5.09750,0.01903,3.07445,0.03995,0.09700,0.00041,0.00008,
13.568,5.09625,0.01966,0.47531,1.00607,0.10017,0.00041,0.00008,
13.569,5.09750,0.02070,2.38961,0.99547,0.10552,0.00041,0.00008,
13.570,5.09500,0.02007,1.06803,1.15526,0.10227,0.00041,0.00008,
13.571,5.09500,0.01966,1.58655,0.00652,0.10014,0.00041,0.00008,
13.572,5.09500,0.02070,1.39904,1.52296,0.10547,0.00041,0.00008,
13.573,5.09500,0.02070,3.05000,0.01549,0.10547,0.00041,0.00008,
13.574,5.09625,0.02070,1.47241,0.00815,0.10550,0.00041,0.00008,
13.575,5.09875,0.02007,3.15924,0.00897,0.10235,0.00041,0.00008,
13.576,5.09500,0.02028,1.10064,1.19032,0.10334,0.00041,0.00008,
13.577,5.09375,0.02133,1.10064,1.19032,0.10864,0.00041,0.00008,
13.578,5.09625,0.02007,3.19351,0.00734,0.10230,0.00041,0.00008,
13.579,5.09625,0.02175,2.55595,1.75778,0.11082,0.00041,0.00008,
13.580,5.09500,0.02133,1.71783,2.80543,0.10867,0.00041,0.00008,
13.581,5.09500,0.02028,0.49570,1.09983,0.10334,0.00041,0.00008,
13.582,5.09625,0.02028,2.73531,2.05291,0.10337,0.00041,0.00008,
13.583,5.09625,0.02091,3.05246,0.01141,0.10656,0.00041,0.00008,
13.584,5.09500,0.02154,2.54780,2.85924,0.10973,0.00041,0.00008,
13.585,5.09750,0.01986,3.07040,0.01631,0.10126,0.00041,0.00008,
13.586,5.09750,0.02070,3.02882,0.83975,0.10552,0.00041,0.00008,
13.587,5.09875,0.02112,0.63348,1.98932,0.10768,0.00041,0.00008,
13.588,5.09750,0.02028,0.63348,1.98932,0.10339,0.00041,0.00008,
13.589,5.09625,0.01924,2.20387,0.00734,0.09804,0.00041,0.00008,
13.590,5.09625,0.01966,1.40402,1.56382,0.10017,0.00041,0.00008,
13.591,5.09625,0.01966,1.32411,0.00489,0.10017,0.00041,0.00008,
13.592,5.09500,0.02049,1.47414,1.64862,0.10441,0.00041,0.00008,
13.593,5.09500,0.01966,3.05101,0.01141,0.10014,0.00041,0.00008,
13.594,5.09750,0.01924,2.84799,2.51859,0.09806,0.00041,0.00008,
13.595,5.09875,0.01986,3.08199,0.15165,0.10128,0.00041,0.00008,
13.596,5.09875,0.01924,1.32656,0.00652,0.09809,0.00041,0.00008,
13.597,5.09500,0.02007,1.33553,0.00815,0.10227,0.00041,0.00008,
13.598,5.09750,0.02028,1.74401,0.00326,0.10339,0.00041,0.00008,
13.599,5.09750,0.02091,1.74401,0.00326,0.10659,0.00041,0.00008,
13.600,5.09500,0.02091,2.23324,0.00978,0.10654,0.00041,0.00008,
13.601,5.09625,0.01986,1.42360,1.58178,0.10123,0.00041,0.00008,
13.602,5.09250,0.02049,3.04370,1.04446,0.10435,0.00041,0.00008,
13.603,5.09750,0.02028,3.05185,0.01223,0.10339,0.00041,0.00008,
13.604,5.09875,0.02070,0.90259,0.91727,0.10555,0.00041,0.00008,
13.605,5.09500,0.02112,3.09669,0.43703,0.10760,0.00041,0.00008,
13.606,5.09625,0.02091,3.14806,0.00734,0.10656,0.00041,0.00008,
13.607,5.09750,0.02049,0.67837,1.04854,0.10446,0.00041,0.00008,
13.608,5.09750,0.02154,1.60216,0.00163,0.10979,0.00041,0.00008,
13.609,5.10000,0.02154,3.06489,1.88427,0.10984,0.00041,0.00008,
13.610,5.09625,0.02112,3.06489,1.88427,0.10763,0.00041,0.00008,
13.611,5.09750,0.02028,3.08775,0.18513,0.10339,0.00042,0.00008,
13.612,5.09875,0.02091,1.87907,1.12956,0.10661,0.00042,0.00008,
13.613,5.09750,0.02154,3.05512,0.00979,0.10979,0.00042,0.00008,
13.614,5.09625,0.02049,2.86999,2.55273,0.10443,0.00042,0.00008,
13.615,5.09750,0.02154,1.89375,0.02854,0.10979,0.00042,0.00008,
13.616,5.09625,0.02070,0.62391,2.07726,0.10550,0.00042,0.00008,
13.617,5.09625,0.02007,2.21835,0.00734,0.10230,0.00042,0.00008,
13.618,5.09625,0.02007,2.78762,2.41572,0.10230,0.00042,0.00008,
13.619,5.09875,0.01966,2.86265,2.55355,0.10022,0.00042,0.00008,
13.620,5.09500,0.02070,2.42713,1.61727,0.10547,0.00042,0.00008,
13.621,5.09875,0.02007,2.42713,1.61727,0.10235,0.00042,0.00008,
13.622,5.09750,0.01945,2.42713,1.61727,0.09913,0.00042,0.00008,
13.623,5.10000,0.02028,1.83747,0.00408,0.10344,0.00042,0.00008,
13.624,5.09625,0.02028,2.31621,0.00326,0.10337,0.00042,0.00008,
13.625,5.09500,0.02070,0.46324,0.99091,0.10547,0.00042,0.00008,
13.626,5.09500,0.01924,0.46732,0.90202,0.09801,0.00042,0.00008,
13.627,5.09625,0.01924,2.27380,1.63195,0.09804,0.00042,0.00008,
13.628,5.09750,0.02091,1.81219,0.00000,0.10659,0.00042,0.00008,
13.629,5.09375,0.02091,0.83269,1.47699,0.10651,0.00042,0.00008,
13.630,5.09625,0.01945,3.08039,0.07503,0.09910,0.00042,0.00008,
13.631,5.09500,0.02049,0.38413,1.91332,0.10441,0.00042,0.00008,
13.632,5.09625,0.02112,3.08855,0.32052,0.10763,0.00042,0.00008,
13.633,5.10000,0.02049,3.08855,0.32052,0.10451,0.00042,0.00008,
13.634,5.09750,0.02028,3.07463,0.02528,0.10339,0.00042,0.00008,
13.635,5.09750,0.02112,2.36428,0.00000,0.10765,0.00042,0.00008,
13.636,5.09750,0.02112,0.64592,1.34811,0.10765,0.00042,0.00008,
13.637,5.09625,0.01945,0.54968,1.21191,0.09910,0.00042,0.00008,
13.638,5.10125,0.02133,3.12030,0.01142,0.10880,0.00042,0.00008,
13.639,5.09500,0.02112,0.44692,0.92728,0.10760,0.00042,0.00008,
13.640,5.09750,0.01924,2.26479,1.66536,0.09806,0.00042,0.00008,
13.641,5.09875,0.02028,0.96561,0.69403,0.10342,0.00042,0.00008,
13.642,5.09625,0.02049,1.71184,0.01060,0.10443,0.00042,0.00008,
13.643,5.09750,0.01924,3.05424,0.02365,0.09806,0.00042,0.00008,
13.644,5.09750,0.01924,3.05424,0.02365,0.09806,0.00042,0.00008,
13.645,5.09750,0.01924,2.12033,1.67180,0.09806,0.00042,0.00008,
13.646,5.09750,0.01966,1.40513,1.23142,0.10019,0.00042,0.00008,
13.647,5.09750,0.01903,2.84125,2.50444,0.09700,0.00042,0.00008,
13.648,5.09625,0.02007,1.10257,0.33518,0.10230,0.00042,0.00008,
13.649,5.09750,0.01882,1.08055,1.15069,0.09593,0.00042,0.00008,
13.650,5.09625,0.01986,2.19210,1.79494,0.10123,0.00042,0.00008,
13.651,5.09375,0.02007,1.78516,3.02392,0.10225,0.00042,0.00008,
13.652,5.09375,0.02070,2.62840,2.16845,0.10545,0.00042,0.00008,
13.653,5.09500,0.01966,3.05573,0.02120,0.10014,0.00042,0.00008,
13.654,5.09500,0.01966,1.30808,1.73541,0.10014,0.00042,0.00008,
13.655,5.09625,0.01966,1.30808,1.73541,0.10017,0.00042,0.00008,
13.656,5.09875,0.01945,3.09945,0.77303,0.09915,0.00042,0.00008,
13.657,5.09625,0.01945,2.12338,1.42945,0.09910,0.00042,0.00008,
13.658,5.09625,0.01966,3.09211,0.35227,0.10017,0.00042,0.00008,
13.659,5.09875,0.02007,0.84479,1.96519,0.10235,0.00042,0.00008,
13.660,5.09750,0.02007,1.01440,1.34546,0.10233,0.00042,0.00008,
13.661,5.09750,0.02049,1.61292,0.00489,0.10446,0.00042,0.00008,
13.662,5.09750,0.02049,2.12827,2.94370,0.10446,0.00042,0.00008,
13.663,5.09750,0.01966,3.04808,0.01549,0.10019,0.00042,0.00008,
13.664,5.09625,0.01966,1.40009,0.00245,0.10017,0.00042,0.00008,
13.665,5.09750,0.02112,1.56563,2.01004,0.10765,0.00042,0.00008,
13.666,5.09875,0.02133,1.56563,2.01004,0.10875,0.00042,0.00008,
13.667,5.09750,0.02007,1.78251,0.00326,0.10233,0.00042,0.00008,
13.668,5.09625,0.02112,1.23210,0.04403,0.10763,0.00042,0.00008,
13.669,5.09750,0.02091,0.94099,0.77383,0.10659,0.00042,0.00008,
13.670,5.09750,0.01966,3.07006,0.04648,0.10019,0.00042,0.00008,
13.671,5.09750,0.02175,3.06435,0.01712,0.11085,0.00042,0.00008,
13.672,5.09750,0.02175,3.09207,0.69229,0.11085,0.00042,0.00008,
13.673,5.09375,0.02175,3.05049,0.02202,0.11077,0.00042,0.00008,
13.674,5.09500,0.02028,2.77814,0.00734,0.10334,0.00042,0.00008,
13.675,5.09750,0.02070,1.56642,1.71157,0.10552,0.00042,0.00008,
13.676,5.09625,0.02070,1.91134,0.00326,0.10550,0.00042,0.00008,
13.677,5.10125,0.02028,1.91134,0.00326,0.10347,0.00042,0.00008,
13.678,5.09750,0.02175,3.08147,0.11334,0.11085,0.00042,0.00008,
13.679,5.09625,0.02091,2.20897,1.87954,0.10656,0.00042,0.00008,
13.680,5.09625,0.01986,3.06272,0.01386,0.10123,0.00042,0.00008,
13.681,5.09625,0.02028,2.39897,0.00979,0.10337,0.00042,0.00008,
13.682,5.09750,0.02028,3.19645,0.00652,0.10339,0.00042,0.00008,
13.683,5.09875,0.02070,3.05212,0.02446,0.10555,0.00042,0.00008,
13.684,5.09500,0.02028,2.21794,0.00163,0.10334,0.00042,0.00008,
13.685,5.09625,0.01924,1.16034,1.26961,0.09804,0.00042,0.00008,
13.686,5.09625,0.02007,1.13996,0.24626,0.10230,0.00042,0.00008,
13.687,5.09875,0.02154,2.78548,2.41609,0.10981,0.00042,0.00008,
13.688,5.09875,0.02091,2.78548,2.41609,0.10661,0.00042,0.00008,
13.689,5.09625,0.02028,3.09615,0.56427,0.10337,0.00042,0.00008,
13.690,5.09625,0.02112,1.63247,3.03336,0.10763,0.00042,0.00008,
13.691,5.09625,0.02112,0.38569,1.21090,0.10763,0.00042,0.00008,
13.692,5.09875,0.01986,2.67865,2.25219,0.10128,0.00042,0.00008,
13.693,5.09750,0.01945,3.04967,0.03262,0.09913,0.00042,0.00008,
13.694,5.09750,0.01945,2.30764,0.00489,0.09913,0.00042,0.00008,
13.695,5.09875,0.01986,1.62595,1.29163,0.10128,0.00042,0.00008,
13.696,5.09875,0.02028,2.23425,1.59333,0.10342,0.00042,0.00008,
13.697,5.09625,0.01966,2.38755,1.81349,0.10017,0.00042,0.00008,
13.698,5.09625,0.02049,3.07413,0.04974,0.10443,0.00042,0.00008,
13.699,5.09625,0.02028,3.07413,0.04974,0.10337,0.00042,0.00008,
13.700,5.09875,0.02028,2.89964,1.46042,0.10342,0.00042,0.00008,
13.701,5.09875,0.01903,1.67324,1.30630,0.09702,0.00042,0.00008,
13.702,5.09625,0.01966,1.75886,1.24189,0.10017,0.00042,0.00008,
13.703,5.09500,0.01966,3.05620,0.02283,0.10014,0.00042,0.00008,
13.704,5.09750,0.01966,1.51994,0.00408,0.10019,0.00042,0.00008,
13.705,5.09750,0.01986,1.80534,2.19022,0.10126,0.00042,0.00008,
13.706,5.09625,0.02007,2.04100,0.00489,0.10230,0.00042,0.00008,
13.707,5.09875,0.01986,1.08369,1.17013,0.10128,0.00042,0.00008,
13.708,5.09875,0.01945,3.09534,1.07962,0.09915,0.00042,0.00008,
13.709,5.09625,0.01945,1.34137,0.00245,0.09910,0.00042,0.00008,
13.710,5.09375,0.02091,1.34137,0.00245,0.10651,0.00042,0.00008,
13.711,5.09500,0.01986,3.09044,0.39629,0.10121,0.00042,0.00008,
13.712,5.09625,0.01945,2.62646,2.48947,0.09910,0.00042,0.00008,
13.713,5.09625,0.01986,3.05456,0.01305,0.10123,0.00042,0.00008,
13.714,5.09750,0.02070,3.08881,0.46071,0.10552,0.00042,0.00008,
13.715,5.09625,0.01966,2.79933,1.90645,0.10017,0.00042,0.00008,
13.716,5.09500,0.02070,3.15730,0.00979,0.10547,0.00042,0.00008,
13.717,5.09500,0.02070,2.15107,1.96434,0.10547,0.00042,0.00008,
13.718,5.09750,0.02070,3.08473,0.19652,0.10552,0.00042,0.00008,
13.719,5.09625,0.02007,1.64470,0.00245,0.10230,0.00042,0.00008,
13.720,5.09500,0.02028,2.26850,0.00652,0.10334,0.00042,0.00008,
13.721,5.09750,0.02007,2.26850,0.00652,0.10233,0.00042,0.00008,
13.722,5.09250,0.01924,1.41476,0.00245,0.09797,0.00042,0.00008,
13.723,5.10125,0.02028,3.05049,0.01223,0.10347,0.00042,0.00008,
13.724,5.09750,0.02028,2.12825,0.00571,0.10339,0.00042,0.00008,
13.725,5.09750,0.02049,1.60638,2.02877,0.10446,0.00042,0.00008,
13.726,5.09750,0.01924,2.06383,0.00489,0.09806,0.00042,0.00008,
13.727,5.09500,0.01924,2.44463,1.89422,0.09801,0.00042,0.00008,
13.728,5.09625,0.01924,3.07006,0.02039,0.09804,0.00042,0.00008,
13.729,5.09750,0.02070,1.82736,0.00489,0.10552,0.00042,0.00008,
13.730,5.09625,0.01924,3.06762,0.01142,0.09804,0.00042,0.00008,
13.731,5.09500,0.02028,3.06762,0.01142,0.10334,0.00042,0.00008,
13.732,5.09625,0.02070,3.06762,0.01142,0.10550,0.00042,0.00008,
13.733,5.09500,0.02007,3.05538,0.01794,0.10227,0.00042,0.00008,
13.734,5.10000,0.01986,3.06517,0.01468,0.10131,0.00042,0.00008,
13.735,5.10000,0.02154,3.08881,0.53002,0.10984,0.00042,0.00008,
13.736,5.10000,0.02154,0.77710,1.94886,0.10984,0.00042,0.00008,
13.737,5.09375,0.02028,1.74826,0.00000,0.10331,0.00042,0.00008,
13.738,5.09750,0.02091,1.45226,0.00245,0.10659,0.00042,0.00008,
13.739,5.09500,0.02133,0.65234,1.47591,0.10867,0.00042,0.00008,
13.740,5.09750,0.02070,1.87058,0.00408,0.10552,0.00042,0.00008,
13.741,5.09875,0.01966,0.91979,1.02335,0.10022,0.00042,0.00008,
13.742,5.09375,0.02133,0.92550,1.89993,0.10864,0.00042,0.00008,
13.743,5.09750,0.02091,0.92550,1.89993,0.10659,0.00042,0.00008,
13.744,5.09750,0.02049,2.77324,2.02550,0.10446,0.00042,0.00008,
13.745,5.09750,0.02049,2.99911,0.92224,0.10446,0.00042,0.00008,
13.746,5.10125,0.02091,2.26360,1.80697,0.10667,0.00042,0.00008,
13.747,5.09875,0.02049,0.91571,1.89340,0.10448,0.00042,0.00008,
13.748,5.09750,0.01966,3.06923,0.02609,0.10019,0.00042,0.00008,
13.749,5.09500,0.02007,3.04232,0.99399,0.10227,0.00042,0.00008,
13.750,5.09500,0.02007,3.09206,0.95567,0.10227,0.00042,0.00008,
13.751,5.09750,0.02091,3.09533,0.53084,0.10659,0.00042,0.00008,
13.752,5.09625,0.01986,1.59006,1.77924,0.10123,0.00042,0.00008,
13.753,5.09625,0.02007,3.05537,0.02365,0.10230,0.00042,0.00008,
13.754,5.09875,0.02007,3.05537,0.02365,0.10235,0.00042,0.00008,
13.755,5.09875,0.01966,1.63245,1.77433,0.10022,0.00042,0.00008,
13.756,5.09750,0.02112,1.93823,1.22882,0.10765,0.00042,0.00008,
13.757,5.09750,0.01945,2.75120,2.34349,0.09913,0.00042,0.00008,
13.758,5.09875,0.02028,3.07491,0.03588,0.10342,0.00042,0.00008,
13.759,5.09875,0.01924,3.07165,0.00978,0.09809,0.00042,0.00008,
13.760,5.09750,0.01882,2.16899,0.00245,0.09593,0.00042,0.00008,
13.761,5.09750,0.01966,1.73683,0.00815,0.10019,0.00042,0.00008,
13.762,5.09750,0.02133,1.44083,0.00082,0.10872,0.00042,0.00008,
13.763,5.09625,0.02133,3.05045,0.02446,0.10869,0.00042,0.00008,
13.764,5.09750,0.02070,3.08225,0.13454,0.10552,0.00042,0.00008,
13.765,5.09625,0.02028,3.08225,0.13454,0.10337,0.00042,0.00008,
13.766,5.09500,0.02091,0.94749,1.05594,0.10654,0.00042,0.00008,
13.767,5.09500,0.02049,1.61286,0.63601,0.10441,0.00042,0.00008,
13.768,5.09875,0.01986,3.18332,0.00734,0.10128,0.00042,0.00008,
13.769,5.09500,0.02154,1.09426,1.61775,0.10973,0.00042,0.00008,
13.770,5.09875,0.02028,3.08058,0.12313,0.10342,0.00042,0.00008,
13.771,5.09875,0.02028,2.99740,0.95075,0.10342,0.00042,0.00008,
13.772,5.09875,0.02028,2.47229,2.87183,0.10342,0.00042,0.00008,
13.773,5.09750,0.02112,3.05122,0.00489,0.10765,0.00042,0.00008,
13.774,5.09875,0.02133,3.18005,0.00408,0.10875,0.00042,0.00008,
13.775,5.09875,0.01945,0.92466,1.94962,0.09915,0.00042,0.00008,
13.776,5.09750,0.01966,0.92466,1.94962,0.10019,0.00042,0.00008,
13.777,5.09500,0.02070,3.06995,0.01712,0.10547,0.00042,0.00008,
13.778,5.09375,0.01966,0.88062,1.37068,0.10012,0.00042,0.00008,
13.779,5.09750,0.01986,3.06669,0.02446,0.10126,0.00042,0.00008,
13.780,5.09625,0.01903,3.14579,0.00815,0.09697,0.00042,0.00008,
13.781,5.09625,0.01903,3.06669,0.01549,0.09697,0.00042,0.00008,
13.782,5.09750,0.02070,2.23336,0.00489,0.10552,0.00042,0.00008,
13.783,5.09625,0.01945,3.05038,0.01468,0.09910,0.00042,0.00008,
13.784,5.09750,0.01986,3.05038,0.01468,0.10126,0.00042,0.00008,
13.785,5.09750,0.02049,2.22847,0.00163,0.10446,0.00042,0.00008,
13.786,5.09750,0.02112,3.09115,0.44194,0.10765,0.00042,0.00008,
13.787,5.09750,0.02007,1.93574,0.00652,0.10233,0.00042,0.00008,
13.788,5.09375,0.02049,1.93574,0.00652,0.10438,0.00042,0.00008,
13.789,5.09750,0.02154,0.36285,1.85829,0.10979,0.00042,0.00008,
13.790,5.09750,0.02154,1.23043,1.13748,0.10979,0.00042,0.00008,
13.791,5.09875,0.01903,2.50245,0.00489,0.09702,0.00042,0.00008,
13.792,5.09750,0.02133,3.10258,0.01468,0.10872,0.00042,0.00008,
13.793,5.09500,0.02028,3.05773,0.02609,0.10334,0.00042,0.00008,
13.794,5.09875,0.01882,1.44896,0.00652,0.09595,0.00042,0.00008,
13.795,5.09625,0.01882,1.87541,0.90346,0.09591,0.00042,0.00008,
13.796,5.09625,0.01986,1.44244,0.00245,0.10123,0.00042,0.00008,
13.797,5.09625,0.01903,1.83219,0.00978,0.09697,0.00042,0.00008,
13.798,5.09500,0.01986,3.07160,0.01386,0.10121,0.00042,0.00008,
13.799,5.09500,0.01966,3.07160,0.01386,0.10014,0.00042,0.00008,
13.800,5.09875,0.01966,3.08788,0.14759,0.10022,0.00042,0.00008,
13.801,5.09625,0.02028,3.07810,0.05871,0.10337,0.00042,0.00008,
13.802,5.09625,0.01986,1.31278,0.00245,0.10123,0.00042,0.00008,
13.803,5.09500,0.01924,3.05608,0.02038,0.09801,0.00042,0.00008,
13.804,5.09375,0.02049,1.20188,1.50766,0.10438,0.00042,0.00008,
13.805,5.10125,0.01945,1.40736,0.02283,0.09920,0.00042,0.00008,
13.806,5.09750,0.01966,2.01728,0.00245,0.10019,0.00042,0.00008,
13.807,5.09625,0.02133,1.57289,0.00897,0.10869,0.00042,0.00008,
13.808,5.09625,0.01986,0.58708,1.31930,0.10123,0.00042,0.00008,
13.809,5.10000,0.01986,3.11479,0.00489,0.10131,0.00042,0.00008,
13.810,5.09875,0.01986,3.11479,0.00489,0.10128,0.00042,0.00008,
13.811,5.09750,0.02112,3.08211,1.87943,0.10765,0.00042,0.00008,
13.812,5.09250,0.02007,3.08537,0.18917,0.10222,0.00042,0.00008,
13.813,5.09625,0.02070,3.05846,0.01305,0.10550,0.00042,0.00008,
13.814,5.09625,0.02112,3.10168,0.00734,0.10763,0.00042,0.00008,
13.815,5.09625,0.02133,1.95282,0.60093,0.10869,0.00042,0.00008,
13.816,5.09625,0.01986,2.07023,1.35107,0.10123,0.00042,0.00008,
13.817,5.09625,0.02007,2.10937,0.00652,0.10230,0.00042,0.00008,
13.818,5.09500,0.02007,1.39102,0.00326,0.10227,0.00042,0.00008,
13.819,5.09750,0.02049,3.06661,0.01223,0.10446,0.00042,0.00008,
13.820,5.09875,0.01986,3.09108,0.53162,0.10128,0.00042,0.00008,
13.821,5.09875,0.02028,3.09108,0.53162,0.10342,0.00042,0.00008,
13.822,5.09750,0.02007,0.83409,0.92378,0.10233,0.00042,0.00008,
13.823,5.09625,0.02028,3.04773,0.01141,0.10337,0.00042,0.00008,
13.824,5.09500,0.01945,1.53120,1.70895,0.09908,0.00042,0.00008,
13.825,5.10000,0.01945,0.87649,0.67184,0.09918,0.00042,0.00008,
13.826,5.10000,0.02070,3.06485,0.00978,0.10557,0.00042,0.00008,
13.827,5.09750,0.02070,1.76194,0.00489,0.10552,0.00042,0.00008,
13.828,5.09875,0.01882,0.99634,1.32085,0.09595,0.00042,0.00008,
13.829,5.09750,0.01966,1.60051,1.84348,0.10019,0.00042,0.00008,
13.830,5.09750,0.02049,3.09665,0.80881,0.10446,0.00042,0.00008,
13.831,5.10000,0.01966,3.06893,0.01957,0.10024,0.00042,0.00008,
13.832,5.09750,0.01986,3.06893,0.01957,0.10126,0.00042,0.00008,
13.833,5.09875,0.02112,3.05915,0.01957,0.10768,0.00042,0.00008,
13.834,5.09500,0.02070,2.18674,1.51490,0.10547,0.00042,0.00008,
13.835,5.09500,0.01986,1.31514,0.16307,0.10121,0.00042,0.00008,
13.836,5.09625,0.01986,1.38444,0.06360,0.10123,0.00042,0.00008,
13.837,5.09500,0.02070,3.07953,0.07746,0.10547,0.00042,0.00008,
13.838,5.09875,0.02154,3.08116,0.11496,0.10981,0.00042,0.00008,
13.839,5.09500,0.01986,2.54956,0.00652,0.10121,0.00042,0.00008,
13.840,5.09500,0.02091,3.16433,0.00978,0.10654,0.00042,0.00008,
13.841,5.09750,0.02154,2.11091,0.00652,0.10979,0.00042,0.00008,
13.842,5.09625,0.02028,1.75950,2.63191,0.10337,0.00042,0.00008,
13.843,5.09500,0.02091,1.75950,2.63191,0.10654,0.00042,0.00008,
13.844,5.09500,0.02091,2.18184,0.00163,0.10654,0.00042,0.00008,
13.845,5.09875,0.02091,1.08603,1.40564,0.10661,0.00042,0.00008,
13.846,5.09500,0.02049,2.69713,0.01060,0.10441,0.00042,0.00008,
13.847,5.09750,0.02091,1.10804,0.08316,0.10659,0.00042,0.00008,
13.848,5.09750,0.01966,0.59764,0.79169,0.10019,0.00042,0.00008,
13.849,5.09750,0.02049,2.29354,0.00326,0.10446,0.00042,0.00008,
13.850,5.09875,0.02049,2.55119,1.88180,0.10448,0.00042,0.00008,
13.851,5.10125,0.01903,3.08442,1.46516,0.09707,0.00042,0.00008,
13.852,5.09750,0.02091,0.96047,0.90828,0.10659,0.00042,0.00008,
13.853,5.09750,0.02154,3.05180,0.01957,0.10979,0.00042,0.00008,
13.854,5.09750,0.02154,3.05180,0.01957,0.10979,0.00042,0.00008,
13.855,5.09750,0.01966,0.62047,1.42440,0.10019,0.00042,0.00008,
13.856,5.09750,0.02049,1.72199,1.94703,0.10446,0.00042,0.00008,
13.857,5.09625,0.02007,2.75014,0.00815,0.10230,0.00042,0.00008,
13.858,5.10000,0.01966,3.06486,0.01794,0.10024,0.00042,0.00008,
13.859,5.09750,0.01924,1.74809,0.00326,0.09806,0.00042,0.00008,
13.860,5.09625,0.01986,3.06404,0.01386,0.10123,0.00042,0.00008,
13.861,5.09750,0.01986,3.04937,1.20915,0.10126,0.00042,0.00008,
13.862,5.09750,0.01966,3.08687,1.49452,0.10019,0.00042,0.00008,
13.863,5.09750,0.01966,3.05181,0.01060,0.10019,0.00042,0.00008,
13.864,5.09875,0.02070,2.22506,0.00489,0.10555,0.00042,0.00008,
13.865,5.09625,0.02049,2.22506,0.00489,0.10443,0.00042,0.00008,
13.866,5.09750,0.01966,1.05667,1.46027,0.10019,0.00042,0.00008,
13.867,5.10250,0.02070,1.88424,0.00163,0.10563,0.00042,0.00008,
13.868,5.09625,0.02091,2.77866,0.00571,0.10656,0.00042,0.00008,
13.869,5.09875,0.02049,2.23239,0.00408,0.10448,0.00042,0.00008,
13.870,5.09750,0.02133,3.14312,0.00652,0.10872,0.00042,0.00008,
13.871,5.09750,0.02091,2.09215,0.03343,0.10659,0.00042,0.00008,
13.872,5.09375,0.02091,0.51285,1.19936,0.10651,0.00042,0.00008,
13.873,5.09125,0.02007,3.05180,0.00978,0.10220,0.00042,0.00008,
13.874,5.09750,0.02049,2.98331,1.04118,0.10446,0.00042,0.00008,
13.875,5.09875,0.02007,1.72851,0.58786,0.10235,0.00042,0.00008,
13.876,5.09750,0.01966,1.72851,0.58786,0.10019,0.00042,0.00008,
13.877,5.09875,0.02154,2.71915,2.29028,0.10981,0.00042,0.00008,
13.878,5.09750,0.02112,3.07953,0.15491,0.10765,0.00042,0.00008,
13.879,5.09750,0.02028,3.17656,0.00734,0.10339,0.00042,0.00008,
13.880,5.09750,0.02154,1.42521,0.00082,0.10979,0.00042,0.00008,
13.881,5.09875,0.02154,3.07872,1.86305,0.10981,0.00042,0.00008,
13.882,5.09875,0.01924,3.07138,0.02283,0.09809,0.00042,0.00008,
13.883,5.09625,0.02028,3.05262,0.02038,0.10337,0.00042,0.00008,
13.884,5.09875,0.01986,2.19815,1.88995,0.10128,0.00042,0.00008,
13.885,5.09875,0.01945,1.26377,0.04566,0.09915,0.00042,0.00008,
13.886,5.09750,0.01986,3.07953,0.11659,0.10126,0.00042,0.00008,
13.887,5.09500,0.02028,3.07953,0.11659,0.10334,0.00042,0.00008,
13.888,5.09625,0.01945,3.08524,0.10110,0.09910,0.00042,0.00008,
13.889,5.09625,0.02133,1.56871,0.00408,0.10869,0.00042,0.00008,
13.890,5.09875,0.02133,3.08769,0.36038,0.10875,0.00042,0.00008,
13.891,5.09875,0.02049,3.06160,0.01141,0.10448,0.00042,0.00008,
13.892,5.09500,0.02007,1.15126,1.26541,0.10227,0.00042,0.00008,
13.893,5.09750,0.02070,3.05181,0.02201,0.10552,0.00042,0.00008,
13.894,5.09750,0.02133,1.70569,0.00326,0.10872,0.00042,0.00008,
13.895,5.09500,0.02049,1.88343,0.04077,0.10441,0.00042,0.00008,
13.896,5.09500,0.02112,3.06404,0.01305,0.10760,0.00042,0.00008,
13.897,5.09750,0.02091,3.09013,1.64291,0.10659,0.00042,0.00008,
13.898,5.09750,0.02049,3.09013,1.64291,0.10446,0.00042,0.00008,
13.899,5.09625,0.02049,3.02577,0.82188,0.10443,0.00042,0.00008,
13.900,5.09750,0.02091,1.71958,2.11339,0.10659,0.00042,0.00008,
13.901,5.09875,0.02133,2.94098,1.24504,0.10875,0.00042,0.00008,
13.902,5.09750,0.01945,3.07959,0.12556,0.09913,0.00042,0.00008,
13.903,5.09750,0.02028,3.05186,0.01631,0.10339,0.00042,0.00008,
13.904,5.09750,0.02154,2.04164,0.00245,0.10979,0.00042,0.00008,
13.905,5.09625,0.01986,2.20961,1.16595,0.10123,0.00042,0.00008,
13.906,5.09875,0.01966,3.08611,0.21525,0.10022,0.00042,0.00008,
13.907,5.09875,0.02070,0.55036,2.06121,0.10555,0.00042,0.00008,
13.908,5.09500,0.02070,3.06817,0.02772,0.10547,0.00042,0.00008,
13.909,5.09500,0.01903,3.06817,0.02772,0.09695,0.00042,0.00008,
13.910,5.09875,0.02049,2.16397,1.19451,0.10448,0.00042,0.00008,
13.911,5.09625,0.02049,3.11550,0.00897,0.10443,0.00042,0.00008,
13.912,5.09875,0.01986,1.80114,2.17213,0.10128,0.00042,0.00008,
13.913,5.09625,0.01924,3.04945,0.01305,0.09804,0.00042,0.00008,
13.914,5.09875,0.02007,2.17294,0.00489,0.10235,0.00042,0.00008,
13.915,5.09750,0.02091,1.15048,1.30621,0.10659,0.00042,0.00008,
13.916,5.09750,0.02112,3.07962,0.15655,0.10765,0.00042,0.00008,
13.917,5.09500,0.02112,3.08941,0.30331,0.10760,0.00042,0.00008,
13.918,5.09875,0.01986,1.43341,1.14721,0.10128,0.00042,0.00008,
13.919,5.09250,0.02133,3.13425,0.00978,0.10861,0.00042,0.00008,
13.920,5.09875,0.02133,3.13425,0.00978,0.10875,0.00042,0.00008,
13.921,5.09500,0.02028,2.04909,0.03017,0.10334,0.00042,0.00008,
13.922,5.09500,0.02070,3.08710,0.16226,0.10547,0.00042,0.00008,
13.923,5.10000,0.02154,3.05203,0.00326,0.10984,0.00042,0.00008,
13.924,5.09750,0.01986,1.43021,0.00489,0.10126,0.00042,0.00008,
13.925,5.09750,0.02028,2.31165,0.25767,0.10339,0.00042,0.00008,
13.926,5.09625,0.02028,3.08057,0.15737,0.10337,0.00042,0.00008,
13.927,5.09750,0.02049,2.04013,1.87215,0.10446,0.00042,0.00008,
13.928,5.09750,0.01986,3.06916,0.01957,0.10126,0.00042,0.00008,
13.929,5.09500,0.01986,2.14939,0.00408,0.10121,0.00042,0.00008,
13.930,5.09500,0.02007,3.09362,0.56344,0.10227,0.00042,0.00008,
13.931,5.09750,0.01945,3.09362,0.56344,0.09913,0.00042,0.00008,
13.932,5.09750,0.02007,2.91178,2.08823,0.10233,0.00042,0.00008,
13.933,5.09625,0.02049,3.05529,0.01631,0.10443,0.00042,0.00008,
13.934,5.09750,0.02007,0.84638,1.46119,0.10233,0.00042,0.00008,
13.935,5.09750,0.02007,2.49267,1.78898,0.10233,0.00042,0.00008,
13.936,5.09750,0.02007,1.00457,1.32176,0.10233,0.00042,0.00008,
13.937,5.09625,0.01986,3.09769,0.61073,0.10123,0.00042,0.00008,
13.938,5.09750,0.02028,3.20043,0.00815,0.10339,0.00042,0.00008,
13.939,5.10125,0.01966,2.36465,0.00245,0.10027,0.00042,0.00008,
13.940,5.09625,0.01966,2.17548,2.84003,0.10017,0.00042,0.00008,
13.941,5.09875,0.02070,2.03686,2.77887,0.10555,0.00042,0.00008,
13.942,5.09750,0.01882,2.03686,2.77887,0.09593,0.00042,0.00008,
13.943,5.09625,0.02049,3.05530,0.01794,0.10443,0.00042,0.00008,
13.944,5.09625,0.02070,2.30024,1.70500,0.10550,0.00042,0.00008,
13.945,5.09750,0.02070,1.89336,0.04077,0.10552,0.00042,0.00008,
13.946,5.09500,0.01986,1.89336,0.04077,0.10121,0.00042,0.00008,
13.947,5.09500,0.02007,2.07193,1.30953,0.10227,0.00042,0.00008,
13.948,5.09500,0.02091,1.10894,1.35846,0.10654,0.00042,0.00008,
13.949,5.09625,0.02091,2.51306,0.00489,0.10656,0.00042,0.00008,
13.950,5.09500,0.01966,3.08547,0.19080,0.10014,0.00042,0.00008,
13.951,5.09750,0.01966,0.68820,1.24185,0.10019,0.00042,0.00008,
13.952,5.09750,0.02070,0.97929,0.37019,0.10552,0.00042,0.00008,
13.953,5.09750,0.02007,3.05367,0.01957,0.10233,0.00042,0.00008,
13.954,5.09375,0.02007,3.05367,0.01957,0.10225,0.00042,0.00008,
13.955,5.09625,0.01986,1.02006,1.32991,0.10123,0.00042,0.00008,
13.956,5.09625,0.02007,3.19063,0.00734,0.10230,0.00042,0.00008,
13.957,5.09750,0.02091,3.07811,0.06768,0.10659,0.00042,0.00008,
13.958,5.10000,0.01966,2.43476,1.68623,0.10024,0.00042,0.00008,
13.959,5.09750,0.02070,3.07403,0.00978,0.10552,0.00042,0.00008,
13.960,5.09625,0.02049,1.82322,0.11579,0.10443,0.00043,0.00008,
13.961,5.09875,0.01986,3.07322,0.02038,0.10128,0.00043,0.00008,
13.962,5.09875,0.02049,1.82240,0.00652,0.10448,0.00043,0.00008,
13.963,5.09625,0.02049,3.05446,0.02202,0.10443,0.00043,0.00008,
13.964,5.09500,0.02049,2.97619,1.12035,0.10441,0.00043,0.00008,
13.965,5.09750,0.02007,2.97619,1.12035,0.10233,0.00043,0.00008,
13.966,5.09750,0.01945,0.84473,0.79092,0.09913,0.00043,0.00008,
13.967,5.09625,0.02112,1.55330,0.00652,0.10763,0.00043,0.00008,
13.968,5.09500,0.01986,3.07398,0.02446,0.10121,0.00043,0.00008,
13.969,5.09500,0.01903,1.53618,0.00163,0.09695,0.00043,0.00008,
13.970,5.09750,0.01986,3.20363,0.00978,0.10126,0.00043,0.00008,
13.971,5.09750,0.02028,0.37018,1.77427,0.10339,0.00043,0.00008,
13.972,5.09750,0.02028,2.97450,0.95970,0.10339,0.00043,0.00008,
13.973,5.09375,0.01840,3.05523,0.01875,0.09373,0.00043,0.00008,
13.974,5.09875,0.01945,2.28062,2.89704,0.09915,0.00043,0.00008,
13.975,5.09875,0.01924,2.21457,1.32581,0.09809,0.00043,0.00008,
13.976,5.09500,0.02007,2.21457,1.32581,0.10227,0.00043,0.00008,
13.977,5.09625,0.02070,3.07954,0.09458,0.10550,0.00043,0.00008,
13.978,5.09500,0.02091,2.14271,0.00571,0.10654,0.00043,0.00008,
13.979,5.09750,0.02070,3.08769,0.09621,0.10552,0.00043,0.00008,
13.980,5.09750,0.01986,2.01144,0.00734,0.10126,0.00043,0.00008,
13.981,5.09625,0.01986,1.23442,0.06360,0.10123,0.00043,0.00008,
13.982,5.09750,0.01966,1.93480,0.00489,0.10019,0.00043,0.00008,
13.983,5.09750,0.02028,3.05752,0.01060,0.10339,0.00043,0.00008,
13.984,5.09750,0.01903,1.84593,0.03343,0.09700,0.00043,0.00008,
13.985,5.09625,0.01945,1.22138,0.05952,0.09910,0.00043,0.00008,
13.986,5.09750,0.02112,3.07057,0.03017,0.10765,0.00043,0.00008,
13.987,5.09250,0.01924,3.07057,0.03017,0.09797,0.00043,0.00008,
13.988,5.09500,0.01986,0.48266,1.29960,0.10121,0.00043,0.00008,
13.989,5.09500,0.02028,3.07778,0.09539,0.10334,0.00043,0.00008,
13.990,5.09625,0.02028,1.63224,2.57066,0.10337,0.00043,0.00008,
13.991,5.09750,0.02028,3.08186,0.14023,0.10339,0.00043,0.00008,
13.992,5.09500,0.02007,0.41907,1.97630,0.10227,0.00043,0.00008,
13.993,5.09750,0.01924,3.05414,0.01794,0.09806,0.00043,0.00008,
13.994,5.09500,0.02070,0.99875,1.56131,0.10547,0.00043,0.00008,
13.995,5.09750,0.02049,2.45244,1.73253,0.10446,0.00043,0.00008,
13.996,5.09500,0.02028,3.17480,0.00326,0.10334,0.00043,0.00008,
13.997,5.09625,0.02070,0.81368,1.89477,0.10550,0.00043,0.00008,
13.998,5.09625,0.02112,0.81368,1.89477,0.10763,0.00043,0.00008,
13.999,5.09875,0.02112,1.07454,1.41533,0.10768,0.00043,0.00008,
14.000,5.09625,0.02028,0.71663,1.47973,0.10337,0.00043,0.00008,
14.001,5.09500,0.02112,3.19916,0.00734,0.10760,0.00043,0.00008,
14.002,5.09625,0.02070,0.36280,1.87025,0.10550,0.00043,0.00008,
14.003,5.09750,0.02007,3.05649,0.02038,0.10233,0.00043,0.00008,
14.004,5.09625,0.02091,2.55835,1.89471,0.10656,0.00043,0.00008,
14.005,5.09375,0.02091,2.57792,2.82576,0.10651,0.00043,0.00008,
14.006,5.09625,0.01966,3.09236,0.53890,0.10017,0.00043,0.00008,
14.007,5.09625,0.02175,1.48381,0.14512,0.11082,0.00043,0.00008,
14.008,5.09750,0.02175,1.02318,1.36315,0.11085,0.00043,0.00008,
14.009,5.09875,0.02112,1.02318,1.36315,0.10768,0.00043,0.00008,
14.010,5.09375,0.02028,0.67424,1.32483,0.10331,0.00043,0.00008,
14.011,5.09875,0.02049,2.08712,0.00326,0.10448,0.00043,0.00008,
14.012,5.09750,0.01924,2.04472,2.77685,0.09806,0.00043,0.00008,
14.013,5.09625,0.02049,3.05486,0.01957,0.10443,0.00043,0.00008,
14.014,5.09750,0.02007,1.18705,1.23678,0.10233,0.00043,0.00008,
14.015,5.09875,0.01966,1.88575,0.14186,0.10022,0.00043,0.00008,
14.016,5.09875,0.02154,3.08258,0.21442,0.10981,0.00043,0.00008,
14.017,5.09750,0.02154,3.09073,1.39413,0.10979,0.00043,0.00008,
14.018,5.09375,0.01966,0.36443,1.82949,0.10012,0.00043,0.00008,
14.019,5.09500,0.01986,3.06872,0.02120,0.10121,0.00043,0.00008,
14.020,5.09625,0.02070,3.06872,0.02120,0.10550,0.00043,0.00008,
14.021,5.09875,0.02070,0.47042,1.35011,0.10555,0.00043,0.00008,
14.022,5.09750,0.01945,1.34847,2.45970,0.09913,0.00043,0.00008,
14.023,5.10000,0.02112,3.05404,0.01712,0.10771,0.00043,0.00008,
14.024,5.09500,0.02049,0.95469,1.06883,0.10441,0.00043,0.00008,
14.025,5.09500,0.02028,2.04391,1.37375,0.10334,0.00043,0.00008,
14.026,5.09875,0.02028,3.08747,0.20871,0.10342,0.00043,0.00008,
14.027,5.09750,0.02070,2.53063,2.94806,0.10552,0.00043,0.00008,
14.028,5.09750,0.02154,2.00967,2.19963,0.10979,0.00043,0.00008,
14.029,5.09875,0.01945,3.05323,1.25146,0.09915,0.00043,0.00008,
14.030,5.09500,0.02112,3.08828,0.38807,0.10760,0.00043,0.00008,
14.031,5.09875,0.02070,3.08828,0.38807,0.10555,0.00043,0.00008,
14.032,5.09625,0.02007,2.85594,1.65584,0.10230,0.00043,0.00008,
14.033,5.09625,0.02112,3.05323,0.01957,0.10763,0.00043,0.00008,
14.034,5.09625,0.02196,0.90578,0.85116,0.11189,0.00043,0.00008,
14.035,5.09500,0.02196,2.22898,2.49884,0.11186,0.00043,0.00008,
14.036,5.09500,0.01986,2.99616,1.77242,0.10121,0.00043,0.00008,
14.037,5.09500,0.02133,3.08585,1.78139,0.10867,0.00043,0.00008,
14.038,5.09750,0.02091,1.19765,1.72025,0.10659,0.00043,0.00008,
14.039,5.09500,0.01986,0.50140,1.20336,0.10121,0.00043,0.00008,
14.040,5.09750,0.02070,3.01247,0.85279,0.10552,0.00043,0.00008,
14.041,5.09875,0.02091,0.98975,1.55148,0.10661,0.00043,0.00008,
14.042,5.09625,0.01924,0.98975,1.55148,0.09804,0.00043,0.00008,
14.043,5.09625,0.01924,3.05812,0.02038,0.09804,0.00043,0.00008,
14.044,5.09750,0.01924,3.12008,1.06883,0.09806,0.00043,0.00008,
14.045,5.10125,0.01966,1.68193,0.16387,0.10027,0.00043,0.00008,
14.046,5.09500,0.02154,1.95668,1.41288,0.10973,0.00043,0.00008,
14.047,5.09500,0.02007,2.95540,1.15525,0.10227,0.00043,0.00008,
14.048,5.09750,0.02007,1.04030,1.58654,0.10233,0.00043,0.00008,
14.049,5.09250,0.02112,3.08013,0.14349,0.10755,0.00043,0.00008,
14.050,5.09750,0.02133,3.09073,0.91801,0.10872,0.00043,0.00008,
14.051,5.09625,0.01966,3.08747,0.01141,0.10017,0.00043,0.00008,
14.052,5.09625,0.02175,1.97869,2.33007,0.11082,0.00043,0.00008,
14.053,5.09500,0.02175,1.97869,2.33007,0.11080,0.00043,0.00008,
14.054,5.09750,0.02070,0.64244,1.36886,0.10552,0.00043,0.00008,
14.055,5.09625,0.02112,1.13895,1.28815,0.10763,0.00043,0.00008,
14.056,5.10000,0.02070,3.09563,0.42884,0.10557,0.00043,0.00008,
14.057,5.09750,0.02028,3.07525,1.88168,0.10339,0.00043,0.00008,
14.058,5.09750,0.01966,1.43245,1.30772,0.10019,0.00043,0.00008,
14.059,5.09875,0.01986,2.94725,1.03704,0.10128,0.00043,0.00008,
14.060,5.09500,0.02028,2.59913,2.82088,0.10334,0.00043,0.00008,
14.061,5.09500,0.02091,3.08830,0.32856,0.10654,0.00043,0.00008,
14.062,5.09500,0.02091,1.02481,1.13080,0.10654,0.00043,0.00008,
14.063,5.09875,0.02070,3.05569,0.01060,0.10555,0.00043,0.00008,
14.064,5.09625,0.02112,3.05569,0.01060,0.10763,0.00043,0.00008,
14.065,5.09375,0.02133,1.37213,0.00734,0.10864,0.00043,0.00008,
14.066,5.09500,0.02007,1.60938,0.00815,0.10227,0.00043,0.00008,
14.067,5.10000,0.02070,0.58212,1.27674,0.10557,0.00043,0.00008,
14.068,5.09500,0.02154,0.85687,0.95796,0.10973,0.00043,0.00008,
14.069,5.09875,0.02028,1.10879,2.34314,0.10342,0.00043,0.00008,
14.070,5.09750,0.02112,2.36270,2.91873,0.10765,0.00043,0.00008,
14.071,5.09750,0.02112,1.92490,0.00734,0.10765,0.00043,0.00008,
14.072,5.09875,0.02091,1.30935,2.42956,0.10661,0.00043,0.00008,
14.073,5.09625,0.01986,3.05407,0.01875,0.10123,0.00043,0.00008,
14.074,5.09625,0.02070,0.85442,0.72968,0.10550,0.00043,0.00008,
14.075,5.09750,0.02070,0.85442,0.72968,0.10552,0.00043,0.00008,
14.076,5.09750,0.02007,2.39291,1.88253,0.10233,0.00043,0.00008,
14.077,5.09625,0.02007,3.06634,0.01957,0.10230,0.00043,0.00008,
14.078,5.09875,0.02007,1.98118,2.74838,0.10235,0.00043,0.00008,
14.079,5.10000,0.02091,2.36355,2.92856,0.10664,0.00043,0.00008,
14.080,5.10000,0.02091,2.74104,2.19560,0.10664,0.00043,0.00008,
14.081,5.09750,0.01966,2.15158,0.00571,0.10019,0.00043,0.00008,
14.082,5.09750,0.02049,2.05863,0.67833,0.10446,0.00043,0.00008,
14.083,5.09750,0.02070,3.05574,0.02283,0.10552,0.00043,0.00008,
14.084,5.09375,0.02070,2.11081,0.03180,0.10545,0.00043,0.00008,
14.085,5.09625,0.01986,1.89965,0.63023,0.10123,0.00043,0.00008,
14.086,5.09625,0.02070,1.89965,0.63023,0.10550,0.00043,0.00008,
14.087,5.09625,0.02091,1.67789,0.97021,0.10656,0.00043,0.00008,
14.088,5.09750,0.02091,0.75171,1.37786,0.10659,0.00043,0.00008,
14.089,5.09750,0.02070,2.65625,2.57553,0.10552,0.00043,0.00008,
14.090,5.09750,0.02070,2.14261,1.83524,0.10552,0.00043,0.00008,
14.091,5.09625,0.02154,2.07820,1.09576,0.10976,0.00043,0.00008,
14.092,5.09750,0.02007,0.87237,0.70034,0.10233,0.00043,0.00008,
14.093,5.09625,0.02091,3.05411,0.01712,0.10656,0.00043,0.00008,
14.094,5.09500,0.02112,1.13571,1.23926,0.10760,0.00043,0.00008,
14.095,5.09625,0.01986,3.10140,1.19686,0.10123,0.00043,0.00008,
14.096,5.09500,0.02133,0.65469,1.51727,0.10867,0.00043,0.00008,
14.097,5.09625,0.02175,0.65469,1.51727,0.11082,0.00043,0.00008,
14.098,5.09625,0.01945,2.62527,1.19360,0.09910,0.00043,0.00008,
14.099,5.09625,0.01945,2.58451,2.84867,0.09910,0.00043,0.00008,
14.100,5.10125,0.02007,2.54456,2.91960,0.10240,0.00043,0.00008,
14.101,5.09750,0.02070,1.51891,0.00489,0.10552,0.00043,0.00008,
14.102,5.09875,0.01945,2.36438,2.91797,0.09915,0.00043,0.00008,
14.103,5.09500,0.01966,3.05738,0.01712,0.10014,0.00043,0.00008,
14.104,5.09750,0.01986,2.55271,1.94776,0.10126,0.00043,0.00008,
14.105,5.09750,0.02028,1.92004,0.03506,0.10339,0.00043,0.00008,
14.106,5.09750,0.02007,2.95302,1.18382,0.10233,0.00043,0.00008,
14.107,5.09750,0.02112,1.62979,1.30448,0.10765,0.00043,0.00008,
14.108,5.09750,0.02112,1.62979,1.30448,0.10765,0.00043,0.00008,
14.109,5.09500,0.02028,1.62979,1.30448,0.10334,0.00043,0.00008,
14.110,5.09500,0.02049,2.08310,1.19279,0.10441,0.00043,0.00008,
14.111,5.09500,0.02028,3.19436,0.00734,0.10334,0.00043,0.00008,
14.112,5.10000,0.02091,2.82340,1.80427,0.10664,0.00043,0.00008,
14.113,5.09875,0.02133,3.05331,0.01141,0.10875,0.00043,0.00008,
14.114,5.09875,0.01986,0.87237,1.43738,0.10128,0.00043,0.00008,
14.115,5.09500,0.02112,1.70643,1.11534,0.10760,0.00043,0.00008,
14.116,5.09500,0.02154,2.76714,2.07413,0.10973,0.00043,0.00008,
14.117,5.09875,0.02154,0.62778,1.99668,0.10981,0.00043,0.00008,
14.118,5.09750,0.01986,2.00239,1.58169,0.10126,0.00043,0.00008,
14.119,5.09750,0.02133,3.05250,1.17159,0.10872,0.00043,0.00008,
14.120,5.09750,0.02049,3.05250,1.17159,0.10446,0.00043,0.00008,
14.121,5.09875,0.02028,2.88941,1.99829,0.10342,0.00043,0.00008,
14.122,5.09875,0.02133,3.09568,0.56174,0.10875,0.00043,0.00008,
14.123,5.09500,0.02049,3.05900,0.00163,0.10441,0.00043,0.00008,
14.124,5.10000,0.02028,3.08182,0.11577,0.10344,0.00043,0.00008,
14.125,5.10000,0.02028,1.67870,1.62000,0.10344,0.00043,0.00008,
14.126,5.09750,0.02028,2.88860,1.52787,0.10339,0.00043,0.00008,
14.127,5.09625,0.02049,3.09242,1.41943,0.10443,0.00043,0.00008,
14.128,5.09750,0.01986,1.50749,2.67255,0.10126,0.00043,0.00008,
14.129,5.09750,0.01966,3.06796,1.64690,0.10019,0.00043,0.00008,
14.130,5.09750,0.02091,3.04024,0.92047,0.10659,0.00043,0.00008,
14.131,5.10000,0.01986,3.04024,0.92047,0.10131,0.00043,0.00008,
14.132,5.09750,0.01986,0.97100,0.42802,0.10126,0.00043,0.00008,
14.133,5.09625,0.01966,3.05567,0.01631,0.10017,0.00043,0.00008,
14.134,5.09625,0.01966,1.52458,0.02364,0.10017,0.00043,0.00008,
14.135,5.09625,0.01966,2.72141,0.67424,0.10017,0.00043,0.00008,
14.136,5.09625,0.01945,1.44794,1.95504,0.09910,0.00043,0.00008,
14.137,5.09750,0.01945,1.04438,1.14873,0.09913,0.00043,0.00008,
14.138,5.09500,0.02007,3.09562,0.56091,0.10227,0.00043,0.00008,
14.139,5.09500,0.01903,3.04834,1.48381,0.09695,0.00043,0.00008,
14.140,5.09750,0.01966,3.09725,0.51037,0.10019,0.00043,0.00008,
14.141,5.09625,0.02133,2.80212,1.94363,0.10869,0.00043,0.00008,
14.142,5.09500,0.02049,2.80212,1.94363,0.10441,0.00043,0.00008,
14.143,5.09500,0.02007,3.05637,0.01875,0.10227,0.00043,0.00008,
14.144,5.09625,0.02007,2.03731,2.77919,0.10230,0.00043,0.00008,
14.145,5.09625,0.02091,1.68104,1.65740,0.10656,0.00043,0.00008,
14.146,5.09500,0.02133,2.88843,2.76614,0.10867,0.00043,0.00008,
14.147,5.09250,0.01966,2.84848,1.68023,0.10010,0.00043,0.00008,
14.148,5.09625,0.02070,0.75084,1.02640,0.10550,0.00043,0.00008,
14.149,5.09625,0.02070,2.54928,1.88241,0.10550,0.00043,0.00008,
14.150,5.09750,0.01945,2.13921,0.09783,0.09913,0.00043,0.00008,
14.151,5.09875,0.01945,1.02884,1.13727,0.09915,0.00043,0.00008,
14.152,5.09875,0.02091,3.09143,0.48263,0.10661,0.00043,0.00008,
14.153,5.09500,0.02091,3.09143,0.48263,0.10654,0.00043,0.00008,
14.154,5.09375,0.02007,2.70418,1.28809,0.10225,0.00043,0.00008,
14.155,5.09625,0.01966,2.79468,2.81017,0.10017,0.00043,0.00008,
14.156,5.09500,0.01840,2.72049,0.69052,0.09375,0.00043,0.00008,
14.157,5.09875,0.02007,1.17396,2.36912,0.10235,0.00043,0.00008,
14.158,5.09500,0.01986,3.09795,0.72639,0.10121,0.00043,0.00008,
14.159,5.09875,0.02007,3.07268,0.03832,0.10235,0.00043,0.00008,
14.160,5.09875,0.02007,0.71171,0.79731,0.10235,0.00043,0.00008,
14.161,5.09875,0.02007,1.67860,0.15653,0.10235,0.00043,0.00008,
14.162,5.09875,0.02007,3.03436,1.24163,0.10235,0.00043,0.00008,
14.163,5.09750,0.01924,3.05311,0.00326,0.09806,0.00043,0.00008,
14.164,5.09750,0.02049,3.05311,0.00326,0.10446,0.00043,0.00008,
14.165,5.09750,0.02028,2.29902,1.02885,0.10339,0.00043,0.00008,
14.166,5.09500,0.02070,0.92776,1.04026,0.10547,0.00043,0.00008,
14.167,5.10000,0.02070,1.31256,1.43566,0.10557,0.00043,0.00008,
14.168,5.09875,0.02070,3.09063,0.50220,0.10555,0.00043,0.00008,
14.169,5.09625,0.02007,1.97210,2.31614,0.10230,0.00043,0.00008,
14.170,5.09625,0.02091,2.08787,1.89954,0.10656,0.00043,0.00008,
14.171,5.09875,0.02091,2.23787,2.03487,0.10661,0.00043,0.00008,
14.172,5.09625,0.01966,3.07840,1.87508,0.10017,0.00043,0.00008,
14.173,5.09375,0.01966,3.05313,0.00326,0.10012,0.00043,0.00008,
14.174,5.09750,0.01945,1.47235,1.61909,0.09913,0.00043,0.00008,
14.175,5.09625,0.02091,1.47235,1.61909,0.10656,0.00043,0.00008,
14.176,5.09875,0.02070,2.46125,1.47643,0.10555,0.00043,0.00008,
14.177,5.09625,0.02028,3.07432,0.07011,0.10337,0.00043,0.00008,
14.178,5.09500,0.02112,2.08053,0.03587,0.10760,0.00043,0.00008,
14.179,5.09500,0.02133,2.36668,2.60311,0.10867,0.00043,0.00008,
14.180,5.09750,0.02133,1.96150,2.31125,0.10872,0.00043,0.00008,
14.181,5.09750,0.01945,1.04108,0.20707,0.09913,0.00043,0.00008,
14.182,5.09250,0.02175,2.04547,0.69215,0.11074,0.00043,0.00008,
14.183,5.10000,0.02112,3.05557,0.02038,0.10771,0.00043,0.00008,
14.184,5.09500,0.02091,1.98025,0.03261,0.10654,0.00043,0.00008,
14.185,5.09750,0.02049,2.30391,1.03863,0.10446,0.00043,0.00008,
14.186,5.09750,0.02133,2.30391,1.03863,0.10872,0.00043,0.00008,
14.187,5.09500,0.01986,2.20852,1.00602,0.10121,0.00043,0.00008,
14.188,5.09500,0.01986,3.07188,0.04076,0.10121,0.00043,0.00008,
14.189,5.09375,0.01986,1.36637,1.14625,0.10118,0.00043,0.00008,
14.190,5.09625,0.02007,1.94275,0.09783,0.10230,0.00043,0.00008,
14.191,5.09625,0.01966,2.19956,0.27800,0.10017,0.00043,0.00008,
14.192,5.09625,0.01924,0.53644,1.72752,0.09804,0.00043,0.00008,
14.193,5.09500,0.01903,3.05068,0.00408,0.09695,0.00043,0.00008,
14.194,5.09500,0.01966,2.12700,0.70275,0.10014,0.00043,0.00008,
14.195,5.09875,0.01945,1.56366,1.76095,0.09915,0.00043,0.00008,
14.196,5.09750,0.02007,0.40600,1.28810,0.10233,0.00043,0.00008,
14.197,5.09750,0.01966,0.40600,1.28810,0.10019,0.00043,0.00008,
14.198,5.09750,0.01966,1.78867,2.16614,0.10019,0.00043,0.00008,
14.199,5.09625,0.01882,1.23837,2.39930,0.09591,0.00043,0.00008,
14.200,5.09875,0.01966,1.03864,1.34354,0.10022,0.00043,0.00008,
14.201,5.09750,0.02007,2.11396,0.03832,0.10233,0.00043,0.00008,
14.202,5.09750,0.01966,3.08738,1.18701,0.10019,0.00043,0.00008,
14.203,5.09750,0.01986,3.05232,0.01223,0.10126,0.00043,0.00008,
14.204,5.09875,0.02091,0.62775,1.97944,0.10661,0.00043,0.00008,
14.205,5.09375,0.02091,2.21750,0.41415,0.10651,0.00043,0.00008,
14.206,5.09625,0.01986,1.22044,0.05707,0.10123,0.00043,0.00008,
14.207,5.09625,0.01986,2.60230,1.20576,0.10123,0.00043,0.00008,
14.208,5.09875,0.02133,2.60230,1.20576,0.10875,0.00043,0.00008,
14.209,5.09500,0.02112,1.73569,1.65091,0.10760,0.00043,0.00008,
14.210,5.09375,0.02007,1.41204,1.20822,0.10225,0.00043,0.00008,
14.211,5.09750,0.01924,2.08952,1.41040,0.09806,0.00043,0.00008,
14.212,5.09625,0.02091,2.20202,2.48655,0.10656,0.00043,0.00008,
14.213,5.09500,0.02007,3.05316,0.00489,0.10227,0.00043,0.00008,
14.214,5.09625,0.01924,2.70993,0.67748,0.09804,0.00043,0.00008,
14.215,5.09625,0.02028,2.03082,2.76863,0.10337,0.00043,0.00008,
14.216,5.09625,0.02028,0.52340,1.96315,0.10337,0.00043,0.00008,
14.217,5.09750,0.01966,0.47774,1.33051,0.10019,0.00043,0.00008,
14.218,5.09750,0.01966,3.09555,0.53318,0.10019,0.00043,0.00008,
14.219,5.09500,0.01986,3.09555,0.53318,0.10121,0.00043,0.00008,
14.220,5.09625,0.02007,1.69089,1.81563,0.10230,0.00043,0.00008,
14.221,5.09625,0.01924,1.77650,1.40962,0.09804,0.00043,0.00008,
14.222,5.09750,0.01966,2.46785,2.68064,0.10019,0.00043,0.00008,
14.223,5.09500,0.02028,3.05159,0.01468,0.10334,0.00043,0.00008,
14.224,5.09500,0.01986,1.45527,1.16504,0.10121,0.00043,0.00008,
14.225,5.09500,0.01986,1.78302,2.42953,0.10121,0.00043,0.00008,
14.226,5.09875,0.01986,2.52411,1.82297,0.10128,0.00043,0.00008,
14.227,5.09500,0.02028,2.01211,0.12555,0.10334,0.00043,0.00008,
14.228,5.09500,0.02091,0.92290,1.52620,0.10654,0.00043,0.00008,
14.229,5.09500,0.01882,2.33659,0.24866,0.09588,0.00043,0.00008,
14.230,5.09375,0.02070,2.33659,0.24866,0.10545,0.00043,0.00008,
14.231,5.09875,0.02028,2.00074,1.28817,0.10342,0.00043,0.00008,
14.232,5.09750,0.02007,3.18862,0.00489,0.10233,0.00043,0.00008,
14.233,5.09625,0.02112,3.05736,0.01712,0.10763,0.00043,0.00008,
14.234,5.09625,0.02091,2.17032,0.28943,0.10656,0.00043,0.00008,
14.235,5.09750,0.02091,2.07085,1.30203,0.10659,0.00043,0.00008,
14.236,5.09500,0.01966,1.83278,0.54788,0.10014,0.00043,0.00008,
14.237,5.09875,0.02112,2.45404,1.22947,0.10768,0.00043,0.00008,
14.238,5.10000,0.02112,2.19070,0.19649,0.10771,0.00043,0.00008,
14.239,5.09750,0.02028,2.10754,0.09702,0.10339,0.00043,0.00008,
14.240,5.09625,0.01924,2.03172,1.61673,0.09804,0.00043,0.00008,
14.241,5.09625,0.02007,2.03172,1.61673,0.10230,0.00043,0.00008,
14.242,5.09625,0.02007,1.57028,0.16714,0.10230,0.00043,0.00008,
14.243,5.09625,0.02007,3.05495,0.02120,0.10230,0.00043,0.00008,
14.244,5.09750,0.02007,1.01343,0.29677,0.10233,0.00043,0.00008,
14.245,5.09875,0.02049,2.29835,0.92537,0.10448,0.00043,0.00009,
14.246,5.09625,0.01986,0.78514,1.25394,0.10123,0.00043,0.00009,
14.247,5.09875,0.01966,2.48832,2.69948,0.10022,0.00043,0.00009,
14.248,5.10000,0.01966,3.07778,1.88417,0.10024,0.00043,0.00009,
14.249,5.10000,0.02028,2.03419,0.28943,0.10344,0.00043,0.00009,
14.250,5.10000,0.01986,1.91189,0.91151,0.10131,0.00043,0.00009,
14.251,5.09750,0.01966,1.31427,0.16551,0.10019,0.00043,0.00009,
14.252,5.09750,0.02028,1.31427,0.16551,0.10339,0.00043,0.00009,
14.253,5.09750,0.02028,3.05665,0.00652,0.10339,0.00043,0.00009,
14.254,5.09750,0.02028,0.89686,1.40644,0.10339,0.00043,0.00009,
14.255,5.09875,0.02007,2.13126,0.43212,0.10235,0.00043,0.00009,
14.256,5.09625,0.02112,0.93925,1.38524,0.10763,0.00043,0.00009,
14.257,5.09625,0.02070,1.36893,1.29555,0.10550,0.00043,0.00009,
14.258,5.09750,0.02049,3.09253,0.71993,0.10446,0.00043,0.00009,
14.259,5.09625,0.02091,1.25723,0.04321,0.10656,0.00043,0.00009,
14.260,5.09625,0.02091,1.45699,1.91112,0.10656,0.00043,0.00009,
14.261,5.09625,0.02007,2.07092,2.38564,0.10230,0.00043,0.00009,
14.262,5.09625,0.02007,1.68120,1.63065,0.10230,0.00043,0.00009,
14.263,5.10000,0.02049,1.68120,1.63065,0.10451,0.00043,0.00009,
14.264,5.09625,0.02154,1.12270,1.48797,0.10976,0.00043,0.00009,
14.265,5.09625,0.02007,2.18915,0.00082,0.10230,0.00043,0.00009,
14.266,5.09875,0.01903,0.98328,0.36527,0.09702,0.00043,0.00009,
14.267,5.09625,0.02049,2.52587,2.94658,0.10443,0.00043,0.00009,
14.268,5.09750,0.02007,2.88299,1.54341,0.10233,0.00043,0.00009,
14.269,5.09500,0.01945,2.11169,0.03832,0.09908,0.00043,0.00009,
14.270,5.09500,0.02091,2.11169,0.03832,0.10654,0.00043,0.00009,
14.271,5.09625,0.02091,2.29758,2.49163,0.10656,0.00043,0.00009,
14.272,5.09625,0.01966,1.23685,1.33713,0.10017,0.00043,0.00009,
14.273,5.09500,0.02112,3.05420,0.01060,0.10760,0.00043,0.00009,
14.274,5.09750,0.01986,2.59518,2.12473,0.10126,0.00043,0.00009,
14.275,5.09875,0.02049,2.59518,2.12473,0.10448,0.00043,0.00009,
14.276,5.09500,0.02007,2.16303,1.03953,0.10227,0.00043,0.00009,
14.277,5.09625,0.01924,0.97267,1.07377,0.09804,0.00043,0.00009,
14.278,5.09750,0.02007,2.04155,0.03587,0.10233,0.00043,0.00009,
14.279,5.09750,0.02070,0.87810,1.48551,0.10552,0.00043,0.00009,
14.280,5.09625,0.02070,0.77129,1.95268,0.10550,0.00043,0.00009,
14.281,5.10000,0.01966,0.60660,1.92822,0.10024,0.00043,0.00009,
14.282,5.09500,0.02070,0.59110,0.87483,0.10547,0.00043,0.00009,
14.283,5.09500,0.02028,3.05580,0.01386,0.10334,0.00043,0.00009,
14.284,5.09500,0.01986,0.93843,0.50305,0.10121,0.00043,0.00009,
14.285,5.09625,0.01986,1.03627,1.37707,0.10123,0.00043,0.00009,
14.286,5.09500,0.02049,1.03627,1.37707,0.10441,0.00043,0.00009,
14.287,5.09500,0.02070,1.28001,1.40965,0.10547,0.00043,0.00009,
14.288,5.09500,0.02028,0.72887,2.03824,0.10334,0.00043,0.00009,
14.289,5.09625,0.02028,0.40439,1.65261,0.10337,0.00043,0.00009,
14.290,5.09625,0.02112,3.09160,0.53320,0.10763,0.00043,0.00009,
14.291,5.09375,0.02091,0.45086,1.44307,0.10651,0.00043,0.00009,
14.292,5.09750,0.01945,1.92818,2.72227,0.09913,0.00043,0.00009,
14.293,5.09875,0.02070,3.05491,0.00326,0.10555,0.00043,0.00009,
14.294,5.09750,0.02112,2.57634,0.69708,0.10765,0.00043,0.00009,
14.295,5.09625,0.02049,1.48058,1.93633,0.10443,0.00043,0.00009,
14.296,5.09625,0.02049,3.07774,0.03913,0.10443,0.00043,0.00009,
14.297,5.09625,0.02112,3.07774,0.03913,0.10763,0.00043,0.00009,
14.298,5.09875,0.02112,2.13020,0.09131,0.10768,0.00043,0.00009,
14.299,5.09750,0.02028,2.95032,1.21551,0.10339,0.00043,0.00009,
14.300,5.09875,0.02112,2.42776,2.63238,0.10768,0.00043,0.00009,
14.301,5.09500,0.02133,0.84050,1.84324,0.10867,0.00043,0.00009,
14.302,5.09625,0.02028,0.90165,2.23536,0.10337,0.00043,0.00009,
14.303,5.09875,0.02091,3.05630,0.01957,0.10661,0.00043,0.00009,
14.304,5.09750,0.02216,0.39376,1.24812,0.11298,0.00043,0.00009,
14.305,5.09750,0.01966,2.13672,1.23589,0.10019,0.00043,0.00009,
14.306,5.09750,0.02007,2.35765,1.65492,0.10233,0.00043,0.00009,
14.307,5.09750,0.02007,1.44867,1.10953,0.10233,0.00044,0.00009,
14.308,5.09750,0.01903,1.44867,1.10953,0.09700,0.00044,0.00009,
14.309,5.09625,0.02007,1.86017,0.19156,0.10230,0.00044,0.00009,
14.310,5.09750,0.01986,1.52922,1.97429,0.10126,0.00044,0.00009,
14.311,5.10125,0.01986,0.69287,1.51454,0.10133,0.00044,0.00009,
14.312,5.10000,0.02133,1.60176,0.02853,0.10877,0.00044,0.00009,
14.313,5.09500,0.01986,3.05191,0.00897,0.10121,0.00044,0.00009,
14.314,5.09750,0.01986,1.44607,0.13939,0.10126,0.00044,0.00009,
14.315,5.09750,0.02112,1.97673,0.76216,0.10765,0.00044,0.00009,
14.316,5.09500,0.02112,2.10960,1.15588,0.10760,0.00044,0.00009,
14.317,5.09500,0.02070,3.10082,1.23576,0.10547,0.00044,0.00009,
14.318,5.09500,0.01986,1.94331,0.34481,0.10121,0.00044,0.00009,
14.319,5.09875,0.02049,1.94331,0.34481,0.10448,0.00044,0.00009,
14.320,5.09500,0.02154,0.63419,1.49661,0.10973,0.00044,0.00009,
14.321,5.09625,0.02049,2.03869,0.03016,0.10443,0.00044,0.00009,
14.322,5.09625,0.02133,1.99222,0.09211,0.10869,0.00044,0.00009,
14.323,5.09750,0.02091,3.05518,0.00489,0.10659,0.00044,0.00009,
14.324,5.09750,0.02049,1.77784,0.91460,0.10446,0.00044,0.00009,
14.325,5.09625,0.02049,2.55305,0.80211,0.10443,0.00044,0.00009,
14.326,5.09625,0.02112,2.00038,2.22862,0.10763,0.00044,0.00009,
14.327,5.09625,0.02196,1.23821,0.05217,0.11189,0.00044,0.00009,
14.328,5.09625,0.01966,2.27997,0.20053,0.10017,0.00044,0.00009,
14.329,5.09625,0.02091,1.32706,1.12246,0.10656,0.00044,0.00009,
14.330,5.09875,0.02112,1.32706,1.12246,0.10768,0.00044,0.00009,
14.331,5.10000,0.02007,1.78030,1.62216,0.10238,0.00044,0.00009,
14.332,5.09500,0.02091,1.72569,1.80068,0.10654,0.00044,0.00009,
14.333,5.09500,0.02028,3.04951,0.01793,0.10334,0.00044,0.00009,
14.334,5.09625,0.02028,1.36213,1.12084,0.10337,0.00044,0.00009,
14.335,5.09875,0.01882,0.52659,1.16242,0.09595,0.00044,0.00009,
14.336,5.09750,0.02028,2.03137,0.00489,0.10339,0.00044,0.00009,
14.337,5.09625,0.02049,2.16261,0.10189,0.10443,0.00044,0.00009,
14.338,5.09625,0.02133,0.67821,1.51538,0.10869,0.00044,0.00009,
14.339,5.10000,0.02070,0.64397,2.03219,0.10557,0.00044,0.00009,
14.340,5.09750,0.02028,2.35336,2.55307,0.10339,0.00044,0.00009,
14.341,5.09875,0.02070,2.35336,2.55307,0.10555,0.00044,0.00009,
14.342,5.09875,0.02091,2.77159,1.50644,0.10661,0.00044,0.00009,
14.343,5.09750,0.02091,3.05446,0.01630,0.10659,0.00044,0.00009,
14.344,5.09625,0.01966,2.11293,2.42759,0.10017,0.00044,0.00009,
14.345,5.09500,0.02154,0.79561,1.59285,0.10973,0.00044,0.00009,
14.346,5.09750,0.02091,1.33037,1.82599,0.10659,0.00044,0.00009,
14.347,5.09875,0.02007,1.39884,0.04646,0.10235,0.00044,0.00009,
14.348,5.09750,0.02133,1.42411,1.10375,0.10872,0.00044,0.00009,
14.349,5.09750,0.02133,1.65807,1.73632,0.10872,0.00044,0.00009,
14.350,5.09875,0.02007,0.62035,0.81599,0.10235,0.00044,0.00009,
14.351,5.09875,0.02175,2.10886,0.12065,0.11088,0.00044,0.00009,
14.352,5.09500,0.02175,2.10886,0.12065,0.11080,0.00044,0.00009,
14.353,5.09750,0.02049,3.05615,0.00897,0.10446,0.00044,0.00009,
14.354,5.09750,0.02070,1.60755,1.74043,0.10552,0.00044,0.00009,
14.355,5.09875,0.02091,1.64098,2.72029,0.10661,0.00044,0.00009,
14.356,5.09500,0.01986,1.85537,0.43287,0.10121,0.00044,0.00009,
14.357,5.09750,0.01945,1.34669,0.02364,0.09913,0.00044,0.00009,
14.358,5.09750,0.01945,1.89369,2.99990,0.09913,0.00044,0.00009,
14.359,5.09500,0.02007,1.74777,0.14347,0.10227,0.00044,0.00009,
14.360,5.09500,0.01945,1.36952,2.45861,0.09908,0.00044,0.00009,
14.361,5.09500,0.01945,0.53476,1.70212,0.09908,0.00044,0.00009,
14.362,5.09750,0.01924,1.96950,0.30651,0.09806,0.00044,0.00009,
14.363,5.09625,0.02007,1.96950,0.30651,0.10230,0.00044,0.00009,
14.364,5.09750,0.02070,1.41114,0.15978,0.10552,0.00044,0.00009,
14.365,5.09875,0.01986,2.69022,1.97690,0.10128,0.00044,0.00009,
14.366,5.09625,0.01945,2.56549,1.26196,0.09910,0.00044,0.00009,
14.367,5.09625,0.02091,2.05190,2.04457,0.10656,0.00044,0.00009,
14.368,5.09875,0.01986,1.77962,0.61060,0.10128,0.00044,0.00009,
14.369,5.09750,0.02070,1.02391,1.12337,0.10552,0.00044,0.00009,
14.370,5.09750,0.02070,2.76033,0.64158,0.10552,0.00044,0.00009,
14.371,5.09625,0.02070,2.88832,2.00381,0.10550,0.00044,0.00009,
14.372,5.09750,0.02175,1.75598,0.11984,0.11085,0.00044,0.00009,
14.373,5.09875,0.02028,3.05055,0.00408,0.10342,0.00044,0.00009,
14.374,5.09500,0.02133,3.05055,0.00408,0.10867,0.00044,0.00009,
14.375,5.09625,0.02112,1.74215,0.00000,0.10763,0.00044,0.00009,
14.376,5.09750,0.02007,1.23100,1.23915,0.10233,0.00044,0.00009,
14.377,5.09875,0.02154,1.30681,0.16957,0.10981,0.00044,0.00009,
14.378,5.09875,0.01945,2.10248,0.31549,0.09915,0.00044,0.00009,
14.379,5.09875,0.02091,1.74051,1.38834,0.10661,0.00044,0.00009,
14.380,5.09875,0.02091,2.47585,2.97803,0.10661,0.00044,0.00009,
14.381,5.09625,0.02028,0.92936,1.66551,0.10337,0.00044,0.00009,
14.382,5.09875,0.02112,2.68374,0.70843,0.10768,0.00044,0.00009,
14.383,5.09750,0.02070,3.05059,0.00897,0.10552,0.00044,0.00009,
14.384,5.09750,0.02049,0.97828,0.38723,0.10446,0.00044,0.00009,
14.385,5.09625,0.02091,0.97828,0.38723,0.10656,0.00044,0.00009,
14.386,5.09750,0.02070,1.31266,1.87767,0.10552,0.00044,0.00009,
14.387,5.10000,0.02049,0.81287,1.45860,0.10451,0.00044,0.00009,
14.388,5.10000,0.02070,2.22418,2.04970,0.10557,0.00044,0.00009,
14.389,5.10000,0.02070,2.85442,1.63471,0.10557,0.00044,0.00009,
14.390,5.09875,0.02133,1.61677,0.03750,0.10875,0.00044,0.00009,
14.391,5.09750,0.02028,1.88338,0.02609,0.10339,0.00044,0.00009,
14.392,5.09750,0.02091,2.33343,0.21117,0.10659,0.00044,0.00009,
14.393,5.09500,0.02049,3.05417,0.00326,0.10441,0.00044,0.00009,
14.394,5.09625,0.02028,1.70075,0.02120,0.10337,0.00044,0.00009,
14.395,5.09875,0.01966,3.11451,0.01386,0.10022,0.00044,0.00009,
14.396,5.09625,0.02091,3.11451,0.01386,0.10656,0.00044,0.00009,
14.397,5.09625,0.02007,1.88745,1.51485,0.10230,0.00044,0.00009,
14.398,5.09875,0.02007,1.22297,0.05055,0.10235,0.00044,0.00009,
14.399,5.09625,0.01966,2.19890,1.16834,0.10017,0.00044,0.00009,
14.400,5.09875,0.02070,2.04644,2.36033,0.10555,0.00044,0.00009,
14.401,5.09625,0.01924,2.11737,0.03587,0.09804,0.00044,0.00009,
14.402,5.09875,0.01924,2.92453,2.02279,0.09809,0.00044,0.00009,
14.403,5.09500,0.02049,3.05498,0.01549,0.10441,0.00044,0.00009,
14.404,5.09375,0.02028,1.10067,0.12556,0.10331,0.00044,0.00009,
14.405,5.09875,0.02091,1.65183,1.73743,0.10661,0.00044,0.00009,
14.406,5.09875,0.02049,2.29837,1.04279,0.10448,0.00044,0.00009,
14.407,5.09500,0.02049,2.29837,1.04279,0.10441,0.00044,0.00009,
14.408,5.09500,0.02112,0.62453,1.42273,0.10760,0.00044,0.00009,
14.409,5.09875,0.02133,2.24212,2.51688,0.10875,0.00044,0.00009,
14.410,5.09750,0.02007,2.22907,1.63308,0.10233,0.00044,0.00009,
14.411,5.09500,0.02049,3.12918,1.03545,0.10441,0.00044,0.00009,
14.412,5.09375,0.02175,3.09983,1.06317,0.11077,0.00044,0.00009,
14.413,5.09875,0.02007,3.05336,0.00245,0.10235,0.00044,0.00009,
14.414,5.09625,0.02133,1.94860,0.11741,0.10869,0.00044,0.00009,
14.415,5.09625,0.02133,2.69380,1.96246,0.10869,0.00044,0.00009,
14.416,5.09750,0.02133,2.37909,1.01751,0.10872,0.00044,0.00009,
14.417,5.09500,0.02049,2.03503,0.13127,0.10441,0.00044,0.00009,
14.418,5.09375,0.02154,2.03503,0.13127,0.10971,0.00044,0.00009,
14.419,5.09875,0.02028,2.60412,0.79249,0.10342,0.00044,0.00009,
14.420,5.09875,0.01945,2.02606,2.36360,0.09915,0.00044,0.00009,
14.421,5.09625,0.02049,3.06885,0.02609,0.10443,0.00044,0.00009,
14.422,5.09625,0.02112,1.81571,0.63105,0.10763,0.00044,0.00009,
14.423,5.09625,0.01966,3.05336,0.02038,0.10017,0.00044,0.00009,
14.424,5.09625,0.02007,2.14836,0.09702,0.10230,0.00044,0.00009,
14.425,5.09500,0.02007,2.34159,0.87320,0.10227,0.00044,0.00009,
14.426,5.09750,0.02007,2.00079,2.03829,0.10233,0.00044,0.00009,
14.427,5.09625,0.01945,1.87115,0.17122,0.09910,0.00044,0.00009,
14.428,5.09750,0.02007,2.89274,2.05949,0.10233,0.00044,0.00009,
14.429,5.09750,0.02007,2.89274,2.05949,0.10233,0.00044,0.00009,
14.430,5.09875,0.02112,1.83611,0.02283,0.10768,0.00044,0.00009,
14.431,5.09750,0.02049,1.65837,1.32735,0.10446,0.00044,0.00009,
14.432,5.09750,0.02007,1.65837,1.32735,0.10233,0.00044,0.00009,
14.433,5.09750,0.02070,1.36730,1.12270,0.10552,0.00044,0.00009,
14.434,5.09750,0.02070,2.61719,0.66449,0.10552,0.00044,0.00009,
14.435,5.09750,0.01903,2.82835,1.72033,0.09700,0.00044,0.00009,
14.436,5.09875,0.02070,1.57194,0.00815,0.10555,0.00044,0.00009,
14.437,5.09500,0.02112,1.22298,0.05789,0.10760,0.00044,0.00009,
14.438,5.09750,0.02049,1.29229,0.06360,0.10446,0.00044,0.00009,
14.439,5.09500,0.02049,0.73868,1.10721,0.10441,0.00044,0.00009,
14.440,5.09875,0.02175,1.31348,0.16633,0.11088,0.00044,0.00009,
14.441,5.09625,0.02049,1.31348,0.16633,0.10443,0.00044,0.00009,
14.442,5.09625,0.02091,2.20299,1.18303,0.10656,0.00044,0.00009,
14.443,5.09625,0.02091,3.05826,0.00897,0.10656,0.00044,0.00009,
14.444,5.09750,0.02049,1.85892,0.03669,0.10446,0.00044,0.00009,
14.445,5.09625,0.02112,3.07375,0.02854,0.10763,0.00044,0.00009,
14.446,5.09875,0.01986,1.81327,2.18505,0.10128,0.00044,0.00009,
14.447,5.09875,0.02049,1.72195,0.37831,0.10448,0.00044,0.00009,
14.448,5.09750,0.02112,1.32326,1.17650,0.10765,0.00044,0.00009,
14.449,5.09500,0.02007,3.10636,1.26211,0.10227,0.00044,0.00009,
14.450,5.09875,0.01986,1.37626,0.04647,0.10128,0.00044,0.00009,
14.451,5.09875,0.02049,1.32734,0.04973,0.10448,0.00044,0.00009,
14.452,5.09500,0.02049,1.32734,0.04973,0.10441,0.00044,0.00009,
14.453,5.09625,0.01903,3.06063,0.00978,0.09697,0.00044,0.00009,
14.454,5.09875,0.01903,0.62860,0.77209,0.09702,0.00044,0.00009,
14.455,5.09625,0.01966,1.66973,2.88453,0.10017,0.00044,0.00009,
14.456,5.09750,0.02091,2.04314,1.22866,0.10659,0.00044,0.00009,
14.457,5.09625,0.02007,1.23029,0.01957,0.10230,0.00044,0.00009,
14.458,5.09875,0.01966,1.76594,1.62163,0.10022,0.00044,0.00009,
14.459,5.09875,0.02007,1.95916,1.42188,0.10235,0.00044,0.00009,
14.460,5.09875,0.02070,0.52261,1.65343,0.10555,0.00044,0.00009,
14.461,5.09625,0.02070,1.68033,0.43048,0.10550,0.00044,0.00009,
14.462,5.09750,0.01882,1.66158,2.26816,0.09593,0.00044,0.00009,
14.463,5.09375,0.02112,1.66158,2.26816,0.10758,0.00044,0.00009,
14.464,5.09750,0.02028,1.62891,0.17202,0.10339,0.00044,0.00009,
14.465,5.09750,0.02028,1.91833,1.41123,0.10339,0.00044,0.00009,
14.466,5.09625,0.02049,1.73490,0.03587,0.10443,0.00044,0.00009,
14.467,5.10000,0.02007,1.45770,0.05870,0.10238,0.00044,0.00009,
14.468,5.09750,0.02028,2.39200,1.17480,0.10339,0.00044,0.00009,
14.469,5.09750,0.01986,2.70996,1.29628,0.10126,0.00044,0.00009,
14.470,5.09500,0.01986,1.35661,1.76261,0.10121,0.00044,0.00009,
14.471,5.09875,0.01966,1.94850,0.35383,0.10022,0.00044,0.00009,
14.472,5.09500,0.02007,2.03410,0.18344,0.10227,0.00044,0.00009,
14.473,5.09500,0.02007,3.05319,0.00489,0.10227,0.00044,0.00009,
14.474,5.09625,0.01966,3.05319,0.00489,0.10017,0.00044,0.00009,
14.475,5.09750,0.02007,2.29412,0.00408,0.10233,0.00044,0.00009,
14.476,5.09750,0.01924,2.04628,0.66035,0.09806,0.00044,0.00009,
14.477,5.09750,0.02070,1.92562,0.02772,0.10552,0.00044,0.00009,
14.478,5.09750,0.02112,1.79192,0.61062,0.10765,0.00044,0.00009,
14.479,5.09750,0.02112,1.76257,1.54001,0.10765,0.00044,0.00009,
14.480,5.09750,0.02007,1.63784,0.51768,0.10233,0.00044,0.00009,
14.481,5.09750,0.02007,2.84197,0.90574,0.10233,0.00044,0.00009,
14.482,5.09750,0.02028,0.45165,1.43566,0.10339,0.00044,0.00009,
14.483,5.09500,0.01966,3.05067,0.01957,0.10014,0.00044,0.00009,
14.484,5.09625,0.01882,2.09031,0.72883,0.09591,0.00044,0.00009,
14.485,5.09625,0.02091,2.09031,0.72883,0.10656,0.00044,0.00009,
14.486,5.09750,0.01966,2.92907,2.63641,0.10019,0.00044,0.00009,
14.487,5.09750,0.02007,1.82690,2.68451,0.10233,0.00044,0.00009,
14.488,5.09625,0.02007,2.80842,2.20272,0.10230,0.00044,0.00009,
14.489,5.09625,0.02049,2.00462,1.38913,0.10443,0.00044,0.00009,
14.490,5.09875,0.02133,2.90462,1.97935,0.10875,0.00044,0.00009,
14.491,5.09625,0.02007,1.30761,0.14755,0.10230,0.00044,0.00009,
14.492,5.09875,0.01966,2.14157,1.19185,0.10022,0.00044,0.00009,
14.493,5.09750,0.01986,3.05217,0.00815,0.10126,0.00044,0.00009,
14.494,5.09500,0.01945,1.70380,0.16630,0.09908,0.00044,0.00009,
14.495,5.09500,0.02007,1.43560,1.58315,0.10227,0.00044,0.00009,
14.496,5.09500,0.02091,1.43560,1.58315,0.10654,0.00044,0.00009,
14.497,5.09875,0.02091,2.20517,1.87500,0.10661,0.00044,0.00009,
14.498,5.09875,0.01986,1.73805,0.03668,0.10128,0.00044,0.00009,
14.499,5.09750,0.02007,1.61250,1.34185,0.10233,0.00044,0.00009,
14.500,5.09875,0.02154,1.64022,3.02528,0.10981,0.00044,0.00009,
14.501,5.09875,0.02070,1.80245,1.48125,0.10555,0.00044,0.00009,
14.502,5.09500,0.01966,1.71114,1.36468,0.10014,0.00044,0.00009,
14.503,5.09500,0.02133,3.05055,0.01957,0.10867,0.00044,0.00009,
14.504,5.09500,0.02070,1.24565,0.05543,0.10547,0.00044,0.00009,
14.505,5.09500,0.02028,1.70544,0.00734,0.10334,0.00044,0.00009,
14.506,5.09875,0.02028,2.75788,1.43397,0.10342,0.00044,0.00009,
14.507,5.09625,0.01966,2.75788,1.43397,0.10017,0.00044,0.00009,
14.508,5.09750,0.02070,1.63207,1.22446,0.10552,0.00044,0.00009,
14.509,5.09625,0.01986,1.45191,0.16223,0.10123,0.00044,0.00009,
14.510,5.09500,0.01986,1.07935,1.20653,0.10121,0.00044,0.00009,
14.511,5.09750,0.02070,1.43968,0.14429,0.10552,0.00044,0.00009,
14.512,5.10000,0.01986,1.85626,0.17038,0.10131,0.00044,0.00009,
14.513,5.09750,0.02007,3.05219,0.00489,0.10233,0.00044,0.00009,
14.514,5.09750,0.01945,1.62963,0.44674,0.09913,0.00044,0.00009,
14.515,5.09750,0.01945,1.84729,0.00326,0.09913,0.00044,0.00009,
14.516,5.09500,0.02007,2.07637,1.20082,0.10227,0.00044,0.00009,
14.517,5.09625,0.01903,2.28833,2.56142,0.09697,0.00044,0.00009,
14.518,5.09875,0.01945,2.28833,2.56142,0.09915,0.00044,0.00009,
14.519,5.09875,0.01945,1.94433,1.20736,0.09915,0.00044,0.00009,
14.520,5.09875,0.02028,1.39323,0.16305,0.10342,0.00044,0.00009,
14.521,5.09875,0.02007,1.77150,0.02690,0.10235,0.00044,0.00009,
14.522,5.09875,0.01986,1.09241,1.17556,0.10128,0.00044,0.00009,
14.523,5.09625,0.02028,3.05060,0.00326,0.10337,0.00044,0.00009,
14.524,5.09625,0.01945,3.12560,1.12176,0.09910,0.00044,0.00009,
14.525,5.09875,0.01945,2.22721,0.00163,0.09915,0.00044,0.00009,
14.526,5.09875,0.02049,2.98130,1.80492,0.10448,0.00044,0.00009,
14.527,5.09875,0.02133,1.05328,1.60682,0.10875,0.00044,0.00009,
14.528,5.09750,0.01966,1.98101,0.02853,0.10019,0.00044,0.00009,
14.529,5.09750,0.02112,1.98101,0.02853,0.10765,0.00044,0.00009,
14.530,5.09625,0.02091,1.44461,1.49760,0.10656,0.00044,0.00009,
14.531,5.09625,0.01924,1.68184,0.15897,0.09804,0.00044,0.00009,
14.532,5.09750,0.02133,0.75410,1.98104,0.10872,0.00044,0.00009,
14.533,5.09750,0.02091,3.05308,0.02935,0.10659,0.00044,0.00009,
14.534,5.09375,0.02091,2.29083,1.08346,0.10651,0.00044,0.00009,
14.535,5.09750,0.01966,2.13593,1.44705,0.10019,0.00044,0.00009,
14.536,5.09625,0.01903,1.41608,1.52206,0.09697,0.00044,0.00009,
14.537,5.09375,0.01986,2.17425,1.00275,0.10118,0.00044,0.00009,
14.538,5.10000,0.01882,1.32884,2.05278,0.09598,0.00044,0.00009,
14.539,5.09625,0.01986,1.17069,1.57179,0.10123,0.00044,0.00009,
14.540,5.09500,0.02070,1.17069,1.57179,0.10547,0.00044,0.00009,
14.541,5.09750,0.01966,1.34113,2.03168,0.10019,0.00044,0.00009,
14.542,5.09750,0.01924,1.06802,1.62241,0.09806,0.00044,0.00009,
14.543,5.09750,0.01924,3.05240,0.01549,0.09806,0.00044,0.00009,
14.544,5.09750,0.01966,1.88982,1.40717,0.10019,0.00044,0.00009,
14.545,5.09875,0.02028,1.72187,1.95259,0.10342,0.00044,0.00009,
14.546,5.09750,0.01945,3.07034,0.02772,0.09913,0.00044,0.00009,
14.547,5.09750,0.01924,1.62077,0.14757,0.09806,0.00044,0.00009,
14.548,5.09625,0.02049,0.84137,1.07046,0.10443,0.00044,0.00009,
14.549,5.09875,0.02007,3.00349,1.76508,0.10235,0.00044,0.00009,
14.550,5.09625,0.01966,0.70848,2.05939,0.10017,0.00044,0.00009,
14.551,5.09625,0.02070,0.70848,2.05939,0.10550,0.00044,0.00009,
14.552,5.09750,0.02070,2.00966,0.24784,0.10552,0.00044,0.00009,
14.553,5.09625,0.02007,3.05077,0.00978,0.10230,0.00044,0.00009,
14.554,5.10000,0.02028,1.62485,0.34079,0.10344,0.00044,0.00009,
14.555,5.09750,0.02091,1.58735,1.84171,0.10659,0.00044,0.00009,
14.556,5.09625,0.02070,2.19310,1.18134,0.10550,0.00044,0.00009,
14.557,5.09750,0.02007,1.45282,0.13697,0.10233,0.00044,0.00009,
14.558,5.09750,0.02112,2.42953,1.87106,0.10765,0.00044,0.00009,
14.559,5.09875,0.02049,2.32680,1.68599,0.10448,0.00044,0.00009,
14.560,5.09875,0.02049,0.95224,1.11122,0.10448,0.00044,0.00009,
14.561,5.09500,0.02049,1.95341,1.34358,0.10441,0.00044,0.00009,
14.562,5.09750,0.02070,1.95341,1.34358,0.10552,0.00044,0.00009,
14.563,5.09750,0.02091,3.05566,0.00489,0.10659,0.00044,0.00009,
14.564,5.09750,0.02007,3.09643,1.05905,0.10233,0.00044,0.00009,
14.565,5.09625,0.02049,1.49522,1.66806,0.10443,0.00044,0.00009,
14.566,5.09750,0.02028,0.49080,1.07209,0.10339,0.00044,0.00009,
14.567,5.09625,0.02049,2.03901,2.04798,0.10443,0.00044,0.00009,
14.568,5.09500,0.01945,2.05532,1.56370,0.09908,0.00044,0.00009,
14.569,5.09500,0.01986,1.94444,1.45853,0.10121,0.00044,0.00009,
14.570,5.09750,0.01986,1.58164,1.72350,0.10126,0.00044,0.00009,
14.571,5.09625,0.02007,1.35499,0.14104,0.10230,0.00044,0.00009,
14.572,5.09250,0.02112,1.80340,1.87351,0.10755,0.00044,0.00009,
14.573,5.10000,0.01966,1.80340,1.87351,0.10024,0.00044,0.00009,
14.574,5.09625,0.02091,1.71942,1.20254,0.10656,0.00044,0.00009,
14.575,5.09625,0.02133,0.83077,1.49033,0.10869,0.00044,0.00009,
14.576,5.09750,0.01986,2.29256,0.91719,0.10126,0.00044,0.00009,
14.577,5.10000,0.02112,1.78627,2.42545,0.10771,0.00044,0.00009,
14.578,5.10000,0.02112,0.84137,1.06475,0.10771,0.00044,0.00009,
14.579,5.09500,0.02112,1.96564,1.18297,0.10760,0.00044,0.00009,
14.580,5.09750,0.02028,2.63987,0.75984,0.10339,0.00044,0.00009,
14.581,5.09500,0.02154,2.65047,0.73294,0.10973,0.00044,0.00009,
14.582,5.09875,0.02112,2.44665,1.73410,0.10768,0.00044,0.00009,
14.583,5.09750,0.02007,3.04914,0.01794,0.10233,0.00044,0.00009,
14.584,5.09875,0.01945,3.04914,0.01794,0.09915,0.00044,0.00009,
14.585,5.09500,0.02112,3.07768,0.02283,0.10760,0.00044,0.00009,
14.586,5.09875,0.01966,1.63953,0.14430,0.10022,0.00044,0.00009,
14.587,5.09875,0.02049,1.72024,1.37456,0.10448,0.00044,0.00009,
14.588,5.09625,0.02049,2.17028,1.17563,0.10443,0.00044,0.00009,
14.589,5.09500,0.02133,1.53354,1.87188,0.10867,0.00044,0.00009,
14.590,5.09500,0.02112,2.65944,0.74517,0.10760,0.00044,0.00009,
14.591,5.09750,0.01945,1.63464,1.71209,0.09913,0.00044,0.00009,
14.592,5.09750,0.02133,2.20615,0.21605,0.10872,0.00044,0.00009,
14.593,5.09750,0.02049,3.05241,0.00652,0.10446,0.00044,0.00009,
14.594,5.09500,0.02049,3.05241,0.00652,0.10441,0.00044,0.00009,
14.595,5.09625,0.02112,1.55474,0.02609,0.10763,0.00044,0.00009,
14.596,5.09625,0.02133,1.55474,0.02609,0.10869,0.00044,0.00009,
14.597,5.09500,0.02133,1.64605,0.61798,0.10867,0.00044,0.00009,
14.598,5.09500,0.02028,1.94607,1.42511,0.10334,0.00044,0.00009,
14.599,5.09875,0.01966,2.81190,1.63545,0.10022,0.00044,0.00009,
14.600,5.09750,0.01986,1.30689,2.08467,0.10126,0.00044,0.00009,
14.601,5.09625,0.01945,1.33380,1.75366,0.09910,0.00044,0.00009,
14.602,5.09625,0.01945,2.24365,1.05334,0.09910,0.00044,0.00009,
14.603,5.09500,0.02007,3.05159,0.00571,0.10227,0.00044,0.00009,
14.604,5.09625,0.02007,2.00559,0.18914,0.10230,0.00044,0.00009,
14.605,5.09625,0.01966,2.15641,1.30282,0.10017,0.00044,0.00009,
14.606,5.09750,0.01966,1.13161,1.51805,0.10019,0.00044,0.00009,
14.607,5.09750,0.01986,1.13161,1.51805,0.10126,0.00044,0.00009,
14.608,5.09500,0.02070,1.70961,2.59336,0.10547,0.00044,0.00009,
14.609,5.09750,0.02049,3.13469,0.98239,0.10446,0.00044,0.00009,
14.610,5.09750,0.01966,1.51802,1.88571,0.10019,0.00044,0.00009,
14.611,5.09875,0.02049,1.85391,0.03913,0.10448,0.00044,0.00009,
14.612,5.09750,0.02112,1.64928,1.75445,0.10765,0.00044,0.00009,
14.613,5.09500,0.01986,3.05887,0.00652,0.10121,0.00044,0.00009,
14.614,5.09500,0.02154,1.57835,1.81478,0.10973,0.00044,0.00009,
14.615,5.09875,0.02154,0.90657,1.33214,0.10981,0.00044,0.00009,
14.616,5.09500,0.02070,2.30231,1.05658,0.10547,0.00044,0.00009,
14.617,5.09750,0.02112,2.33900,0.23724,0.10765,0.00044,0.00009,
14.618,5.10000,0.02070,2.33900,0.23724,0.10557,0.00044,0.00009,
14.619,5.09875,0.02175,1.68022,1.69244,0.11088,0.00044,0.00009,
14.620,5.09750,0.01986,2.64791,1.17803,0.10126,0.00044,0.00009,
14.621,5.09750,0.02112,1.56771,0.02935,0.10765,0.00044,0.00009,
14.622,5.09750,0.02133,1.36635,1.45113,0.10872,0.00044,0.00009,
14.623,5.09750,0.02049,3.05716,0.02120,0.10446,0.00044,0.00009,
14.624,5.09500,0.02049,2.82726,1.70386,0.10441,0.00044,0.00009,
14.625,5.09500,0.02070,0.46469,1.17069,0.10547,0.00044,0.00009,
14.626,5.09500,0.02049,0.83318,1.07204,0.10441,0.00044,0.00009,
14.627,5.09625,0.02028,2.66014,0.81850,0.10337,0.00044,0.00009,
14.628,5.09500,0.02049,2.45307,1.46418,0.10441,0.00044,0.00009,
14.629,5.09750,0.02028,2.45307,1.46418,0.10339,0.00044,0.00009,
14.630,5.09625,0.01966,0.99126,0.64399,0.10017,0.00044,0.00009,
14.631,5.09875,0.01966,1.98089,2.04366,0.10022,0.00044,0.00009,
14.632,5.09875,0.02070,1.32141,1.74775,0.10555,0.00044,0.00009,
14.633,5.09375,0.02070,3.05449,0.01712,0.10545,0.00044,0.00009,
14.634,5.09875,0.02049,2.93547,0.94969,0.10448,0.00044,0.00009,
14.635,5.09750,0.02091,2.23197,1.84557,0.10659,0.00044,0.00009,
14.636,5.09500,0.02028,1.88633,0.00652,0.10334,0.00044,0.00009,
14.637,5.09875,0.02133,1.68906,2.62407,0.10875,0.00044,0.00009,
14.638,5.09875,0.02007,0.77931,1.98252,0.10235,0.00044,0.00009,
14.639,5.09625,0.02007,1.48934,0.14266,0.10230,0.00044,0.00009,
14.640,5.09750,0.02091,1.48934,0.14266,0.10659,0.00044,0.00009,
14.641,5.09750,0.02175,2.33305,1.50646,0.11085,0.00044,0.00009,
14.642,5.09625,0.02175,1.36543,0.78665,0.11082,0.00044,0.00009,
14.643,5.09500,0.02049,3.04960,0.00489,0.10441,0.00044,0.00009,
14.644,5.09625,0.02175,1.94829,1.32875,0.11082,0.00044,0.00009,
14.645,5.09375,0.02112,1.73879,1.02958,0.10758,0.00044,0.00009,
14.646,5.09375,0.01986,2.50669,1.93361,0.10118,0.00044,0.00009,
14.647,5.09750,0.02133,2.01676,1.32141,0.10872,0.00044,0.00009,
14.648,5.09500,0.02133,1.80482,1.56271,0.10867,0.00044,0.00009,
14.649,5.09500,0.02028,2.44636,1.45673,0.10334,0.00044,0.00009,
14.650,5.10250,0.02133,2.68929,0.59019,0.10883,0.00044,0.00009,
14.651,5.10250,0.02133,2.68929,0.59019,0.10883,0.00044,0.00009,
14.652,5.09875,0.02070,2.06162,2.97219,0.10555,0.00044,0.00009,
14.653,5.09625,0.01966,3.04800,0.01141,0.10017,0.00045,0.00009,
14.654,5.09625,0.02028,0.51439,1.21382,0.10337,0.00045,0.00009,
14.655,5.09750,0.01986,1.53337,1.71761,0.10126,0.00045,0.00009,
14.656,5.09625,0.01945,2.37384,0.87388,0.09910,0.00045,0.00009,
14.657,5.09875,0.01986,2.77654,2.15700,0.10128,0.00045,0.00009,
14.658,5.09500,0.02070,1.53011,1.37197,0.10547,0.00045,0.00009,
14.659,5.09625,0.02091,2.47737,1.93689,0.10656,0.00045,0.00009,
14.660,5.09625,0.01924,1.99640,1.19262,0.09804,0.00045,0.00009,
14.661,5.09375,0.01924,2.70399,0.68802,0.09799,0.00045,0.00009,
14.662,5.09625,0.02049,2.70399,0.68802,0.10443,0.00045,0.00009,
14.663,5.09500,0.02028,3.05618,0.01793,0.10334,0.00045,0.00009,
14.664,5.09750,0.02070,2.46190,1.73719,0.10552,0.00045,0.00009,
14.665,5.09625,0.01966,1.63610,0.00571,0.10017,0.00045,0.00009,
14.666,5.09750,0.02175,1.57415,1.53094,0.11085,0.00045,0.00009,
14.667,5.09875,0.02049,1.68420,1.70702,0.10448,0.00045,0.00009,
14.668,5.09875,0.02049,2.19777,0.41820,0.10448,0.00045,0.00009,
14.669,5.09875,0.02091,3.04639,1.45431,0.10661,0.00045,0.00009,
14.670,5.09750,0.02091,2.24424,1.10459,0.10659,0.00045,0.00009,
14.671,5.09750,0.02049,1.40703,1.95566,0.10446,0.00045,0.00009,
14.672,5.09625,0.01986,1.22687,0.04158,0.10123,0.00045,0.00009,
14.673,5.09625,0.01986,1.22687,0.04158,0.10123,0.00045,0.00009,
14.674,5.09750,0.02007,2.20433,1.14945,0.10233,0.00045,0.00009,
14.675,5.09750,0.02007,1.36711,0.00326,0.10233,0.00045,0.00009,
14.676,5.09750,0.01903,2.02009,2.80188,0.09700,0.00045,0.00009,
14.677,5.09750,0.02091,2.07145,2.68123,0.10659,0.00045,0.00009,
14.678,5.09750,0.01945,1.74781,1.37526,0.09913,0.00045,0.00009,
14.679,5.09500,0.01945,2.24591,0.73858,0.09908,0.00045,0.00009,
14.680,5.09625,0.01986,1.96629,0.00000,0.10123,0.00045,0.00009,
14.681,5.09625,0.02133,0.91956,1.11684,0.10869,0.00045,0.00009,
14.682,5.09500,0.02007,2.55243,1.19755,0.10227,0.00045,0.00009,
14.683,5.09625,0.01945,3.05378,0.01793,0.09910,0.00045,0.00009,
14.684,5.09750,0.01945,3.05378,0.01793,0.09913,0.00045,0.00009,
14.685,5.09750,0.02049,3.09457,0.92201,0.10446,0.00045,0.00009,
14.686,5.09750,0.02028,1.66060,0.42473,0.10339,0.00045,0.00009,
14.687,5.09750,0.02091,1.44457,1.97690,0.10659,0.00045,0.00009,
14.688,5.09375,0.02091,1.55054,1.61413,0.10651,0.00045,0.00009,
14.689,5.09750,0.02070,3.06603,1.42256,0.10552,0.00045,0.00009,
14.690,5.09500,0.02049,1.99321,0.00000,0.10441,0.00045,0.00009,
14.691,5.09625,0.01945,1.83343,0.01304,0.09910,0.00045,0.00009,
14.692,5.09750,0.01966,1.77147,1.56196,0.10019,0.00045,0.00009,
14.693,5.09500,0.01945,3.05055,0.00489,0.09908,0.00045,0.00009,
14.694,5.09625,0.02028,2.96576,1.95326,0.10337,0.00045,0.00009,
14.695,5.09750,0.01986,2.96576,1.95326,0.10126,0.00045,0.00009,
14.696,5.09750,0.02112,1.80166,1.07936,0.10765,0.00045,0.00009,
14.697,5.09500,0.02112,1.34594,1.69731,0.10760,0.00045,0.00009,
14.698,5.09500,0.02049,2.21824,1.73970,0.10441,0.00045,0.00009,
14.699,5.09500,0.02070,2.96499,1.92068,0.10547,0.00045,0.00009,
14.700,5.09875,0.02091,1.36388,0.79403,0.10661,0.00045,0.00009,
14.701,5.09625,0.02028,1.61008,1.68426,0.10337,0.00045,0.00009,
14.702,5.09500,0.02028,2.46933,0.93262,0.10334,0.00045,0.00009,
14.703,5.09500,0.02112,3.05059,0.00815,0.10760,0.00045,0.00009,
14.704,5.09625,0.02112,2.19541,0.69865,0.10763,0.00045,0.00009,
14.705,5.09625,0.02049,2.23454,0.00652,0.10443,0.00045,0.00009,
14.706,5.09500,0.02049,2.23454,0.00652,0.10441,0.00045,0.00009,
14.707,5.09750,0.02049,1.72847,1.95513,0.10446,0.00045,0.00009,
14.708,5.10000,0.02154,2.75087,1.18628,0.10984,0.00045,0.00009,
14.709,5.10000,0.01986,2.73457,1.36810,0.10131,0.00045,0.00009,
14.710,5.09875,0.02028,2.96123,2.73783,0.10342,0.00045,0.00009,
14.711,5.09750,0.02133,1.55562,1.76190,0.10872,0.00045,0.00009,
14.712,5.09750,0.02028,2.79572,2.89845,0.10339,0.00045,0.00009,
14.713,5.09875,0.02070,3.05254,0.00897,0.10555,0.00045,0.00009,
14.714,5.09875,0.02091,1.49366,1.59394,0.10661,0.00045,0.00009,
14.715,5.09875,0.02091,1.75782,0.00245,0.10661,0.00045,0.00009,
14.716,5.09750,0.01966,1.78962,1.57030,0.10019,0.00045,0.00009,
14.717,5.09500,0.02070,1.78962,1.57030,0.10547,0.00045,0.00009,
14.718,5.09500,0.02028,3.09553,0.48439,0.10334,0.00045,0.00009,
14.719,5.10125,0.01945,1.63013,0.16146,0.09920,0.00045,0.00009,
14.720,5.09625,0.01966,2.44642,0.80732,0.10017,0.00045,0.00009,
14.721,5.09625,0.02070,1.96203,1.20364,0.10550,0.00045,0.00009,
14.722,5.09625,0.01966,1.90576,1.73043,0.10017,0.00045,0.00009,
14.723,5.09625,0.01924,3.05231,0.00652,0.09804,0.00045,0.00009,
14.724,5.09625,0.01924,1.77365,0.36615,0.09804,0.00045,0.00009,
14.725,5.09625,0.01903,2.26457,0.00652,0.09697,0.00045,0.00009,
14.726,5.09625,0.02091,2.20504,0.42241,0.10656,0.00045,0.00009,
14.727,5.09500,0.01903,2.04439,1.14085,0.09695,0.00045,0.00009,
14.728,5.09625,0.01882,2.04439,1.14085,0.09591,0.00045,0.00009,
14.729,5.09750,0.02112,2.05988,0.00489,0.10765,0.00045,0.00009,
14.730,5.09625,0.02112,1.82013,1.56897,0.10763,0.00045,0.00009,
14.731,5.09500,0.02007,1.72391,1.67742,0.10227,0.00045,0.00009,
14.732,5.09500,0.02112,2.20014,1.06745,0.10760,0.00045,0.00009,
14.733,5.09875,0.02112,3.05475,0.02202,0.10768,0.00045,0.00009,
14.734,5.09375,0.02091,2.42195,1.51678,0.10651,0.00045,0.00009,
14.735,5.09625,0.02007,1.56489,0.00326,0.10230,0.00045,0.00009,
14.736,5.09625,0.02049,1.73858,1.38385,0.10443,0.00045,0.00009,
14.737,5.09500,0.02070,2.34693,1.03809,0.10547,0.00045,0.00009,
14.738,5.09875,0.01945,2.30207,1.72146,0.09915,0.00045,0.00009,
14.739,5.09875,0.01945,2.30207,1.72146,0.09915,0.00045,0.00009,
14.740,5.09875,0.01945,0.82444,1.50944,0.09915,0.00045,0.00009,
14.741,5.09875,0.02007,2.32654,0.23322,0.10235,0.00045,0.00009,
14.742,5.09875,0.02007,1.78099,1.57957,0.10235,0.00045,0.00009,
14.743,5.09875,0.01966,3.05394,0.01957,0.10022,0.00045,0.00009,
14.744,5.10125,0.02112,3.12489,0.92148,0.10773,0.00045,0.00009,
14.745,5.09500,0.01945,1.80871,0.00245,0.09908,0.00045,0.00009,
14.746,5.09500,0.02028,1.99872,2.33796,0.10334,0.00045,0.00009,
14.747,5.09875,0.01986,2.38036,2.57200,0.10128,0.00045,0.00009,
14.748,5.09875,0.02007,1.15471,1.53309,0.10235,0.00045,0.00009,
14.749,5.09500,0.01924,2.43907,1.48334,0.09801,0.00045,0.00009,
14.750,5.09500,0.02028,2.43907,1.48334,0.10334,0.00045,0.00009,
14.751,5.09500,0.02028,2.84273,2.51002,0.10334,0.00045,0.00009,
14.752,5.09625,0.02007,2.14306,1.23136,0.10230,0.00045,0.00009,
14.753,5.09625,0.01966,3.05394,0.00408,0.10017,0.00045,0.00009,
14.754,5.09875,0.01861,1.60158,1.70841,0.09489,0.00045,0.00009,
14.755,5.09500,0.02028,1.58446,0.00408,0.10334,0.00045,0.00009,
14.756,5.09875,0.02028,1.58446,0.00408,0.10342,0.00045,0.00009,
14.757,5.10000,0.02049,2.23357,0.96389,0.10451,0.00045,0.00009,
14.758,5.10000,0.02070,3.08411,0.15005,0.10557,0.00045,0.00009,
14.759,5.10000,0.02049,3.09063,1.28844,0.10451,0.00045,0.00009,
14.760,5.09875,0.02049,2.01829,1.32514,0.10448,0.00045,0.00009,
14.761,5.09875,0.02028,1.35613,2.03052,0.10342,0.00045,0.00009,
14.762,5.09875,0.02070,1.35613,2.03052,0.10555,0.00045,0.00009,
14.763,5.09625,0.02028,3.05716,0.00408,0.10337,0.00045,0.00009,
14.764,5.09750,0.02007,2.30856,1.73611,0.10233,0.00045,0.00009,
14.765,5.09500,0.01966,1.86251,0.00163,0.10014,0.00045,0.00009,
14.766,5.09875,0.02091,1.93345,1.40667,0.10661,0.00045,0.00009,
14.767,5.09375,0.02028,1.71246,1.65130,0.10331,0.00045,0.00009,
14.768,5.09375,0.01986,2.32487,1.55100,0.10118,0.00045,0.00009,
14.769,5.09750,0.01986,1.42298,0.00082,0.10126,0.00045,0.00009,
14.770,5.09750,0.01861,1.61869,1.74916,0.09486,0.00045,0.00009,
14.771,5.09750,0.02028,2.58093,0.67846,0.10339,0.00045,0.00009,
14.772,5.09875,0.01986,1.54040,1.55345,0.10128,0.00045,0.00009,
14.773,5.09750,0.01966,1.54040,1.55345,0.10019,0.00045,0.00009,
14.774,5.09375,0.01903,1.46939,1.63574,0.09692,0.00045,0.00009,
14.775,5.09625,0.02007,0.51046,1.13670,0.10230,0.00045,0.00009,
14.776,5.09625,0.01945,1.99779,1.27451,0.09910,0.00045,0.00009,
14.777,5.09625,0.02049,2.56696,0.70290,0.10443,0.00045,0.00009,
14.778,5.09500,0.02049,1.76866,0.56835,0.10441,0.00045,0.00009,
14.779,5.09625,0.01924,1.13833,1.50609,0.09804,0.00045,0.00009,
14.780,5.09500,0.01986,0.95731,1.13833,0.10121,0.00045,0.00009,
14.781,5.09500,0.02070,1.71728,1.02336,0.10547,0.00045,0.00009,
14.782,5.10125,0.02070,1.96925,0.45501,0.10560,0.00045,0.00009,
14.783,5.09875,0.01986,3.05621,0.02283,0.10128,0.00045,0.00009,
14.784,5.09625,0.02112,3.05621,0.02283,0.10763,0.00045,0.00009,
14.785,5.09625,0.02154,3.08039,0.04729,0.10976,0.00045,0.00009,
14.786,5.09625,0.01966,2.61319,0.79660,0.10017,0.00045,0.00009,
14.787,5.09500,0.01966,2.43056,0.95967,0.10014,0.00045,0.00009,
14.788,5.09750,0.01903,1.36245,1.79458,0.09700,0.00045,0.00009,
14.789,5.09875,0.02007,2.37348,0.86509,0.10235,0.00045,0.00009,
14.790,5.09750,0.01945,1.45621,0.68979,0.09913,0.00045,0.00009,
14.791,5.09875,0.01924,1.95684,1.37794,0.09809,0.00045,0.00009,
14.792,5.09500,0.02007,1.78072,2.80317,0.10227,0.00045,0.00009,
14.793,5.09625,0.01966,3.05511,0.00734,0.10017,0.00045,0.00009,
14.794,5.09875,0.01986,1.60216,2.84231,0.10128,0.00045,0.00009,
14.795,5.09875,0.02133,1.60216,2.84231,0.10875,0.00045,0.00009,
14.796,5.09625,0.02133,2.05433,1.98096,0.10869,0.00045,0.00009,
14.797,5.09625,0.02070,2.19047,0.47690,0.10550,0.00045,0.00009,
14.798,5.09750,0.02028,0.88043,1.34754,0.10339,0.00045,0.00009,
14.799,5.09750,0.02007,1.94835,2.14808,0.10233,0.00045,0.00009,
14.800,5.09875,0.02070,1.12744,1.50733,0.10555,0.00045,0.00009,
14.801,5.09875,0.01945,2.48476,0.90733,0.09915,0.00045,0.00009,
14.802,5.09750,0.02049,1.41113,1.53667,0.10446,0.00045,0.00009,
14.803,5.09375,0.02028,3.05378,0.00571,0.10331,0.00045,0.00009,
14.804,5.09625,0.02007,1.74129,1.37852,0.10230,0.00045,0.00009,
14.805,5.09625,0.02007,3.14345,0.00652,0.10230,0.00045,0.00009,
14.806,5.09625,0.01882,3.14345,0.00652,0.09591,0.00045,0.00009,
14.807,5.09500,0.02070,0.91141,1.30189,0.10547,0.00045,0.00009,
14.808,5.09625,0.01903,2.29727,1.04918,0.09697,0.00045,0.00009,
14.809,5.09875,0.01945,2.00053,1.15026,0.09915,0.00045,0.00009,
14.810,5.09625,0.01945,1.45515,1.97281,0.09910,0.00045,0.00009,
14.811,5.09500,0.02007,2.31928,1.06548,0.10227,0.00045,0.00009,
14.812,5.09875,0.01986,1.86765,1.48858,0.10128,0.00045,0.00009,
14.813,5.09750,0.02028,3.05623,0.00897,0.10339,0.00045,0.00009,
14.814,5.09750,0.01966,2.58259,2.85977,0.10019,0.00045,0.00009,
14.815,5.09875,0.01966,3.07743,0.01304,0.10022,0.00045,0.00009,
14.816,5.09500,0.01945,1.82771,1.46005,0.09908,0.00045,0.00009,
14.817,5.09500,0.01924,1.82771,1.46005,0.09801,0.00045,0.00009,
14.818,5.09750,0.01945,3.08152,0.11250,0.09913,0.00045,0.00009,
14.819,5.09750,0.01986,2.39919,0.83478,0.10126,0.00045,0.00009,
14.820,5.09875,0.01966,2.12690,1.04185,0.10022,0.00045,0.00009,
14.821,5.09875,0.02028,0.85516,1.17880,0.10342,0.00045,0.00009,
14.822,5.09875,0.02112,1.07446,1.77391,0.10768,0.00045,0.00009,
14.823,5.09875,0.01966,3.05381,0.02038,0.10022,0.00045,0.00009,
14.824,5.09750,0.01966,2.55489,1.76902,0.10019,0.00045,0.00009,
14.825,5.09625,0.02028,1.31984,0.00163,0.10337,0.00045,0.00009,
14.826,5.09750,0.02049,2.14402,1.15842,0.10446,0.00045,0.00009,
14.827,5.09750,0.02049,2.78968,2.43587,0.10446,0.00045,0.00009,
14.828,5.09875,0.02133,2.78968,2.43587,0.10875,0.00045,0.00009,
14.829,5.10250,0.02133,1.13398,0.24375,0.10883,0.00045,0.00009,
14.830,5.09750,0.01924,2.54677,2.53210,0.09806,0.00045,0.00009,
14.831,5.09750,0.02091,2.49541,1.18290,0.10659,0.00045,0.00009,
14.832,5.09750,0.02049,2.26552,1.07855,0.10446,0.00045,0.00009,
14.833,5.09500,0.02049,3.05384,0.02120,0.10441,0.00045,0.00009,
14.834,5.09750,0.01966,3.08156,0.18017,0.10019,0.00045,0.00009,
14.835,5.09875,0.02070,1.73236,0.00571,0.10555,0.00045,0.00009,
14.836,5.09625,0.02028,1.41034,0.00734,0.10337,0.00045,0.00009,
14.837,5.09625,0.01945,2.40003,1.82611,0.09910,0.00045,0.00009,
14.838,5.09625,0.02028,0.76713,1.33045,0.10337,0.00045,0.00009,
14.839,5.10125,0.01966,0.76713,1.33045,0.10027,0.00045,0.00009,
14.840,5.09625,0.02028,2.40414,1.60113,0.10337,0.00045,0.00009,
14.841,5.09625,0.02028,1.97369,2.01282,0.10337,0.00045,0.00009,
14.842,5.09875,0.02028,2.95932,2.72371,0.10342,0.00045,0.00009,
14.843,5.09875,0.01986,3.05062,0.00326,0.10128,0.00045,0.00009,
14.844,5.09875,0.01966,2.94220,2.68051,0.10022,0.00045,0.00009,
14.845,5.10000,0.01945,1.87994,0.00326,0.09918,0.00045,0.00009,
14.846,5.09750,0.01966,0.49485,1.25139,0.10019,0.00045,0.00009,
14.847,5.09500,0.02070,2.15875,1.96880,0.10547,0.00045,0.00009,
14.848,5.09500,0.01986,2.28593,1.62885,0.10121,0.00045,0.00009,
14.849,5.09500,0.01945,2.15223,1.48373,0.09908,0.00045,0.00009,
14.850,5.09500,0.02007,2.15223,1.48373,0.10227,0.00045,0.00009,
14.851,5.09875,0.02007,1.63470,1.86625,0.10235,0.00045,0.00009,
14.852,5.09875,0.02028,1.79205,1.48876,0.10342,0.00045,0.00009,
14.853,5.09875,0.02007,3.05497,0.00489,0.10235,0.00045,0.00009,
14.854,5.09500,0.01986,1.86706,1.28901,0.10121,0.00045,0.00009,
14.855,5.09375,0.01986,1.93555,0.00652,0.10118,0.00045,0.00009,
14.856,5.09625,0.02007,1.14062,1.29390,0.10230,0.00045,0.00009,
14.857,5.09750,0.02091,0.63105,1.44718,0.10659,0.00045,0.00009,
14.858,5.09875,0.02112,1.79776,0.00652,0.10768,0.00045,0.00009,
14.859,5.09875,0.02028,1.67791,2.80630,0.10342,0.00045,0.00009,
14.860,5.09750,0.02028,1.52626,0.00652,0.10339,0.00045,0.00009,
14.861,5.09750,0.02070,1.52626,0.00652,0.10552,0.00045,0.00009,
14.862,5.09875,0.02112,1.83444,1.32977,0.10768,0.00045,0.00009,
14.863,5.09750,0.01945,3.05252,0.01794,0.09913,0.00045,0.00009,
14.864,5.09875,0.02091,2.80711,2.80303,0.10661,0.00045,0.00009,
14.865,5.10000,0.02112,3.12997,0.00978,0.10771,0.00045,0.00009,
14.866,5.09625,0.01986,2.87315,1.92005,0.10123,0.00045,0.00009,
14.867,5.09625,0.01966,3.06556,0.01957,0.10017,0.00045,0.00009,
14.868,5.09625,0.02070,1.16100,1.24661,0.10550,0.00045,0.00009,
14.869,5.09500,0.02070,2.29020,0.00000,0.10547,0.00045,0.00009,
14.870,5.09750,0.02049,2.85603,2.78510,0.10446,0.00045,0.00009,
14.871,5.09625,0.01986,1.43576,1.81080,0.10123,0.00045,0.00009,
14.872,5.09750,0.01986,1.43576,1.81080,0.10126,0.00045,0.00009,
14.873,5.09625,0.01966,3.06068,0.00734,0.10017,0.00045,0.00009,
14.874,5.09875,0.01966,1.11045,1.74313,0.10022,0.00045,0.00009,
14.875,5.09625,0.01966,3.07046,0.02527,0.10017,0.00045,0.00009,
14.876,5.09750,0.02112,1.36075,2.03746,0.10765,0.00045,0.00009,
14.877,5.09750,0.02112,2.58943,2.84054,0.10765,0.00045,0.00009,
14.878,5.09875,0.02112,1.72601,0.00163,0.10768,0.00045,0.00009,
14.879,5.09625,0.02028,0.71258,1.77004,0.10337,0.00045,0.00009,
14.880,5.09625,0.02154,1.66813,0.60088,0.10976,0.00045,0.00009,
14.881,5.09500,0.02133,2.28613,1.06235,0.10867,0.00045,0.00009,
14.882,5.09750,0.02007,2.41658,1.19688,0.10233,0.00045,0.00009,
14.883,5.09500,0.02049,2.41658,1.19688,0.10441,0.00045,0.00009,
14.884,5.09625,0.02091,3.07293,0.04158,0.10656,0.00045,0.00009,
14.885,5.09750,0.02028,0.45413,0.95310,0.10339,0.00045,0.00009,
14.886,5.09750,0.02133,1.83283,1.30369,0.10872,0.00045,0.00009,
14.887,5.09625,0.02133,3.06803,0.04403,0.10869,0.00045,0.00009,
14.888,5.09750,0.02112,2.60004,2.11248,0.10765,0.00045,0.00009,
14.889,5.09625,0.02028,2.23886,1.59802,0.10337,0.00045,0.00009,
14.890,5.09875,0.02049,2.12471,1.04524,0.10448,0.00045,0.00009,
14.891,5.09625,0.01966,2.16793,0.49979,0.10017,0.00045,0.00009,
14.892,5.09750,0.02091,1.58660,2.81202,0.10659,0.00045,0.00009,
14.893,5.09750,0.02007,3.05744,0.00326,0.10233,0.00045,0.00009,
14.894,5.09750,0.02070,3.05744,0.00326,0.10552,0.00045,0.00009,
14.895,5.09750,0.02049,1.53037,0.14024,0.10446,0.00045,0.00009,
14.896,5.09750,0.02049,2.88463,0.93844,0.10446,0.00045,0.00009,
14.897,5.09750,0.01986,1.58663,2.79494,0.10126,0.00045,0.00009,
14.898,5.09750,0.01986,2.18834,0.00326,0.10126,0.00045,0.00009,
14.899,5.09625,0.01986,2.42641,1.87444,0.10123,0.00045,0.00009,
14.900,5.09375,0.01945,2.79820,2.44435,0.09905,0.00045,0.00009,
14.901,5.09625,0.02028,1.94211,1.39421,0.10337,0.00045,0.00009,
14.902,5.09375,0.02007,1.01101,1.85242,0.10225,0.00045,0.00009,
14.903,5.09375,0.01903,3.05584,0.02120,0.09692,0.00045,0.00009,
14.904,5.09375,0.02070,2.06359,1.36323,0.10545,0.00045,0.00009,
14.905,5.09625,0.02070,2.06359,1.36323,0.10550,0.00045,0.00009,
14.906,5.09875,0.01924,1.89482,2.43864,0.09809,0.00045,0.00009,
14.907,5.09750,0.01966,1.78067,1.55646,0.10019,0.00045,0.00009,
14.908,5.09875,0.01945,1.93640,2.73786,0.09915,0.00045,0.00009,
14.909,5.09625,0.02049,2.22747,2.93273,0.10443,0.00045,0.00009,
14.910,5.09750,0.01945,2.12066,1.86384,0.09913,0.00045,0.00009,
14.911,5.09250,0.01903,2.62535,0.75907,0.09690,0.00045,0.00009,
14.912,5.09750,0.01966,2.59518,1.83448,0.10019,0.00045,0.00009,
14.913,5.09750,0.02070,3.05421,0.00652,0.10552,0.00045,0.00009,
14.914,5.09875,0.02070,0.61883,1.42519,0.10555,0.00045,0.00009,
14.915,5.09875,0.02028,3.06970,0.02609,0.10342,0.00045,0.00009,
14.916,5.10000,0.02049,3.06970,0.02609,0.10451,0.00045,0.00009,
14.917,5.09750,0.02049,1.10885,1.42682,0.10446,0.00045,0.00009,
14.918,5.09750,0.01986,1.10885,1.42682,0.10126,0.00045,0.00009,
14.919,5.09625,0.01986,1.68039,0.00326,0.10123,0.00045,0.00009,
14.920,5.09625,0.02133,3.07379,0.03180,0.10869,0.00045,0.00009,
14.921,5.09625,0.01986,3.07134,0.02935,0.10123,0.00045,0.00009,
14.922,5.09625,0.02049,0.74276,2.03751,0.10443,0.00045,0.00009,
14.923,5.09875,0.02049,3.03791,0.00326,0.10448,0.00045,0.00009,
14.924,5.10125,0.02028,2.40930,1.62006,0.10347,0.00045,0.00009,
14.925,5.09625,0.02028,1.60457,0.00734,0.10337,0.00045,0.00009,
14.926,5.09750,0.01924,2.85283,2.31472,0.09806,0.00045,0.00009,
14.927,5.10000,0.01945,1.64370,2.68651,0.09918,0.00045,0.00009,
14.928,5.09625,0.02028,1.64370,2.68651,0.10337,0.00045,0.00009,
14.929,5.10000,0.01966,2.07663,0.00326,0.10024,0.00045,0.00009,
14.930,5.09625,0.01945,1.98776,1.38768,0.09910,0.00045,0.00009,
14.931,5.09625,0.02049,1.60048,0.79494,0.10443,0.00045,0.00009,
14.932,5.09625,0.02049,2.24540,1.02812,0.10443,0.00045,0.00009,
14.933,5.09625,0.02007,3.05910,0.02120,0.10230,0.00045,0.00009,
14.934,5.09500,0.01966,1.52873,1.77985,0.10014,0.00045,0.00009,
14.935,5.09375,0.02049,1.20586,1.31920,0.10438,0.00045,0.00009,
14.936,5.09750,0.01986,3.07948,0.07012,0.10126,0.00045,0.00009,
14.937,5.09875,0.01903,1.92172,2.38809,0.09702,0.00045,0.00009,
14.938,5.09625,0.02007,1.86791,1.25723,0.10230,0.00045,0.00009,
14.939,5.09250,0.01966,1.86791,1.25723,0.10010,0.00045,0.00009,
14.940,5.09750,0.01986,1.48712,1.66812,0.10126,0.00045,0.00009,
14.941,5.09750,0.01986,1.35341,1.89151,0.10126,0.00045,0.00009,
14.942,5.09625,0.01903,1.85564,1.40396,0.09697,0.00045,0.00009,
14.943,5.09750,0.02070,3.05577,0.02609,0.10552,0.00045,0.00009,
14.944,5.09750,0.02049,2.77368,2.37744,0.10446,0.00045,0.00009,
14.945,5.09625,0.01986,0.46799,1.01017,0.10123,0.00045,0.00009,
14.946,5.09750,0.02070,1.36564,1.48386,0.10552,0.00045,0.00009,
14.947,5.09625,0.02091,1.92576,2.23884,0.10656,0.00045,0.00009,
14.948,5.09875,0.01945,2.54213,2.24862,0.09915,0.00045,0.00009,
14.949,5.09875,0.02091,2.29998,1.04849,0.10661,0.00045,0.00009,
14.950,5.09875,0.02091,2.29998,1.04849,0.10661,0.00045,0.00009,
14.951,5.09875,0.02091,1.78058,2.68962,0.10661,0.00045,0.00009,
14.952,5.09625,0.02007,1.31994,0.00571,0.10230,0.00045,0.00009,
14.953,5.10125,0.02112,3.05731,0.00815,0.10773,0.00045,0.00009,
14.954,5.09750,0.02049,3.07933,0.12800,0.10446,0.00045,0.00009,
14.955,5.09500,0.02028,3.07280,0.03750,0.10334,0.00045,0.00009,
14.956,5.09625,0.02154,0.69870,1.38843,0.10976,0.00045,0.00009,
14.957,5.09625,0.01966,1.71780,2.58608,0.10017,0.00045,0.00009,
14.958,5.09875,0.01986,2.17436,0.42639,0.10128,0.00045,0.00009,
14.959,5.09875,0.01986,0.74517,2.04065,0.10128,0.00045,0.00009,
14.960,5.09625,0.01966,0.46879,0.99302,0.10017,0.00045,0.00009,
14.961,5.09750,0.02007,0.46879,0.99302,0.10233,0.00045,0.00009,
14.962,5.09875,0.01945,2.61621,0.01060,0.09915,0.00045,0.00009,
14.963,5.09875,0.01882,3.05564,0.00489,0.09595,0.00045,0.00009,
14.964,5.09500,0.01966,2.78660,2.41321,0.10014,0.00045,0.00009,
14.965,5.09625,0.02007,2.12786,0.00408,0.10230,0.00045,0.00009,
14.966,5.09875,0.01882,1.01828,1.13404,0.09595,0.00045,0.00009,
14.967,5.09875,0.01966,2.19716,1.90448,0.10022,0.00045,0.00009,
14.968,5.09875,0.02007,1.66153,1.70066,0.10235,0.00045,0.00009,
14.969,5.09625,0.02007,2.93824,2.76540,0.10230,0.00045,0.00009,
14.970,5.09750,0.01945,1.49113,0.00571,0.09913,0.00045,0.00009,
14.971,5.09750,0.02007,2.07487,2.67083,0.10233,0.00045,0.00009,
14.972,5.09250,0.02070,2.07487,2.67083,0.10542,0.00045,0.00009,
14.973,5.09375,0.02070,3.05808,0.01141,0.10545,0.00045,0.00009,
14.974,5.09750,0.02070,2.21590,1.35335,0.10552,0.00045,0.00009,
14.975,5.09625,0.02091,2.35531,0.00408,0.10656,0.00045,0.00009,
14.976,5.09500,0.02091,1.83110,2.56321,0.10654,0.00045,0.00009,
14.977,5.09500,0.02007,1.99333,0.74271,0.10227,0.00045,0.00009,
14.978,5.09500,0.02007,1.76913,0.00408,0.10227,0.00045,0.00009,
14.979,5.09875,0.02091,1.23432,1.74142,0.10661,0.00045,0.00009,
14.980,5.09875,0.02049,0.96691,1.20741,0.10448,0.00045,0.00009,
14.981,5.09500,0.02028,2.15476,1.47645,0.10334,0.00045,0.00009,
14.982,5.09625,0.02070,1.95991,0.00652,0.10550,0.00045,0.00009,
14.983,5.09750,0.02133,1.95991,0.00652,0.10872,0.00045,0.00009,
14.984,5.09750,0.02007,3.16896,0.00652,0.10233,0.00045,0.00009,
14.985,5.09500,0.02049,0.97180,1.28568,0.10441,0.00045,0.00009,
14.986,5.09500,0.02070,1.52619,1.70881,0.10547,0.00045,0.00009,
14.987,5.09625,0.02070,1.81561,0.54134,0.10550,0.00045,0.00009,
14.988,5.09375,0.01986,1.58815,2.85182,0.10118,0.00045,0.00009,
14.989,5.09625,0.01966,0.74679,1.69087,0.10017,0.00045,0.00009,
14.990,5.09625,0.01924,2.55017,2.03655,0.09804,0.00045,0.00009,
14.991,5.09625,0.02070,0.88131,0.94979,0.10550,0.00045,0.00009,
14.992,5.09750,0.02091,2.48413,1.94931,0.10659,0.00045,0.00009,
14.993,5.09750,0.01966,3.05319,0.00897,0.10019,0.00045,0.00009,
14.994,5.09875,0.02133,3.05319,0.00897,0.10875,0.00045,0.00009,
14.995,5.09875,0.02049,2.33494,0.21279,0.10448,0.00045,0.00009,
14.996,5.09750,0.02049,2.66268,2.21428,0.10446,0.00045,0.00009,
14.997,5.09625,0.01903,1.79360,2.42625,0.09697,0.00045,0.00009,
14.998,5.09500,0.02007,2.21591,1.87268,0.10227,0.00045,0.00009,
14.999,5.09500,0.02007,1.74142,0.00652,0.10227,0.00045,0.00009,
15.000,5.09875,0.01986,0.81853,1.51885,0.10128,0.00045,0.00009,
15.001,5.09750,0.02112,0.63999,2.02188,0.10765,0.00045,0.00009,
15.002,5.09625,0.02070,2.11156,2.95700,0.10550,0.00045,0.00009,
15.003,5.09625,0.01945,3.05238,0.00978,0.09910,0.00046,0.00009,
15.004,5.09625,0.01986,0.82343,1.16258,0.10123,0.00046,0.00009,
15.005,5.09875,0.01986,0.82343,1.16258,0.10128,0.00046,0.00009,
15.006,5.09750,0.02049,1.31993,0.00082,0.10446,0.00046,0.00009,
15.007,5.09750,0.02154,1.71371,2.80944,0.10979,0.00046,0.00009,
15.008,5.09750,0.01966,2.31213,1.69659,0.10019,0.00046,0.00009,
15.009,5.09750,0.02070,1.16666,0.14675,0.10552,0.00046,0.00009,
15.010,5.09750,0.02175,2.90402,2.73770,0.11085,0.00046,0.00009,
15.011,5.09750,0.02049,3.09316,0.71663,0.10446,0.00046,0.00009,
15.012,5.09875,0.02091,2.03819,1.99987,0.10661,0.00046,0.00009,
15.013,5.09875,0.02175,3.05484,0.00163,0.11088,0.00046,0.00009,
15.014,5.09625,0.02175,1.13813,1.44630,0.11082,0.00046,0.00009,
15.015,5.09750,0.01986,2.22897,2.40181,0.10126,0.00046,0.00009,
15.016,5.09750,0.02133,2.22897,2.40181,0.10872,0.00046,0.00009,
15.017,5.09750,0.02049,1.45527,0.00734,0.10446,0.00046,0.00009,
15.018,5.09750,0.01986,1.48380,0.87398,0.10126,0.00046,0.00009,
15.019,5.09750,0.02154,3.12496,0.00815,0.10979,0.00046,0.00009,
15.020,5.10000,0.02112,2.02433,0.00163,0.10771,0.00046,0.00009,
15.021,5.09875,0.01966,2.11809,0.00000,0.10022,0.00046,0.00009,
15.022,5.09875,0.01986,2.23793,1.10715,0.10128,0.00046,0.00009,
15.023,5.09500,0.01986,3.05403,0.01794,0.10121,0.00046,0.00009,
15.024,5.09500,0.01945,2.18902,0.00978,0.09908,0.00046,0.00009,
15.025,5.09625,0.02028,3.08093,1.80747,0.10337,0.00046,0.00009,
15.026,5.09500,0.01966,2.00477,0.00815,0.10014,0.00046,0.00009,
15.027,5.09875,0.02007,2.00477,0.00815,0.10235,0.00046,0.00009,
15.028,5.09875,0.02028,1.41043,1.67703,0.10342,0.00046,0.00009,
15.029,5.10125,0.02133,2.17843,0.42884,0.10880,0.00046,0.00009,
15.030,5.09375,0.01966,1.30363,0.00000,0.10012,0.00046,0.00009,
15.031,5.09375,0.02133,2.03494,1.31260,0.10864,0.00046,0.00009,
15.032,5.09625,0.02133,2.48416,1.65991,0.10869,0.00046,0.00009,
15.033,5.09875,0.02154,3.05404,0.01875,0.10981,0.00046,0.00009,
15.034,5.09750,0.02007,1.57186,1.76997,0.10233,0.00046,0.00009,
15.035,5.09625,0.02049,2.26811,0.00489,0.10443,0.00046,0.00009,
15.036,5.09625,0.02112,3.08583,0.19159,0.10763,0.00046,0.00009,
15.037,5.09875,0.02007,2.48253,1.66969,0.10235,0.00046,0.00009,
15.038,5.09625,0.02154,2.48253,1.66969,0.10976,0.00046,0.00009,
15.039,5.09750,0.02154,1.96074,2.73689,0.10979,0.00046,0.00009,
15.040,5.09750,0.02091,2.83309,2.18658,0.10659,0.00046,0.00009,
15.041,5.10000,0.02091,2.66107,1.92976,0.10664,0.00046,0.00009,
15.042,5.09375,0.02049,1.72513,0.58782,0.10438,0.00046,0.00009,
15.043,5.09750,0.02112,3.05240,0.00408,0.10765,0.00046,0.00009,
15.044,5.09500,0.01945,2.47845,2.96924,0.09908,0.00046,0.00009,
15.045,5.09750,0.02196,3.08583,0.16795,0.11192,0.00046,0.00009,
15.046,5.09625,0.01966,2.46459,0.88458,0.10017,0.00046,0.00009,
15.047,5.09875,0.01945,1.43000,1.65094,0.09915,0.00046,0.00009,
15.048,5.09750,0.02049,2.13032,0.42231,0.10446,0.00046,0.00009,
15.049,5.09750,0.02028,2.13032,0.42231,0.10339,0.00046,0.00009,
15.050,5.09625,0.02028,1.58734,0.00489,0.10337,0.00046,0.00009,
15.051,5.09625,0.02007,1.89796,2.99858,0.10230,0.00046,0.00009,
15.052,5.09750,0.02007,1.17807,1.66969,0.10233,0.00046,0.00009,
15.053,5.09625,0.02049,3.05647,0.00489,0.10443,0.00046,0.00009,
15.054,5.09625,0.01903,1.89796,1.46913,0.09697,0.00046,0.00009,
15.055,5.09625,0.02049,2.39691,0.00326,0.10443,0.00046,0.00009,
15.056,5.09750,0.02007,1.70963,0.00082,0.10233,0.00046,0.00009,
15.057,5.09750,0.02091,2.76460,2.14418,0.10659,0.00046,0.00009,
15.058,5.09750,0.02133,1.87758,2.27951,0.10872,0.00046,0.00009,
15.059,5.09875,0.02133,3.09805,0.00897,0.10875,0.00046,0.00009,
15.060,5.09750,0.01966,3.09805,0.00897,0.10019,0.00046,0.00009,
15.061,5.09750,0.02154,3.07766,0.05952,0.10979,0.00046,0.00009,
15.062,5.09750,0.02091,1.59305,0.92534,0.10659,0.00046,0.00009,
15.063,5.10000,0.02007,3.05076,0.02283,0.10238,0.00046,0.00009,
15.064,5.09500,0.02112,2.05286,2.96189,0.10760,0.00046,0.00009,
15.065,5.09625,0.02196,1.62566,0.99953,0.11189,0.00046,0.00009,
15.066,5.09500,0.02007,0.79815,1.49848,0.10227,0.00046,0.00009,
15.067,5.09500,0.02091,0.69706,1.84823,0.10654,0.00046,0.00009,
15.068,5.09875,0.02091,2.31049,1.33705,0.10661,0.00046,0.00009,
15.069,5.09750,0.02028,1.46179,0.00734,0.10339,0.00046,0.00009,
15.070,5.09500,0.01986,1.66235,1.12671,0.10121,0.00046,0.00009,
15.071,5.09500,0.02007,1.66235,1.12671,0.10227,0.00046,0.00009,
15.072,5.09750,0.02070,2.35207,0.00978,0.10552,0.00046,0.00009,
15.073,5.09875,0.01924,3.05158,0.00489,0.09809,0.00046,0.00009,
15.074,5.09500,0.02028,0.86175,1.02888,0.10334,0.00046,0.00009,
15.075,5.09625,0.01986,1.61180,0.00897,0.10123,0.00046,0.00009,
15.076,5.09625,0.02049,1.73002,1.96645,0.10443,0.00046,0.00009,
15.077,5.10000,0.02049,1.03214,1.12264,0.10451,0.00046,0.00009,
15.078,5.09625,0.01924,1.77404,0.01223,0.09804,0.00046,0.00009,
15.079,5.09625,0.02070,3.07604,0.06522,0.10550,0.00046,0.00009,
15.080,5.09750,0.02028,3.07604,0.06522,0.10339,0.00046,0.00009,
15.081,5.09375,0.01840,0.56580,0.95958,0.09373,0.00046,0.00009,
15.082,5.09625,0.01966,1.51642,0.00978,0.10017,0.00046,0.00009,
15.083,5.09625,0.02154,1.51642,0.00978,0.10976,0.00046,0.00009,
15.084,5.09875,0.01986,3.07033,0.00734,0.10128,0.00046,0.00009,
15.085,5.09875,0.01986,2.15478,0.00245,0.10128,0.00046,0.00009,
15.086,5.09875,0.01986,2.27544,0.94328,0.10128,0.00046,0.00009,
15.087,5.09500,0.02049,2.08222,0.00652,0.10441,0.00046,0.00009,
15.088,5.09625,0.02154,0.81854,1.15362,0.10976,0.00046,0.00009,
15.089,5.09625,0.01986,1.43000,0.00652,0.10123,0.00046,0.00009,
15.090,5.09500,0.02070,1.45853,0.00489,0.10547,0.00046,0.00009,
15.091,5.09625,0.02133,2.75074,2.40670,0.10869,0.00046,0.00009,
15.092,5.09375,0.01966,1.94851,0.00408,0.10012,0.00046,0.00009,
15.093,5.09625,0.01903,3.05321,0.00326,0.09697,0.00046,0.00009,
15.094,5.09625,0.02070,3.05321,0.00326,0.10550,0.00046,0.00009,
15.095,5.09625,0.02070,3.07600,1.81886,0.10550,0.00046,0.00009,
15.096,5.09625,0.01966,1.37780,1.13648,0.10017,0.00046,0.00009,
15.097,5.09625,0.02007,2.04469,2.17595,0.10230,0.00046,0.00009,
15.098,5.09500,0.02112,1.48053,1.43487,0.10760,0.00046,0.00009,
15.099,5.09500,0.01966,2.22242,0.00163,0.10014,0.00046,0.00009,
15.100,5.09750,0.02028,1.12018,1.74060,0.10339,0.00046,0.00009,
15.101,5.09625,0.02091,0.88212,0.98403,0.10656,0.00046,0.00009,
15.102,5.09625,0.02028,1.94686,0.81690,0.10337,0.00046,0.00009,
15.103,5.09500,0.02007,3.05481,0.02609,0.10227,0.00046,0.00009,
15.104,5.09500,0.01924,3.15019,0.00897,0.09801,0.00046,0.00009,
15.105,5.09625,0.01924,3.15019,0.00897,0.09804,0.00046,0.00009,
15.106,5.09500,0.02091,2.17178,0.01304,0.10654,0.00046,0.00009,
15.107,5.09875,0.01986,2.65929,0.00326,0.10128,0.00046,0.00009,
15.108,5.09375,0.01986,1.77150,1.15029,0.10118,0.00046,0.00009,
15.109,5.09625,0.01966,3.08484,0.19239,0.10017,0.00046,0.00009,
15.110,5.09875,0.01966,2.75385,2.11960,0.10022,0.00046,0.00009,
15.111,5.09750,0.02028,2.12531,0.00978,0.10339,0.00046,0.00009,
15.112,5.09750,0.02091,2.59081,1.81471,0.10659,0.00046,0.00009,
15.113,5.09750,0.02049,3.05630,0.00408,0.10446,0.00046,0.00009,
15.114,5.09625,0.02049,1.64188,3.03103,0.10443,0.00046,0.00009,
15.115,5.09625,0.02007,0.93589,0.49158,0.10230,0.00046,0.00009,
15.116,5.09750,0.01986,0.93589,0.49158,0.10126,0.00046,0.00009,
15.117,5.09750,0.01986,3.09361,0.24374,0.10126,0.00046,0.00009,
15.118,5.09875,0.01986,2.13496,2.94851,0.10128,0.00046,0.00009,
15.119,5.09500,0.02049,1.39559,0.00000,0.10441,0.00046,0.00009,
15.120,5.09750,0.02154,3.06753,0.01875,0.10979,0.00046,0.00009,
15.121,5.09875,0.02133,3.09198,0.53476,0.10875,0.00046,0.00009,
15.122,5.09875,0.01986,2.18224,0.00000,0.10128,0.00046,0.00009,
15.123,5.09625,0.01986,3.04878,0.00326,0.10123,0.00046,0.00009,
15.124,5.09750,0.02070,1.86106,1.18609,0.10552,0.00046,0.00009,
15.125,5.09750,0.02091,2.41783,0.00489,0.10659,0.00046,0.00009,
15.126,5.09750,0.01966,0.46058,1.41271,0.10019,0.00046,0.00009,
15.127,5.09750,0.02091,0.46058,1.41271,0.10659,0.00046,0.00009,
15.128,5.09625,0.02133,1.90997,0.03505,0.10869,0.00046,0.00009,
15.129,5.09500,0.01986,1.30429,1.58961,0.10121,0.00046,0.00009,
15.130,5.09750,0.02070,3.09199,0.30814,0.10552,0.00046,0.00009,
15.131,5.09750,0.02112,1.99964,0.00082,0.10765,0.00046,0.00009,
15.132,5.09750,0.02112,2.16920,0.00897,0.10765,0.00046,0.00009,
15.133,5.09500,0.01986,3.05531,0.01467,0.10121,0.00046,0.00009,
15.134,5.09500,0.02007,0.87469,1.37440,0.10227,0.00046,0.00009,
15.135,5.09875,0.01986,2.18550,0.00326,0.10128,0.00046,0.00009,
15.136,5.10000,0.01966,1.26435,0.02446,0.10024,0.00046,0.00009,
15.137,5.09750,0.02007,1.95888,0.00163,0.10233,0.00046,0.00009,
15.138,5.09875,0.01945,1.95888,0.00163,0.09915,0.00046,0.00009,
15.139,5.09750,0.01986,3.08140,0.08804,0.10126,0.00046,0.00009,
15.140,5.09750,0.02007,2.08117,1.38500,0.10233,0.00046,0.00009,
15.141,5.09375,0.02007,1.06871,1.38092,0.10225,0.00046,0.00009,
15.142,5.09625,0.02049,1.70292,2.83440,0.10443,0.00046,0.00009,
15.143,5.09625,0.02070,3.04879,0.01630,0.10550,0.00046,0.00009,
15.144,5.10000,0.01882,2.93140,2.67136,0.09598,0.00046,0.00009,
15.145,5.10000,0.02028,1.48119,0.00652,0.10344,0.00046,0.00009,
15.146,5.09625,0.02028,1.83090,0.14347,0.10337,0.00046,0.00009,
15.147,5.09625,0.01986,1.13800,0.23966,0.10123,0.00046,0.00009,
15.148,5.09625,0.01966,1.88960,0.00734,0.10017,0.00046,0.00009,
15.149,5.09625,0.02112,1.88960,0.00734,0.10763,0.00046,0.00009,
15.150,5.09875,0.02112,3.08547,0.19483,0.10768,0.00046,0.00009,
15.151,5.09875,0.02007,1.09316,0.33749,0.10235,0.00046,0.00009,
15.152,5.09500,0.02028,1.95889,0.00652,0.10334,0.00046,0.00009,
15.153,5.09625,0.02049,3.05042,0.01956,0.10443,0.00046,0.00009,
15.154,5.09625,0.02028,1.84721,2.50995,0.10337,0.00046,0.00009,
15.155,5.09750,0.02112,1.32712,0.00652,0.10765,0.00046,0.00009,
15.156,5.09500,0.02049,1.75183,0.00326,0.10441,0.00046,0.00009,
15.157,5.09875,0.02049,0.73693,1.43880,0.10448,0.00046,0.00009,
15.158,5.09875,0.01945,3.07569,0.09130,0.09915,0.00046,0.00009,
15.159,5.09625,0.01945,1.84965,0.00815,0.09910,0.00046,0.00009,
15.160,5.09625,0.02007,1.84965,0.00815,0.10230,0.00046,0.00009,
15.161,5.09625,0.02049,3.07081,0.00815,0.10443,0.00046,0.00009,
15.162,5.09500,0.01945,2.14313,1.85455,0.09908,0.00046,0.00009,
15.163,5.09875,0.01966,3.05043,0.00815,0.10022,0.00046,0.00009,
15.164,5.09875,0.02070,0.97170,1.18039,0.10555,0.00046,0.00009,
15.165,5.09625,0.01986,0.65786,1.94259,0.10123,0.00046,0.00009,
15.166,5.09625,0.01986,2.16106,0.00978,0.10123,0.00046,0.00009,
15.167,5.09625,0.01986,1.49016,0.00326,0.10123,0.00046,0.00009,
15.168,5.09625,0.01986,3.06348,0.01630,0.10123,0.00046,0.00009,
15.169,5.09750,0.01986,2.16269,0.00163,0.10126,0.00046,0.00009,
15.170,5.09750,0.01840,2.17655,0.00652,0.09380,0.00046,0.00009,
15.171,5.09875,0.01966,2.17655,0.00652,0.10022,0.00046,0.00009,
15.172,5.09875,0.01986,1.59207,2.22629,0.10128,0.00046,0.00009,
15.173,5.09750,0.01966,3.05045,0.00163,0.10019,0.00046,0.00009,
15.174,5.09375,0.02007,1.69315,0.00163,0.10225,0.00046,0.00009,
15.175,5.09750,0.02112,1.42251,0.00326,0.10765,0.00046,0.00009,
15.176,5.09750,0.02049,2.09749,0.00245,0.10446,0.00046,0.00009,
15.177,5.09625,0.02049,2.02575,0.00408,0.10443,0.00046,0.00009,
15.178,5.09875,0.01986,2.39340,0.00000,0.10128,0.00046,0.00009,
15.179,5.09500,0.02133,1.90184,0.01141,0.10867,0.00046,0.00009,
15.180,5.10125,0.02049,1.88309,0.00652,0.10453,0.00046,0.00009,
15.181,5.09500,0.02049,3.07653,0.06277,0.10441,0.00046,0.00009,
15.182,5.09750,0.02112,3.07653,0.06277,0.10765,0.00046,0.00009,
15.183,5.09250,0.02133,3.05372,0.02120,0.10861,0.00046,0.00009,
15.184,5.09875,0.01966,2.38363,1.83174,0.10022,0.00046,0.00009,
15.185,5.09875,0.01966,1.94342,0.00326,0.10022,0.00046,0.00009,
15.186,5.09875,0.01966,1.73066,0.00326,0.10022,0.00046,0.00009,
15.187,5.09625,0.01903,3.15154,0.00489,0.09697,0.00046,0.00009,
15.188,5.09250,0.02049,2.03880,0.00978,0.10435,0.00046,0.00009,
15.189,5.09625,0.01903,2.11461,0.00000,0.09697,0.00046,0.00009,
15.190,5.09750,0.02007,2.00701,0.00978,0.10233,0.00046,0.00009,
15.191,5.09500,0.02049,3.06513,0.01223,0.10441,0.00046,0.00009,
15.192,5.09500,0.01945,2.02250,0.00000,0.09908,0.00046,0.00009,
15.193,5.09500,0.02028,2.02250,0.00000,0.10334,0.00046,0.00009,
15.194,5.09875,0.02049,3.07899,0.05951,0.10448,0.00046,0.00009,
15.195,5.09875,0.02049,1.68337,2.82709,0.10448,0.00046,0.00009,
15.196,5.10000,0.02049,1.79343,0.00082,0.10451,0.00046,0.00009,
15.197,5.10250,0.02028,1.87739,2.39422,0.10349,0.00046,0.00009,
15.198,5.09625,0.02049,1.30675,0.00000,0.10443,0.00046,0.00009,
15.199,5.09875,0.02112,3.08469,0.34646,0.10768,0.00046,0.00009,
15.200,5.09625,0.02028,0.61384,1.01899,0.10337,0.00046,0.00009,
15.201,5.09625,0.02133,3.06350,0.01875,0.10869,0.00046,0.00009,
15.202,5.10125,0.02091,2.12195,0.00652,0.10667,0.00046,0.00009,
15.203,5.10125,0.02049,3.05453,0.02853,0.10453,0.00046,0.00009,
15.204,5.09625,0.02049,3.05453,0.02853,0.10443,0.00046,0.00009,
15.205,5.09500,0.02049,0.63341,1.49262,0.10441,0.00046,0.00009,
15.206,5.09750,0.02070,3.07736,0.14510,0.10552,0.00046,0.00009,
15.207,5.10125,0.02049,3.06432,0.00897,0.10453,0.00046,0.00009,
15.208,5.09875,0.02070,1.87413,0.00000,0.10555,0.00046,0.00009,
15.209,5.09750,0.02070,1.74859,0.01549,0.10552,0.00046,0.00009,
15.210,5.09750,0.01966,0.53640,1.19426,0.10019,0.00046,0.00009,
15.211,5.09625,0.02028,1.61001,0.00000,0.10337,0.00046,0.00009,
15.212,5.09625,0.02028,1.34344,0.00652,0.10337,0.00046,0.00009,
15.213,5.09500,0.02028,3.05617,1.72006,0.10334,0.00046,0.00009,
15.214,5.09500,0.02028,1.63039,1.83011,0.10334,0.00046,0.00009,
15.215,5.09500,0.02028,1.63039,1.83011,0.10334,0.00046,0.00009,
15.216,5.09750,0.02112,2.73827,2.21654,0.10765,0.00046,0.00009,
15.217,5.10000,0.02070,2.19779,0.00897,0.10557,0.00046,0.00009,
15.218,5.09875,0.01945,1.73231,0.00163,0.09915,0.00046,0.00009,
15.219,5.09625,0.02049,1.81138,0.00489,0.10443,0.00046,0.00009,
15.220,5.09875,0.02007,2.09426,0.00163,0.10235,0.00046,0.00009,
15.221,5.09875,0.02007,3.19560,0.00326,0.10235,0.00046,0.00009,
15.222,5.09500,0.02007,3.06761,0.02364,0.10227,0.00046,0.00009,
15.223,5.09625,0.01924,3.05212,0.02527,0.09804,0.00046,0.00009,
15.224,5.09875,0.02028,1.84888,1.37606,0.10342,0.00046,0.00009,
15.225,5.09625,0.01966,0.63260,1.44535,0.10017,0.00046,0.00009,
15.226,5.09750,0.02028,0.63260,1.44535,0.10339,0.00046,0.00009,
15.227,5.09750,0.02028,3.07825,1.88559,0.10339,0.00046,0.00009,
15.228,5.09875,0.02070,1.92390,0.00489,0.10555,0.00046,0.00009,
15.229,5.09625,0.01903,2.22879,0.00571,0.09697,0.00046,0.00009,
15.230,5.09625,0.01903,0.54375,0.95217,0.09697,0.00046,0.00009,
15.231,5.09625,0.01903,1.56439,0.00489,0.09697,0.00046,0.00009,
15.232,5.09750,0.01986,0.87554,1.34755,0.10126,0.00046,0.00009,
15.233,5.09750,0.01966,3.04971,0.01467,0.10019,0.00046,0.00009,
15.234,5.09875,0.02007,0.69945,1.39483,0.10235,0.00046,0.00009,
15.235,5.09750,0.02049,1.09891,0.35625,0.10446,0.00046,0.00009,
15.236,5.09625,0.01986,0.84212,0.77527,0.10123,0.00046,0.00009,
15.237,5.09875,0.02049,0.84212,0.77527,0.10448,0.00046,0.00009,
15.238,5.09750,0.02070,0.96196,0.43940,0.10552,0.00046,0.00009,
15.239,5.09875,0.02007,1.97690,0.00245,0.10235,0.00046,0.00009,
15.240,5.09875,0.01986,1.73152,0.00408,0.10128,0.00046,0.00009,
15.241,5.09750,0.01986,2.42690,0.01141,0.10126,0.00046,0.00009,
15.242,5.09625,0.02133,2.42690,0.01141,0.10869,0.00046,0.00009,
15.243,5.09875,0.02154,1.34022,1.61250,0.10981,0.00046,0.00009,
15.244,5.09750,0.01966,0.92120,1.71440,0.10019,0.00046,0.00009,
15.245,5.09875,0.02070,1.72908,1.09728,0.10555,0.00046,0.00009,
15.246,5.09625,0.02133,1.86114,0.10272,0.10869,0.00046,0.00009,
15.247,5.09625,0.01966,1.44212,0.00000,0.10017,0.00046,0.00009,
15.248,5.09625,0.02112,1.70462,1.29130,0.10763,0.00046,0.00009,
15.249,5.09625,0.02112,1.70462,1.29130,0.10763,0.00046,0.00009,
15.250,5.10000,0.02112,2.96415,1.14050,0.10771,0.00046,0.00009,
15.251,5.09500,0.01945,1.88969,0.01060,0.09908,0.00046,0.00009,
15.252,5.09625,0.01986,1.80083,0.00245,0.10123,0.00046,0.00009,
15.253,5.09625,0.01882,3.05464,0.00734,0.09591,0.00046,0.00009,
15.254,5.09500,0.02112,1.35164,0.00652,0.10760,0.00046,0.00009,
15.255,5.09750,0.01945,3.06279,0.01467,0.09913,0.00046,0.00009,
15.256,5.09625,0.02028,1.48697,0.00082,0.10337,0.00046,0.00009,
15.257,5.09750,0.02049,2.88997,0.00245,0.10446,0.00046,0.00009,
15.258,5.09750,0.01945,1.98181,1.27908,0.09913,0.00046,0.00009,
15.259,5.09750,0.01945,1.68017,1.28479,0.09913,0.00046,0.00009,
15.260,5.09500,0.02049,1.68017,1.28479,0.10441,0.00046,0.00009,
15.261,5.09750,0.02091,3.07745,0.07500,0.10659,0.00046,0.00009,
15.262,5.10000,0.02007,1.78370,1.01821,0.10238,0.00046,0.00009,
15.263,5.09750,0.01945,3.05381,0.02201,0.09913,0.00046,0.00009,
15.264,5.09875,0.02070,0.61223,0.82337,0.10555,0.00046,0.00009,
15.265,5.10000,0.02028,1.73071,0.00652,0.10344,0.00046,0.00009,
15.266,5.09625,0.02049,0.45978,0.90815,0.10443,0.00046,0.00009,
15.267,5.09625,0.02112,0.69783,1.84158,0.10763,0.00046,0.00009,
15.268,5.10000,0.02112,3.18016,0.00489,0.10771,0.00046,0.00009,
15.269,5.09750,0.02049,0.66440,1.49837,0.10446,0.00046,0.00009,
15.270,5.09625,0.02070,2.25000,0.00571,0.10550,0.00046,0.00009,
15.271,5.09875,0.02049,2.25000,0.00571,0.10448,0.00046,0.00009,
15.272,5.10000,0.02007,3.08555,0.14266,0.10238,0.00046,0.00009,
15.273,5.09750,0.02007,3.05865,0.00897,0.10233,0.00046,0.00009,
15.274,5.09750,0.02133,1.57742,0.00652,0.10872,0.00046,0.00009,
15.275,5.09875,0.02112,3.07251,0.02364,0.10768,0.00046,0.00009,
15.276,5.09875,0.02070,1.80976,0.00489,0.10555,0.00046,0.00009,
15.277,5.09625,0.02070,1.49346,0.00489,0.10550,0.00046,0.00009,
15.278,5.09750,0.02049,2.99262,0.95787,0.10446,0.00046,0.00009,
15.279,5.09500,0.02175,1.58884,0.00082,0.11080,0.00046,0.00009,
15.280,5.09500,0.02028,2.33149,0.00082,0.10334,0.00046,0.00009,
15.281,5.09500,0.02070,3.08718,0.28206,0.10547,0.00046,0.00009,
15.282,5.10000,0.02091,3.08718,0.28206,0.10664,0.00046,0.00009,
15.283,5.09625,0.02049,3.05455,0.02038,0.10443,0.00046,0.00009,
15.284,5.09750,0.01924,1.41845,0.00571,0.09806,0.00046,0.00009,
15.285,5.09750,0.01966,1.02307,1.58312,0.10019,0.00046,0.00009,
15.286,5.09625,0.01966,3.08145,1.86517,0.10017,0.00046,0.00009,
15.287,5.09500,0.02028,1.38584,1.54236,0.10334,0.00046,0.00009,
15.288,5.09875,0.02049,3.07574,1.86680,0.10448,0.00046,0.00009,
15.289,5.09625,0.02028,3.07004,0.02446,0.10337,0.00046,0.00009,
15.290,5.09750,0.02070,2.63717,0.72064,0.10552,0.00046,0.00009,
15.291,5.09750,0.02133,1.92142,0.00408,0.10872,0.00046,0.00009,
15.292,5.09750,0.02007,3.07167,0.04810,0.10233,0.00046,0.00009,
15.293,5.09750,0.02112,3.07167,0.04810,0.10765,0.00046,0.00009,
15.294,5.09750,0.02070,0.36521,1.79507,0.10552,0.00046,0.00009,
15.295,5.09750,0.02070,0.96194,1.30921,0.10552,0.00046,0.00009,
15.296,5.09875,0.01966,3.08472,0.01712,0.10022,0.00046,0.00009,
15.297,5.09750,0.02091,1.94996,0.01467,0.10659,0.00046,0.00009,
15.298,5.09875,0.02070,3.07249,0.05217,0.10555,0.00046,0.00009,
15.299,5.09625,0.02007,3.07005,0.04321,0.10230,0.00046,0.00009,
15.300,5.09625,0.02112,2.02170,0.03587,0.10763,0.00046,0.00009,
15.301,5.09750,0.02070,3.07086,0.01467,0.10552,0.00046,0.00009,
15.302,5.09750,0.01986,0.68884,1.50894,0.10126,0.00046,0.00009,
15.303,5.09750,0.02091,3.04722,0.01956,0.10659,0.00046,0.00009,
15.304,5.10125,0.02091,3.04722,0.01956,0.10667,0.00046,0.00009,
15.305,5.09875,0.02070,2.17251,2.45701,0.10555,0.00046,0.00009,
15.306,5.09750,0.02028,2.73011,2.23528,0.10339,0.00046,0.00009,
15.307,5.09500,0.02007,3.04314,1.06139,0.10227,0.00046,0.00009,
15.308,5.09625,0.02049,2.74804,0.00978,0.10443,0.00046,0.00009,
15.309,5.09500,0.01966,3.06678,0.02038,0.10014,0.00046,0.00009,
15.310,5.09625,0.02070,3.07412,0.08478,0.10550,0.00046,0.00009,
15.311,5.09875,0.02007,3.06760,0.00978,0.10235,0.00046,0.00009,
15.312,5.09875,0.02007,1.74942,0.00815,0.10235,0.00046,0.00009,
15.313,5.09875,0.02007,3.05456,0.01467,0.10235,0.00046,0.00009,
15.314,5.09625,0.01966,3.17602,0.00082,0.10017,0.00046,0.00009,
15.315,5.09750,0.02196,3.17602,0.00082,0.11192,0.00046,0.00009,
15.316,5.09875,0.01966,3.08799,0.18913,0.10022,0.00046,0.00009,
15.317,5.09750,0.02007,2.65185,2.21898,0.10233,0.00046,0.00009,
15.318,5.09750,0.02007,3.08228,0.14103,0.10233,0.00046,0.00009,
15.319,5.09750,0.02028,3.06598,0.02120,0.10339,0.00046,0.00009,
15.320,5.10125,0.01966,3.06598,0.01956,0.10027,0.00046,0.00009,
15.321,5.10125,0.01945,3.08799,0.26983,0.09920,0.00046,0.00009,
15.322,5.09750,0.01945,3.06353,0.01467,0.09913,0.00046,0.00009,
15.323,5.09625,0.01924,3.05538,1.36302,0.09804,0.00046,0.00009,
15.324,5.09500,0.02007,3.15728,0.01060,0.10227,0.00046,0.00009,
15.325,5.09500,0.01882,1.52850,0.00163,0.09588,0.00046,0.00009,
15.326,5.09500,0.01945,1.52850,0.00163,0.09908,0.00046,0.00009,
15.327,5.09625,0.02028,3.06925,0.02038,0.10337,0.00046,0.00009,
15.328,5.09875,0.01966,1.33775,0.00408,0.10022,0.00046,0.00009,
15.329,5.09500,0.01924,2.08693,0.00082,0.09801,0.00046,0.00009,
15.330,5.09500,0.02133,3.08148,0.18913,0.10867,0.00046,0.00009,
15.331,5.09625,0.02133,3.06925,0.01630,0.10869,0.00046,0.00009,
15.332,5.09875,0.02049,0.96357,1.20976,0.10448,0.00046,0.00009,
15.333,5.09625,0.02007,3.05050,0.02364,0.10230,0.00046,0.00009,
15.334,5.09375,0.02070,3.03093,0.89754,0.10545,0.00046,0.00009,
15.335,5.09750,0.02133,1.39237,0.00326,0.10872,0.00046,0.00009,
15.336,5.09750,0.01966,1.23504,1.16900,0.10019,0.00046,0.00009,
15.337,5.09875,0.02133,1.23504,1.16900,0.10875,0.00046,0.00009,
15.338,5.09500,0.02070,2.12852,2.24835,0.10547,0.00046,0.00009,
15.339,5.09500,0.02007,2.28259,0.00245,0.10227,0.00046,0.00009,
15.340,5.09625,0.02007,3.07661,0.12310,0.10230,0.00046,0.00009,
15.341,5.09750,0.02112,3.08150,0.16712,0.10765,0.00046,0.00009,
15.342,5.09875,0.02154,1.47961,1.38912,0.10981,0.00046,0.00009,
15.343,5.09500,0.02028,3.05052,0.01712,0.10334,0.00046,0.00009,
15.344,5.10000,0.02070,3.07416,1.85705,0.10557,0.00046,0.00009,
15.345,5.09875,0.02049,0.78423,1.14293,0.10448,0.00046,0.00009,
15.346,5.09625,0.01986,1.76004,1.63124,0.10123,0.00046,0.00009,
15.347,5.09375,0.02007,0.82499,1.52771,0.10225,0.00046,0.00009,
15.348,5.09375,0.02028,0.82499,1.52771,0.10331,0.00046,0.00009,
15.349,5.09875,0.02028,1.76167,1.41113,0.10342,0.00046,0.00009,
15.350,5.09875,0.01945,3.06682,0.01141,0.09915,0.00046,0.00009,
15.351,5.09625,0.01986,3.03748,0.00734,0.10123,0.00047,0.00009,
15.352,5.09875,0.01966,1.93287,0.00000,0.10022,0.00047,0.00009,
15.353,5.09625,0.02007,3.05215,0.01141,0.10230,0.00047,0.00009,
15.354,5.09750,0.01903,1.39564,2.60949,0.09700,0.00047,0.00009,
15.355,5.09625,0.01945,2.21737,0.00489,0.09910,0.00047,0.00009,
15.356,5.09875,0.02091,2.25813,0.00082,0.10661,0.00047,0.00009,
15.357,5.09875,0.02112,0.72309,1.46004,0.10768,0.00047,0.00009,
15.358,5.09500,0.02112,3.19481,0.00489,0.10760,0.00047,0.00009,
15.359,5.09625,0.01903,3.19481,0.00489,0.09697,0.00047,0.00009,
15.360,5.09375,0.02070,1.35651,1.47064,0.10545,0.00047,0.00009,
15.361,5.09375,0.02133,3.08640,0.19565,0.10864,0.00047,0.00009,
15.362,5.09875,0.02007,1.78858,0.00489,0.10235,0.00047,0.00009,
15.363,5.09625,0.02154,3.05053,0.08315,0.10976,0.00047,0.00009,
15.364,5.09875,0.02133,3.08150,0.12065,0.10875,0.00047,0.00009,
15.365,5.09625,0.01986,2.31113,0.00326,0.10123,0.00047,0.00009,
15.366,5.09625,0.02154,1.97444,0.00897,0.10976,0.00047,0.00009,
15.367,5.09875,0.02154,0.83070,1.14130,0.10981,0.00047,0.00009,
15.368,5.10125,0.02070,0.79320,2.19618,0.10560,0.00047,0.00009,
15.369,5.09875,0.02070,2.34618,0.00978,0.10555,0.00047,0.00009,
15.370,5.09500,0.02028,2.34618,0.00978,0.10334,0.00047,0.00009,
15.371,5.09625,0.02112,1.27580,2.40487,0.10763,0.00047,0.00009,
15.372,5.09625,0.02007,0.55271,1.23341,0.10230,0.00047,0.00009,
15.373,5.09625,0.02175,3.05378,2.44237,0.11082,0.00047,0.00009,
15.374,5.09625,0.02091,3.09128,0.56820,0.10656,0.00047,0.00009,
15.375,5.09625,0.02007,1.35407,0.00326,0.10230,0.00047,0.00009,
15.376,5.09625,0.02007,3.08231,0.12391,0.10230,0.00047,0.00009,
15.377,5.09750,0.02007,2.62579,2.70487,0.10233,0.00047,0.00009,
15.378,5.09625,0.02091,3.08068,0.18098,0.10656,0.00047,0.00009,
15.379,5.09875,0.02007,3.06764,0.03098,0.10235,0.00047,0.00009,
15.380,5.09625,0.01945,3.08802,0.32282,0.09910,0.00047,0.00009,
15.381,5.09625,0.02112,3.08802,0.32282,0.10763,0.00047,0.00009,
15.382,5.09875,0.02112,3.07172,0.01467,0.10768,0.00047,0.00009,
15.383,5.09625,0.02070,3.05052,0.01957,0.10550,0.00047,0.00009,
15.384,5.10125,0.02028,0.61956,1.99809,0.10347,0.00047,0.00009,
15.385,5.10125,0.02028,3.03177,0.00978,0.10347,0.00047,0.00009,
15.386,5.09625,0.02049,2.25488,0.00734,0.10443,0.00047,0.00009,
15.387,5.09750,0.02112,1.47472,0.00815,0.10765,0.00047,0.00009,
15.388,5.09750,0.02112,2.81574,1.84972,0.10765,0.00047,0.00009,
15.389,5.09750,0.02112,3.08395,0.20462,0.10765,0.00047,0.00009,
15.390,5.09750,0.02091,2.82308,1.49428,0.10659,0.00047,0.00009,
15.391,5.09500,0.01966,3.09129,0.39130,0.10014,0.00047,0.00009,
15.392,5.09875,0.01986,3.09129,0.39130,0.10128,0.00047,0.00009,
15.393,5.09625,0.02049,3.05948,1.88884,0.10443,0.00047,0.00009,
15.394,5.09875,0.01945,3.08231,0.20869,0.09915,0.00047,0.00009,
15.395,5.09875,0.01945,3.09128,0.75978,0.09915,0.00047,0.00009,
15.396,5.09875,0.02007,3.07008,0.02446,0.10235,0.00047,0.00009,
15.397,5.09875,0.02049,1.67444,0.00489,0.10448,0.00047,0.00009,
15.398,5.09875,0.01945,3.09128,0.50706,0.09915,0.00047,0.00009,
15.399,5.09625,0.01986,3.06601,0.03342,0.10123,0.00047,0.00009,
15.400,5.09750,0.02049,3.08720,1.22689,0.10446,0.00047,0.00009,
15.401,5.09875,0.01986,3.07905,0.06522,0.10128,0.00047,0.00009,
15.402,5.09875,0.01986,3.07497,0.06848,0.10128,0.00047,0.00009,
15.403,5.09875,0.01966,3.07497,0.06848,0.10022,0.00047,0.00009,
15.404,5.09625,0.01966,3.07497,0.06848,0.10017,0.00047,0.00009,
15.405,5.09750,0.01986,3.08230,0.08397,0.10126,0.00047,0.00009,
15.406,5.09500,0.01945,0.36277,1.86764,0.09908,0.00047,0.00009,
15.407,5.09750,0.01924,1.53014,0.00489,0.09806,0.00047,0.00009,
15.408,5.09500,0.02070,3.09045,1.23667,0.10547,0.00047,0.00009,
15.409,5.09750,0.01945,3.07088,0.01549,0.09913,0.00047,0.00009,
15.410,5.09750,0.01945,3.07088,0.01956,0.09913,0.00047,0.00009,
15.411,5.09750,0.02007,3.07904,0.07418,0.10233,0.00047,0.00009,
15.412,5.09750,0.02049,3.18257,0.00978,0.10446,0.00047,0.00009,
15.413,5.09625,0.02049,3.05295,0.01793,0.10443,0.00047,0.00009,
15.414,5.09625,0.01986,3.09453,0.46222,0.10123,0.00047,0.00009,
15.415,5.09750,0.02070,3.09453,0.46222,0.10552,0.00047,0.00009,
15.416,5.10000,0.02028,1.98581,2.48144,0.10344,0.00047,0.00009,
15.417,5.09750,0.01903,3.08142,0.14510,0.09700,0.00047,0.00009,
15.418,5.09750,0.02070,1.72576,0.00408,0.10552,0.00047,0.00009,
15.419,5.09625,0.02007,3.07409,0.02690,0.10230,0.00047,0.00009,
15.420,5.10000,0.02049,2.24504,0.01060,0.10451,0.00047,0.00009,
15.421,5.10000,0.02007,3.07409,0.04157,0.10238,0.00047,0.00009,
15.422,5.09875,0.02007,2.58905,0.00571,0.10235,0.00047,0.00009,
15.423,5.09750,0.02133,3.06023,0.02446,0.10872,0.00047,0.00009,
15.424,5.10000,0.02070,2.23362,0.00000,0.10557,0.00047,0.00009,
15.425,5.09500,0.02007,2.23852,0.00571,0.10227,0.00047,0.00009,
15.426,5.09625,0.02154,2.23852,0.00571,0.10976,0.00047,0.00009,
15.427,5.09625,0.02196,3.09177,0.29345,0.11189,0.00047,0.00009,
15.428,5.09875,0.01986,0.77845,1.27486,0.10128,0.00047,0.00009,
15.429,5.09750,0.02133,1.72155,0.00000,0.10872,0.00047,0.00009,
15.430,5.09750,0.02091,3.07710,0.06684,0.10659,0.00047,0.00009,
15.431,5.09875,0.02091,3.04450,1.00750,0.10661,0.00047,0.00009,
15.432,5.09625,0.01945,0.54776,1.22513,0.09910,0.00047,0.00009,
15.433,5.09625,0.02091,3.05509,0.00897,0.10656,0.00047,0.00009,
15.434,5.09500,0.02091,1.72236,1.87724,0.10654,0.00047,0.00009,
15.435,5.09500,0.01945,2.23100,0.00734,0.09908,0.00047,0.00009,
15.436,5.09625,0.02049,2.35082,0.87055,0.10443,0.00047,0.00009,
15.437,5.09500,0.02070,2.35082,0.87055,0.10547,0.00047,0.00009,
15.438,5.09625,0.02007,3.09050,1.26163,0.10230,0.00047,0.00009,
15.439,5.09625,0.01924,3.16222,0.00245,0.09804,0.00047,0.00009,
15.440,5.09500,0.01924,2.64062,2.62595,0.09801,0.00047,0.00009,
15.441,5.09875,0.02070,3.08969,0.56398,0.10555,0.00047,0.00009,
15.442,5.09875,0.01986,2.26979,2.47028,0.10128,0.00047,0.00009,
15.443,5.09625,0.02007,3.05220,0.66586,0.10230,0.00047,0.00009,
15.444,5.09875,0.01945,0.84842,1.52162,0.09915,0.00047,0.00009,
15.445,5.09500,0.01966,2.57949,2.85986,0.10014,0.00047,0.00009,
15.446,5.09750,0.02154,1.06358,1.14753,0.10979,0.00047,0.00009,
15.447,5.09625,0.01945,3.06768,0.01956,0.09910,0.00047,0.00009,
15.448,5.09625,0.02196,3.06768,0.01956,0.11189,0.00047,0.00009,
15.449,5.09625,0.02196,3.07584,0.04483,0.11189,0.00047,0.00009,
15.450,5.09375,0.02133,1.46212,0.00489,0.10864,0.00047,0.00009,
15.451,5.09750,0.02049,3.08888,0.53709,0.10446,0.00047,0.00009,
15.452,5.09750,0.02049,3.08562,1.73108,0.10446,0.00047,0.00009,
15.453,5.09875,0.02154,3.05384,0.53302,0.10981,0.00047,0.00009,
15.454,5.09750,0.02049,2.03345,2.70746,0.10446,0.00047,0.00009,
15.455,5.09750,0.02154,3.07584,0.06276,0.10979,0.00047,0.00009,
15.456,5.09875,0.02112,3.18098,0.00408,0.10768,0.00047,0.00009,
15.457,5.09875,0.02007,1.89978,2.70338,0.10235,0.00047,0.00009,
15.458,5.09625,0.02007,1.45316,0.00652,0.10230,0.00047,0.00009,
15.459,5.09625,0.02070,1.45316,0.00652,0.10550,0.00047,0.00009,
15.460,5.09750,0.02070,1.44012,1.90060,0.10552,0.00047,0.00009,
15.461,5.09625,0.01966,3.06199,0.01060,0.10017,0.00047,0.00009,
15.462,5.09750,0.01966,1.17198,1.28771,0.10019,0.00047,0.00009,
15.463,5.09875,0.02049,3.05139,0.02282,0.10448,0.00047,0.00009,
15.464,5.09750,0.01924,3.09622,0.01630,0.09806,0.00047,0.00009,
15.465,5.09625,0.01966,2.76533,2.06686,0.10017,0.00047,0.00009,
15.466,5.09625,0.02049,3.08073,1.50451,0.10443,0.00047,0.00009,
15.467,5.09500,0.02049,0.77344,2.18341,0.10441,0.00047,0.00009,
15.468,5.09625,0.01945,3.07829,0.10595,0.09910,0.00047,0.00009,
15.469,5.09875,0.01966,3.06769,0.00978,0.10022,0.00047,0.00009,
15.470,5.09500,0.01924,3.06769,0.00978,0.09801,0.00047,0.00009,
15.471,5.09875,0.01986,0.80198,0.90305,0.10128,0.00047,0.00009,
15.472,5.10000,0.01945,3.08649,1.30485,0.09918,0.00047,0.00009,
15.473,5.09750,0.02049,3.05145,1.16956,0.10446,0.00047,0.00009,
15.474,5.09875,0.02007,0.37328,1.77838,0.10235,0.00047,0.00009,
15.475,5.09875,0.02007,1.74985,0.00652,0.10235,0.00047,0.00009,
15.476,5.09875,0.02007,0.85414,0.71804,0.10235,0.00047,0.00009,
15.477,5.09750,0.01945,3.09383,0.33253,0.09913,0.00047,0.00009,
15.478,5.09625,0.02028,3.08486,0.25918,0.10337,0.00047,0.00009,
15.479,5.09750,0.02091,1.70340,0.00000,0.10659,0.00047,0.00009,
15.480,5.09875,0.02070,3.06938,0.04646,0.10555,0.00047,0.00009,
15.481,5.09875,0.02007,3.06938,0.04646,0.10235,0.00047,0.00009,
15.482,5.09750,0.01966,2.04408,0.47760,0.10019,0.00047,0.00009,
15.483,5.09500,0.01986,3.04900,0.01875,0.10121,0.00047,0.00009,
15.484,5.09500,0.02070,1.41488,0.00734,0.10547,0.00047,0.00009,
15.485,5.09875,0.02070,2.66024,2.54613,0.10555,0.00047,0.00009,
15.486,5.09625,0.02070,1.39614,2.09298,0.10550,0.00047,0.00009,
15.487,5.09750,0.02070,3.01559,0.83295,0.10552,0.00047,0.00009,
15.488,5.09500,0.01966,3.17452,0.00489,0.10014,0.00047,0.00009,
15.489,5.09875,0.02028,1.74578,0.00652,0.10342,0.00047,0.00009,
15.490,5.10000,0.01966,3.08976,0.56563,0.10024,0.00047,0.00009,
15.491,5.09875,0.01966,2.38476,2.62112,0.10022,0.00047,0.00009,
15.492,5.09875,0.01945,2.38476,2.62112,0.09915,0.00047,0.00009,
15.493,5.09875,0.02091,3.05661,0.04565,0.10661,0.00047,0.00009,
15.494,5.09625,0.01966,3.19762,0.00489,0.10017,0.00047,0.00009,
15.495,5.09625,0.01966,2.14696,0.00163,0.10017,0.00047,0.00009,
15.496,5.09625,0.02028,1.69621,0.07091,0.10337,0.00047,0.00009,
15.497,5.10000,0.02091,1.19982,2.39068,0.10664,0.00047,0.00009,
15.498,5.09750,0.02112,3.09329,0.56731,0.10765,0.00047,0.00009,
15.499,5.09875,0.02007,3.11367,0.01141,0.10235,0.00047,0.00009,
15.500,5.09625,0.02133,2.79252,0.89742,0.10869,0.00047,0.00009,
15.501,5.09875,0.02070,1.34735,1.45332,0.10555,0.00047,0.00009,
15.502,5.09875,0.01986,1.71333,2.61890,0.10128,0.00047,0.00009,
15.503,5.09500,0.01986,1.71333,2.61890,0.10121,0.00047,0.00009,
15.504,5.09875,0.02091,3.05598,1.28060,0.10661,0.00047,0.00009,
15.505,5.09875,0.02154,3.08859,1.44199,0.10981,0.00047,0.00009,
15.506,5.09875,0.02007,0.93660,1.50313,0.10235,0.00047,0.00009,
15.507,5.09625,0.02091,2.92719,2.09167,0.10656,0.00047,0.00009,
15.508,5.09875,0.02091,1.84631,0.00000,0.10661,0.00047,0.00009,
15.509,5.09875,0.02028,3.06414,0.01141,0.10342,0.00047,0.00009,
15.510,5.09750,0.02091,2.84405,1.82430,0.10659,0.00047,0.00009,
15.511,5.09750,0.02028,1.72893,0.54452,0.10339,0.00047,0.00009,
15.512,5.09875,0.02028,2.69813,2.34844,0.10342,0.00047,0.00009,
15.513,5.09750,0.01966,3.05354,0.90481,0.10019,0.00047,0.00009,
15.514,5.09625,0.02007,3.05354,0.90481,0.10230,0.00047,0.00009,
15.515,5.09750,0.01945,2.58690,2.83719,0.09913,0.00047,0.00009,
15.516,5.09750,0.02007,3.06792,1.79689,0.10233,0.00047,0.00009,
15.517,5.09625,0.02070,2.88040,1.53600,0.10550,0.00047,0.00009,
15.518,5.09750,0.01966,3.15679,0.00408,0.10019,0.00047,0.00009,
15.519,5.09750,0.02091,3.07770,0.01549,0.10659,0.00047,0.00009,
15.520,5.09875,0.02070,3.08993,0.98079,0.10555,0.00047,0.00009,
15.521,5.09875,0.02070,1.86293,2.23551,0.10555,0.00047,0.00009,
15.522,5.09625,0.01966,1.97625,1.37376,0.10017,0.00047,0.00009,
15.523,5.09750,0.02091,3.05161,1.55720,0.10659,0.00047,0.00009,
15.524,5.09750,0.02154,1.51969,0.00000,0.10979,0.00047,0.00009,
15.525,5.09625,0.01986,1.51969,0.00000,0.10123,0.00047,0.00009,
15.526,5.09625,0.02112,1.46751,0.70604,0.10763,0.00047,0.00009,
15.527,5.09500,0.02070,3.07036,0.01549,0.10547,0.00047,0.00009,
15.528,5.09875,0.01966,0.52260,1.48055,0.10022,0.00047,0.00009,
15.529,5.09625,0.01966,3.07688,0.06278,0.10017,0.00047,0.00009,
15.530,5.09625,0.02049,3.04834,1.53762,0.10443,0.00047,0.00009,
15.531,5.09875,0.02049,1.78139,1.64035,0.10448,0.00047,0.00009,
15.532,5.09500,0.01945,2.77930,2.06756,0.09908,0.00047,0.00009,
15.533,5.09750,0.01986,3.05160,0.01957,0.10126,0.00047,0.00009,
15.534,5.10125,0.02049,3.18939,0.00408,0.10453,0.00047,0.00009,
15.535,5.09875,0.01903,2.20534,0.42069,0.09702,0.00047,0.00009,
15.536,5.09625,0.01966,2.20534,0.42069,0.10017,0.00047,0.00009,
15.537,5.09875,0.02112,1.29793,0.05218,0.10768,0.00047,0.00009,
15.538,5.10125,0.02091,2.14094,0.00897,0.10667,0.00047,0.00009,
15.539,5.10125,0.01986,3.08096,0.12066,0.10133,0.00047,0.00009,
15.540,5.09875,0.01986,2.89263,1.47077,0.10128,0.00047,0.00009,
15.541,5.09750,0.02091,1.64606,0.98405,0.10659,0.00047,0.00009,
15.542,5.09750,0.02070,2.34802,0.76474,0.10552,0.00047,0.00009,
15.543,5.10000,0.02049,3.05242,0.02364,0.10451,0.00047,0.00009,
15.544,5.09375,0.01966,0.38400,1.20254,0.10012,0.00047,0.00009,
15.545,5.09625,0.02091,3.08993,0.34976,0.10656,0.00047,0.00009,
15.546,5.09750,0.01986,1.94038,1.93875,0.10126,0.00047,0.00009,
15.547,5.09875,0.01986,1.94038,1.93875,0.10128,0.00047,0.00009,
15.548,5.09875,0.02049,1.36071,2.05614,0.10448,0.00047,0.00009,
15.549,5.09875,0.02049,3.07443,0.08397,0.10448,0.00047,0.00009,
15.550,5.09500,0.02028,0.80142,1.89146,0.10334,0.00047,0.00009,
15.551,5.09750,0.02007,0.76473,0.85768,0.10233,0.00047,0.00009,
15.552,5.09750,0.01986,0.51363,1.16341,0.10126,0.00047,0.00009,
15.553,5.09625,0.01986,3.05160,1.01014,0.10123,0.00047,0.00009,
15.554,5.09625,0.01986,3.08503,0.00408,0.10123,0.00047,0.00009,
15.555,5.09750,0.01924,2.72875,2.26322,0.09806,0.00047,0.00009,
15.556,5.09750,0.01986,0.95307,1.62486,0.10126,0.00047,0.00009,
15.557,5.09750,0.01966,1.80422,1.42674,0.10019,0.00047,0.00009,
15.558,5.09750,0.01966,1.80422,1.42674,0.10019,0.00047,0.00009,
15.559,5.09750,0.01945,1.97788,1.26858,0.09913,0.00047,0.00009,
15.560,5.09750,0.02028,2.94889,1.18787,0.10339,0.00047,0.00009,
15.561,5.09625,0.01966,2.07083,1.38925,0.10017,0.00047,0.00009,
15.562,5.09500,0.01986,1.40148,1.88086,0.10121,0.00047,0.00009,
15.563,5.09750,0.02091,3.04998,2.59995,0.10659,0.00047,0.00009,
15.564,5.09750,0.02070,3.07607,0.06848,0.10552,0.00047,0.00009,
15.565,5.09875,0.01945,3.07200,1.79852,0.09915,0.00047,0.00009,
15.566,5.09875,0.02049,3.07200,1.79852,0.10448,0.00047,0.00009,
15.567,5.09875,0.02049,1.22293,0.05707,0.10448,0.00047,0.00009,
15.568,5.09750,0.02091,2.60484,1.22048,0.10659,0.00047,0.00009,
15.569,5.09875,0.02028,1.93712,0.00978,0.10342,0.00047,0.00009,
15.570,5.09750,0.02091,1.93712,0.00978,0.10659,0.00047,0.00009,
15.571,5.09625,0.02007,2.40917,0.98650,0.10230,0.00047,0.00009,
15.572,5.09875,0.02049,3.08342,0.07745,0.10448,0.00047,0.00009,
15.573,5.09875,0.02070,3.05814,0.01875,0.10555,0.00047,0.00009,
15.574,5.09625,0.02049,0.50222,1.20989,0.10443,0.00047,0.00009,
15.575,5.09625,0.02049,0.46390,0.99791,0.10443,0.00047,0.00009,
15.576,5.09750,0.02049,3.05488,1.33136,0.10446,0.00047,0.00009,
15.577,5.10000,0.01986,3.08015,1.88494,0.10131,0.00047,0.00009,
15.578,5.10000,0.01966,0.36851,1.88902,0.10024,0.00047,0.00009,
15.579,5.09750,0.01945,2.75078,1.83113,0.09913,0.00047,0.00009,
15.580,5.09625,0.01903,1.01829,1.52540,0.09697,0.00047,0.00009,
15.581,5.09625,0.02028,1.01829,1.52540,0.10337,0.00047,0.00009,
15.582,5.09875,0.02028,3.19916,0.00408,0.10342,0.00047,0.00009,
15.583,5.09625,0.01986,3.05567,0.01957,0.10123,0.00047,0.00009,
15.584,5.09625,0.01966,2.10995,2.79967,0.10017,0.00047,0.00009,
15.585,5.09875,0.01966,1.40065,0.00815,0.10022,0.00047,0.00009,
15.586,5.09500,0.02028,2.06755,2.27789,0.10334,0.00047,0.00009,
15.587,5.09875,0.02091,3.09806,0.45167,0.10661,0.00047,0.00009,
15.588,5.09750,0.01945,0.54216,1.05660,0.09913,0.00047,0.00009,
15.589,5.09625,0.02049,2.84696,1.47240,0.10443,0.00047,0.00009,
15.590,5.10000,0.02133,1.60284,1.68518,0.10877,0.00047,0.00009,
15.591,5.09500,0.02049,3.07442,0.02772,0.10441,0.00047,0.00009,
15.592,5.09625,0.02112,3.07442,0.02772,0.10763,0.00047,0.00009,
15.593,5.09625,0.02196,3.05479,0.01386,0.11189,0.00047,0.00009,
15.594,5.09500,0.02007,3.06865,1.41774,0.10227,0.00047,0.00009,
15.595,5.09500,0.02007,0.66770,1.49438,0.10227,0.00047,0.00009,
15.596,5.10000,0.02154,3.16892,0.01631,0.10984,0.00047,0.00009,
15.597,5.09625,0.02049,3.08903,0.23153,0.10443,0.00047,0.00009,
15.598,5.09750,0.01945,3.09147,0.43453,0.09913,0.00047,0.00009,
15.599,5.09875,0.02028,3.07191,0.04402,0.10342,0.00047,0.00009,
15.600,5.09750,0.02049,3.09229,0.34730,0.10446,0.00047,0.00009,
15.601,5.09875,0.01945,3.09473,0.37828,0.09915,0.00047,0.00009,
15.602,5.09875,0.02007,2.34714,1.53921,0.10235,0.00047,0.00009,
15.603,5.09875,0.02007,2.34714,1.53921,0.10235,0.00047,0.00009,
15.604,5.09500,0.01986,1.28728,0.05951,0.10121,0.00047,0.00009,
15.605,5.09500,0.01986,2.79386,2.42618,0.10121,0.00047,0.00009,
15.606,5.09500,0.01903,3.09224,0.90819,0.09695,0.00047,0.00009,
15.607,5.09500,0.02028,1.55060,0.89922,0.10334,0.00047,0.00009,
15.608,5.09625,0.02028,1.70468,0.07337,0.10337,0.00047,0.00009,
15.609,5.09750,0.02112,1.44136,1.90687,0.10765,0.00047,0.00009,
15.610,5.09500,0.01966,0.36360,1.80333,0.10014,0.00047,0.00009,
15.611,5.09500,0.02154,3.07186,0.04158,0.10973,0.00047,0.00009,
15.612,5.09750,0.02154,1.76420,0.90982,0.10979,0.00047,0.00009,
15.613,5.09875,0.02112,3.05311,0.01794,0.10768,0.00047,0.00009,
15.614,5.10000,0.02028,3.05311,0.01794,0.10344,0.00047,0.00009,
15.615,5.09625,0.02070,3.08079,0.09783,0.10550,0.00047,0.00009,
15.616,5.09875,0.02112,3.09954,0.01141,0.10768,0.00047,0.00009,
15.617,5.10000,0.02028,2.46610,2.68866,0.10344,0.00047,0.00009,
15.618,5.09500,0.02112,1.14704,1.24650,0.10760,0.00047,0.00009,
15.619,5.09750,0.02091,0.60735,0.82013,0.10659,0.00047,0.00009,
15.620,5.09750,0.02028,0.53398,1.09405,0.10339,0.00047,0.00009,
15.621,5.09750,0.02028,3.08242,1.65820,0.10339,0.00047,0.00009,
15.622,5.09625,0.02028,1.34678,2.08538,0.10337,0.00047,0.00009,
15.623,5.09750,0.02112,3.05552,0.01630,0.10765,0.00047,0.00009,
15.624,5.10000,0.01986,1.48863,0.02364,0.10131,0.00047,0.00009,
15.625,5.09375,0.02028,1.48863,0.02364,0.10331,0.00047,0.00009,
15.626,5.09625,0.02091,1.12503,1.33292,0.10656,0.00047,0.00009,
15.627,5.09625,0.01966,1.64434,1.78212,0.10017,0.00047,0.00009,
15.628,5.09750,0.01945,0.42393,1.35004,0.09913,0.00047,0.00009,
15.629,5.09750,0.02070,2.37888,1.59380,0.10552,0.00047,0.00009,
15.630,5.09750,0.02070,1.70223,1.54896,0.10552,0.00047,0.00009,
15.631,5.09625,0.02070,1.99001,0.00163,0.10550,0.00047,0.00009,
15.632,5.09500,0.02049,2.26964,2.87373,0.10441,0.00047,0.00009,
15.633,5.09750,0.01986,3.05716,0.01957,0.10126,0.00047,0.00009,
15.634,5.09625,0.01986,2.35279,1.53673,0.10123,0.00047,0.00009,
15.635,5.09875,0.01840,1.71446,1.94191,0.09382,0.00047,0.00009,
15.636,5.09500,0.02112,1.71446,1.94191,0.10760,0.00047,0.00009,
15.637,5.09750,0.02070,0.87557,1.13318,0.10552,0.00047,0.00009,
15.638,5.09750,0.02007,2.53703,1.95005,0.10233,0.00047,0.00009,
15.639,5.09625,0.02007,2.34626,1.52205,0.10230,0.00047,0.00009,
15.640,5.09875,0.01986,2.96013,1.12666,0.10128,0.00047,0.00009,
15.641,5.09875,0.02112,3.07671,0.08315,0.10768,0.00047,0.00009,
15.642,5.09625,0.02028,0.40680,1.27911,0.10337,0.00047,0.00009,
15.643,5.10000,0.02007,3.05226,0.01794,0.10238,0.00047,0.00009,
15.644,5.09750,0.01966,1.52205,0.04647,0.10019,0.00047,0.00009,
15.645,5.09625,0.02049,0.70844,1.48292,0.10443,0.00047,0.00009,
15.646,5.09875,0.02049,1.43971,1.63945,0.10448,0.00047,0.00009,
15.647,5.09875,0.02007,1.43971,1.63945,0.10235,0.00047,0.00009,
15.648,5.09750,0.02007,3.14274,1.01334,0.10233,0.00047,0.00009,
15.649,5.09875,0.02007,2.82643,1.78945,0.10235,0.00047,0.00009,
15.650,5.09750,0.02091,2.74817,2.12859,0.10659,0.00047,0.00009,
15.651,5.10000,0.02007,3.07018,0.05544,0.10238,0.00047,0.00009,
15.652,5.09750,0.02091,2.21908,2.49300,0.10659,0.00047,0.00009,
15.653,5.09500,0.02049,3.05306,0.01794,0.10441,0.00047,0.00009,
15.654,5.09875,0.02007,1.43971,2.48729,0.10235,0.00047,0.00009,
15.655,5.09375,0.02070,2.45387,2.96502,0.10545,0.00047,0.00009,
15.656,5.09375,0.02154,3.00986,0.85518,0.10971,0.00047,0.00009,
15.657,5.09500,0.02154,0.47447,1.36145,0.10973,0.00047,0.00009,
15.658,5.09625,0.02028,0.47447,1.36145,0.10337,0.00047,0.00009,
15.659,5.09875,0.02237,0.80137,0.92202,0.11408,0.00047,0.00009,
15.660,5.09625,0.02112,3.06852,0.02120,0.10763,0.00047,0.00009,
15.661,5.09750,0.02007,3.08727,0.22663,0.10233,0.00047,0.00009,
15.662,5.09875,0.02112,2.01362,0.12799,0.10768,0.00047,0.00009,
15.663,5.09750,0.02133,3.05630,0.01875,0.10872,0.00047,0.00009,
15.664,5.09750,0.01945,2.72287,0.67175,0.09913,0.00047,0.00009,
15.665,5.10000,0.02007,1.05572,0.44512,0.10238,0.00047,0.00009,
15.666,5.10000,0.02007,3.02776,0.86414,0.10238,0.00047,0.00009,
15.667,5.09750,0.02028,2.43998,2.86716,0.10339,0.00047,0.00009,
15.668,5.09875,0.01945,0.68561,1.86361,0.09915,0.00047,0.00009,
15.669,5.09875,0.01986,0.68561,1.86361,0.10128,0.00047,0.00009,
15.670,5.09500,0.02070,1.55465,1.77231,0.10547,0.00047,0.00009,
15.671,5.09500,0.02133,1.70465,0.00000,0.10867,0.00047,0.00009,
15.672,5.09500,0.01986,2.13998,0.11006,0.10121,0.00047,0.00009,
15.673,5.09500,0.02028,3.05793,0.01957,0.10334,0.00047,0.00009,
15.674,5.09875,0.02091,2.04786,0.29185,0.10661,0.00047,0.00009,
15.675,5.09875,0.02091,3.08647,0.28289,0.10661,0.00047,0.00009,
15.676,5.09875,0.02070,2.17585,2.83864,0.10555,0.00047,0.00009,
15.677,5.09625,0.02028,2.37396,1.02475,0.10337,0.00047,0.00009,
15.678,5.09500,0.02133,1.68345,1.46823,0.10867,0.00047,0.00009,
15.679,5.09750,0.02154,2.05031,2.77749,0.10979,0.00047,0.00009,
15.680,5.09625,0.02007,2.05031,2.77749,0.10230,0.00047,0.00009,
15.681,5.09625,0.02133,2.02095,0.99295,0.10869,0.00047,0.00009,
15.682,5.09625,0.02091,3.06689,0.02690,0.10656,0.00047,0.00009,
15.683,5.09625,0.02007,3.05793,0.01957,0.10230,0.00047,0.00009,
15.684,5.09625,0.02112,1.30437,0.14103,0.10763,0.00047,0.00009,
15.685,5.09750,0.02112,1.02556,1.14051,0.10765,0.00047,0.00009,
15.686,5.09750,0.02007,2.11389,2.27612,0.10233,0.00047,0.00009,
15.687,5.09750,0.02049,0.74757,1.98590,0.10446,0.00047,0.00009,
15.688,5.09750,0.02007,0.82420,0.82664,0.10233,0.00047,0.00009,
15.689,5.09750,0.02007,0.60490,1.93699,0.10233,0.00047,0.00009,
15.690,5.09750,0.01986,2.43998,2.65276,0.10126,0.00047,0.00009,
15.691,5.09500,0.01945,2.43998,2.65276,0.09908,0.00047,0.00009,
15.692,5.09625,0.02007,1.62801,0.34729,0.10230,0.00047,0.00009,
15.693,5.09625,0.02070,3.05628,0.02038,0.10550,0.00047,0.00009,
15.694,5.10125,0.01861,1.48534,1.07447,0.09493,0.00047,0.00009,
15.695,5.10125,0.01861,1.40871,1.52203,0.09493,0.00047,0.00009,
15.696,5.09750,0.01986,3.08155,0.18750,0.10126,0.00047,0.00009,
15.697,5.09750,0.02070,2.14649,2.82965,0.10552,0.00047,0.00009,
15.698,5.09500,0.01882,2.12366,2.43345,0.09588,0.00048,0.00009,
15.699,5.09625,0.02007,1.39811,0.07092,0.10230,0.00048,0.00009,
15.700,5.09625,0.01945,2.28834,2.54351,0.09910,0.00048,0.00009,
15.701,5.09500,0.01986,3.08726,0.28696,0.10121,0.00048,0.00009,
15.702,5.09500,0.01986,3.08726,0.28696,0.10121,0.00048,0.00009,
15.703,5.09875,0.01986,3.05381,0.01793,0.10128,0.00048,0.00009,
15.704,5.09625,0.02028,2.33642,0.23641,0.10337,0.00048,0.00009,
15.705,5.09750,0.02070,3.13696,0.00815,0.10552,0.00048,0.00009,
15.706,5.09750,0.01986,2.34049,2.53125,0.10126,0.00048,0.00009,
15.707,5.09625,0.02091,0.39620,1.37935,0.10656,0.00048,0.00009,
15.708,5.09625,0.02133,0.56006,1.78370,0.10869,0.00048,0.00009,
15.709,5.09625,0.02007,1.62228,0.14674,0.10230,0.00048,0.00009,
15.710,5.09750,0.02112,0.86250,1.16658,0.10765,0.00048,0.00009,
15.711,5.09750,0.02070,3.08886,1.21386,0.10552,0.00048,0.00009,
15.712,5.09875,0.02070,1.23261,1.15598,0.10555,0.00048,0.00009,
15.713,5.09625,0.01986,1.23261,1.15598,0.10123,0.00048,0.00009,
15.714,5.09625,0.02070,1.20160,1.60267,0.10550,0.00048,0.00009,
15.715,5.09875,0.02049,1.69234,2.81976,0.10448,0.00048,0.00009,
15.716,5.09625,0.02007,2.28907,2.54748,0.10230,0.00048,0.00009,
15.717,5.09750,0.02091,0.73857,0.82987,0.10659,0.00048,0.00009,
15.718,5.09750,0.01986,1.77468,0.59346,0.10126,0.00048,0.00009,
15.719,5.09625,0.01903,2.35836,2.60536,0.09697,0.00048,0.00009,
15.720,5.09625,0.02007,2.64775,0.75324,0.10230,0.00048,0.00009,
15.721,5.10125,0.02007,1.98174,2.31597,0.10240,0.00048,0.00009,
15.722,5.09875,0.01986,2.24505,1.36056,0.10128,0.00048,0.00009,
15.723,5.09750,0.02007,3.05698,0.01630,0.10233,0.00048,0.00009,
15.724,5.09750,0.01966,3.05698,0.01630,0.10019,0.00048,0.00009,
15.725,5.09875,0.02028,2.43812,2.95655,0.10342,0.00048,0.00009,
15.726,5.09625,0.02049,3.07720,0.12553,0.10443,0.00048,0.00009,
15.727,5.10125,0.01945,0.89178,0.61788,0.09920,0.00048,0.00009,
15.728,5.09625,0.02028,0.89178,0.61788,0.10337,0.00048,0.00009,
15.729,5.09625,0.02007,2.22536,2.49681,0.10230,0.00048,0.00009,
15.730,5.09625,0.02007,1.73383,0.14836,0.10230,0.00048,0.00009,
15.731,5.09625,0.01945,3.08616,1.28712,0.09910,0.00048,0.00009,
15.732,5.09500,0.01945,3.08209,1.79496,0.09908,0.00048,0.00009,
15.733,5.09750,0.02007,3.05519,0.03179,0.10233,0.00048,0.00009,
15.734,5.09625,0.02070,0.73119,1.37598,0.10550,0.00048,0.00009,
15.735,5.09750,0.01986,2.96389,2.72424,0.10126,0.00048,0.00009,
15.736,5.09875,0.02133,2.96389,2.72424,0.10875,0.00048,0.00009,
15.737,5.09875,0.02049,1.84591,0.03341,0.10448,0.00048,0.00009,
15.738,5.09875,0.02112,1.62587,2.04232,0.10768,0.00048,0.00009,
15.739,5.10125,0.02112,1.22246,1.73263,0.10773,0.00048,0.00009,
15.740,5.09625,0.02007,1.77094,2.35446,0.10230,0.00048,0.00009,
15.741,5.09750,0.02112,0.50121,1.60468,0.10765,0.00048,0.00009,
15.742,5.09375,0.02070,1.51993,1.62180,0.10545,0.00048,0.00009,
15.743,5.09500,0.01924,3.05615,0.02119,0.09801,0.00048,0.00009,
15.744,5.09750,0.02112,1.35286,1.11977,0.10765,0.00048,0.00009,
15.745,5.09625,0.02133,1.88992,0.00896,0.10869,0.00048,0.00009,
15.746,5.09625,0.01986,1.71878,2.78232,0.10123,0.00048,0.00009,
15.747,5.09625,0.02091,1.71878,2.78232,0.10656,0.00048,0.00009,
15.748,5.09625,0.02091,2.32016,0.24929,0.10656,0.00048,0.00009,
15.749,5.09625,0.02112,2.56455,1.92912,0.10763,0.00048,0.00009,
15.750,5.09750,0.02112,1.48839,1.88431,0.10765,0.00048,0.00009,
15.751,5.09625,0.02007,2.16863,1.22036,0.10230,0.00048,0.00009,
15.752,5.09625,0.02112,0.40163,2.16211,0.10763,0.00048,0.00009,
15.753,5.09750,0.01945,3.06068,0.11894,0.09913,0.00048,0.00009,
15.754,5.09750,0.02133,3.05905,1.39796,0.10872,0.00048,0.00009,
15.755,5.09750,0.02070,2.64032,1.17230,0.10552,0.00048,0.00009,
15.756,5.09750,0.02049,2.94011,1.24236,0.10446,0.00048,0.00009,
15.757,5.09500,0.02049,1.86557,0.13116,0.10441,0.00048,0.00009,
15.758,5.09625,0.01924,1.86557,0.13116,0.09804,0.00048,0.00009,
15.759,5.09875,0.02070,2.15676,0.11240,0.10555,0.00048,0.00009,
15.760,5.09500,0.01924,3.08528,1.76255,0.09801,0.00048,0.00009,
15.761,5.09750,0.01945,0.59376,0.88209,0.09913,0.00048,0.00009,
15.762,5.09750,0.02049,1.46608,1.88880,0.10446,0.00048,0.00009,
15.763,5.09750,0.01903,3.05270,1.80083,0.09700,0.00048,0.00009,
15.764,5.09875,0.02007,2.11604,0.02851,0.10235,0.00048,0.00009,
15.765,5.09875,0.02112,3.08691,0.45123,0.10768,0.00048,0.00009,
15.766,5.09875,0.02112,1.98002,0.03584,0.10768,0.00048,0.00009,
15.767,5.09625,0.01986,2.89713,1.21603,0.10123,0.00048,0.00009,
15.768,5.09875,0.01986,0.80471,0.84218,0.10128,0.00048,0.00009,
15.769,5.09625,0.01945,0.80471,0.84218,0.09910,0.00048,0.00009,
15.770,5.09875,0.02028,1.97433,1.37486,0.10342,0.00048,0.00009,
15.771,5.09625,0.01986,0.47648,1.52147,0.10123,0.00048,0.00009,
15.772,5.09875,0.02007,3.07797,0.12054,0.10235,0.00048,0.00009,
15.773,5.09750,0.02112,3.05353,0.14091,0.10765,0.00048,0.00009,
15.774,5.09750,0.02175,3.11055,1.20464,0.11085,0.00048,0.00009,
15.775,5.09750,0.02175,3.07227,0.05620,0.11085,0.00048,0.00009,
15.776,5.09750,0.01966,2.42882,1.67623,0.10019,0.00048,0.00009,
15.777,5.09875,0.02175,1.65831,1.81469,0.11088,0.00048,0.00009,
15.778,5.09750,0.02070,1.86763,0.03584,0.10552,0.00048,0.00009,
15.779,5.09875,0.02028,1.32355,0.14091,0.10342,0.00048,0.00009,
15.780,5.09875,0.02112,1.32355,0.14091,0.10768,0.00048,0.00009,
15.781,5.09875,0.02175,2.07863,0.09204,0.11088,0.00048,0.00009,
15.782,5.09500,0.02028,1.82858,0.00000,0.10334,0.00048,0.00009,
15.783,5.09500,0.02028,3.05116,0.01548,0.10334,0.00048,0.00009,
15.784,5.09750,0.02028,2.67730,1.22828,0.10339,0.00048,0.00009,
15.785,5.09625,0.02070,3.07641,0.08145,0.10550,0.00048,0.00009,
15.786,5.09625,0.02007,0.50418,1.61029,0.10230,0.00048,0.00009,
15.787,5.09750,0.02070,1.33824,1.44168,0.10552,0.00048,0.00009,
15.788,5.09750,0.02028,1.40014,1.87826,0.10339,0.00048,0.00009,
15.789,5.09875,0.01903,0.92936,0.92936,0.09702,0.00048,0.00009,
15.790,5.09500,0.01966,2.29448,1.74631,0.10014,0.00048,0.00009,
15.791,5.09750,0.01986,2.29448,1.74631,0.10126,0.00048,0.00009,
15.792,5.09750,0.02007,0.69236,1.23077,0.10233,0.00048,0.00009,
15.793,5.09625,0.02007,3.04801,0.03014,0.10230,0.00048,0.00009,
15.794,5.09875,0.01945,2.01924,2.04857,0.09915,0.00048,0.00009,
15.795,5.09875,0.01945,3.06593,0.02036,0.09915,0.00048,0.00009,
15.796,5.09625,0.02007,0.97419,1.07845,0.10230,0.00048,0.00009,
15.797,5.09500,0.01903,3.17019,0.00489,0.09695,0.00048,0.00009,
15.798,5.09625,0.01924,2.42489,1.89462,0.09804,0.00048,0.00009,
15.799,5.09875,0.02049,1.25846,0.06109,0.10448,0.00048,0.00009,
15.800,5.09500,0.02070,2.10640,0.02607,0.10547,0.00048,0.00009,
15.801,5.09750,0.02070,0.86015,2.03309,0.10552,0.00048,0.00009,
15.802,5.09750,0.02070,0.86015,2.03309,0.10552,0.00048,0.00009,
15.803,5.09625,0.02091,3.05481,1.54532,0.10656,0.00048,0.00009,
15.804,5.09500,0.02091,1.53229,0.02444,0.10654,0.00048,0.00009,
15.805,5.09875,0.01986,3.06295,0.01059,0.10128,0.00048,0.00009,
15.806,5.09875,0.01986,2.58722,0.68428,0.10128,0.00048,0.00009,
15.807,5.09625,0.02028,1.70417,1.59827,0.10337,0.00048,0.00009,
15.808,5.09750,0.01924,1.74165,0.49447,0.09806,0.00048,0.00009,
15.809,5.09750,0.01966,2.15058,1.67729,0.10019,0.00048,0.00009,
15.810,5.10000,0.02028,0.76004,1.00849,0.10344,0.00048,0.00009,
15.811,5.10000,0.02028,2.31595,1.48830,0.10344,0.00048,0.00009,
15.812,5.09750,0.01903,2.50005,2.47969,0.09700,0.00048,0.00009,
15.813,5.09750,0.01986,2.50005,2.47969,0.10126,0.00048,0.00009,
15.814,5.09750,0.02049,1.42651,1.50227,0.10446,0.00048,0.00009,
15.815,5.09875,0.01903,2.36095,0.00326,0.09702,0.00048,0.00009,
15.816,5.09500,0.01903,2.00901,0.09858,0.09695,0.00048,0.00009,
15.817,5.09625,0.02028,1.10878,1.66114,0.10337,0.00048,0.00009,
15.818,5.09375,0.02070,0.98658,1.37763,0.10545,0.00048,0.00009,
15.819,5.09500,0.02049,1.52671,0.14664,0.10441,0.00048,0.00009,
15.820,5.09500,0.01986,1.34178,0.05214,0.10121,0.00048,0.00009,
15.821,5.09625,0.01986,1.38414,1.85747,0.10123,0.00048,0.00009,
15.822,5.09875,0.02007,2.81228,1.55278,0.10235,0.00048,0.00009,
15.823,5.09750,0.02028,3.05098,0.02526,0.10339,0.00048,0.00009,
15.824,5.09625,0.01966,3.05098,0.02526,0.10017,0.00048,0.00009,
15.825,5.09625,0.02007,2.97156,1.10242,0.10230,0.00048,0.00009,
15.826,5.10000,0.02049,0.49621,1.24745,0.10451,0.00048,0.00009,
15.827,5.09875,0.01924,1.34115,1.11464,0.09809,0.00048,0.00009,
15.828,5.09625,0.02133,1.49596,1.08286,0.10869,0.00048,0.00009,
15.829,5.09625,0.02070,3.14103,1.02094,0.10550,0.00048,0.00009,
15.830,5.09875,0.02070,1.84632,0.12792,0.10555,0.00048,0.00009,
15.831,5.09750,0.01986,2.46883,1.74285,0.10126,0.00048,0.00009,
15.832,5.09750,0.02112,3.08155,0.14014,0.10765,0.00048,0.00009,
15.833,5.09750,0.02112,3.04815,0.01304,0.10765,0.00048,0.00009,
15.834,5.09875,0.01966,0.88976,1.14234,0.10022,0.00048,0.00009,
15.835,5.09500,0.02175,0.88976,1.14234,0.11080,0.00048,0.00009,
15.836,5.09875,0.02112,1.11077,1.18819,0.10768,0.00048,0.00009,
15.837,5.09625,0.01966,0.38140,1.90209,0.10017,0.00048,0.00009,
15.838,5.09625,0.01924,2.24192,0.21922,0.09804,0.00048,0.00009,
15.839,5.09875,0.01924,1.43268,0.16462,0.09809,0.00048,0.00009,
15.840,5.09625,0.01986,1.47180,0.16299,0.10123,0.00048,0.00009,
15.841,5.09750,0.02049,1.86379,0.89889,0.10446,0.00048,0.00009,
15.842,5.09875,0.01966,2.39269,2.93626,0.10022,0.00048,0.00009,
15.843,5.09625,0.02007,3.05361,1.57611,0.10230,0.00048,0.00009,
15.844,5.09625,0.02028,1.76762,1.63723,0.10337,0.00048,0.00009,
15.845,5.09875,0.01986,3.08865,0.36836,0.10128,0.00048,0.00009,
15.846,5.09625,0.02154,3.08865,0.36836,0.10976,0.00048,0.00009,
15.847,5.09625,0.02070,1.90738,0.03425,0.10550,0.00048,0.00009,
15.848,5.09750,0.02070,1.67742,0.02854,0.10552,0.00048,0.00009,
15.849,5.09875,0.02049,2.41950,0.98346,0.10448,0.00048,0.00009,
15.850,5.09500,0.01986,2.56465,1.90493,0.10121,0.00048,0.00009,
15.851,5.09750,0.02154,2.78646,1.56407,0.10979,0.00048,0.00009,
15.852,5.10125,0.01924,2.87290,1.57304,0.09813,0.00048,0.00009,
15.853,5.09625,0.02028,3.05556,1.69944,0.10337,0.00048,0.00009,
15.854,5.09750,0.02091,3.09144,1.18732,0.10659,0.00048,0.00009,
15.855,5.09750,0.01966,3.07676,0.12069,0.10019,0.00048,0.00009,
15.856,5.09750,0.02007,0.87908,1.75489,0.10233,0.00048,0.00009,
15.857,5.09625,0.02007,0.87908,1.75489,0.10230,0.00048,0.00009,
15.858,5.09750,0.02070,1.97506,1.07315,0.10552,0.00048,0.00009,
15.859,5.09750,0.02007,1.43522,1.14410,0.10233,0.00048,0.00009,
15.860,5.09750,0.01924,0.84401,0.78366,0.09806,0.00048,0.00009,
15.861,5.09750,0.02091,1.03727,1.15307,0.10659,0.00048,0.00009,
15.862,5.09875,0.02028,0.53576,1.09680,0.10342,0.00048,0.00009,
15.863,5.10000,0.02007,3.05392,0.01957,0.10238,0.00048,0.00009,
15.864,5.09500,0.02007,0.66705,2.07128,0.10227,0.00048,0.00009,
15.865,5.09500,0.02049,2.49125,2.52550,0.10441,0.00048,0.00009,
15.866,5.09625,0.02049,3.02130,0.82851,0.10443,0.00048,0.00009,
15.867,5.09500,0.01945,1.42543,1.89188,0.09908,0.00048,0.00009,
15.868,5.09625,0.02007,1.42543,1.89188,0.10230,0.00048,0.00009,
15.869,5.10000,0.02007,1.53063,1.84866,0.10238,0.00048,0.00009,
15.870,5.09750,0.02133,2.50185,2.60949,0.10872,0.00048,0.00009,
15.871,5.09875,0.02007,2.55811,1.89433,0.10235,0.00048,0.00009,
15.872,5.09500,0.02133,0.92392,1.04135,0.10867,0.00048,0.00009,
15.873,5.09750,0.02049,3.05473,0.62954,0.10446,0.00048,0.00009,
15.874,5.09750,0.02007,1.54286,0.04404,0.10233,0.00048,0.00009,
15.875,5.09875,0.02007,3.07757,0.10030,0.10235,0.00048,0.00009,
15.876,5.09875,0.02154,0.75594,1.48986,0.10981,0.00048,0.00009,
15.877,5.09875,0.02112,1.74265,2.12510,0.10768,0.00048,0.00009,
15.878,5.09750,0.02007,2.93241,2.03948,0.10233,0.00048,0.00009,
15.879,5.09625,0.02049,2.93241,2.03948,0.10443,0.00048,0.00009,
15.880,5.09625,0.02112,2.30124,1.29985,0.10763,0.00048,0.00009,
15.881,5.09750,0.02049,2.26047,2.52794,0.10446,0.00048,0.00009,
15.882,5.09625,0.02049,2.73588,2.20665,0.10443,0.00048,0.00009,
15.883,5.09625,0.02007,3.05473,0.01305,0.10230,0.00048,0.00009,
15.884,5.09625,0.02007,2.28819,1.10088,0.10230,0.00048,0.00009,
15.885,5.09750,0.02007,3.06533,0.01876,0.10233,0.00048,0.00009,
15.886,5.09750,0.02091,0.48439,1.53633,0.10659,0.00048,0.00009,
15.887,5.09625,0.02049,2.24008,2.50592,0.10443,0.00048,0.00009,
15.888,5.09500,0.02007,1.87720,0.03262,0.10227,0.00048,0.00009,
15.889,5.09625,0.01903,1.87720,0.03262,0.09697,0.00048,0.00009,
15.890,5.09750,0.02049,1.36998,1.68149,0.10446,0.00048,0.00009,
15.891,5.09625,0.01945,1.36998,1.68149,0.09910,0.00048,0.00009,
15.892,5.09625,0.01945,2.05985,0.03506,0.09910,0.00048,0.00009,
15.893,5.09625,0.01945,3.05553,1.03563,0.09910,0.00048,0.00009,
15.894,5.09875,0.02091,1.89758,0.02773,0.10661,0.00048,0.00009,
15.895,5.09875,0.02091,2.82149,2.23191,0.10661,0.00048,0.00009,
15.896,5.09750,0.02007,0.61078,1.94977,0.10233,0.00048,0.00009,
15.897,5.09875,0.02007,2.31346,1.04379,0.10235,0.00048,0.00009,
15.898,5.09500,0.02112,2.16505,1.03237,0.10760,0.00048,0.00009,
15.899,5.09750,0.02112,1.68637,0.04730,0.10765,0.00048,0.00009,
15.900,5.09750,0.02028,1.36426,0.07095,0.10339,0.00048,0.00009,
15.901,5.09750,0.02133,1.55182,0.15983,0.10872,0.00048,0.00009,
15.902,5.09500,0.02133,1.55182,0.15983,0.10867,0.00048,0.00009,
15.903,5.09500,0.02007,3.05538,0.01957,0.10227,0.00048,0.00009,
15.904,5.09875,0.01945,2.50416,2.71372,0.09915,0.00048,0.00009,
15.905,5.09500,0.01924,3.07414,0.06360,0.09801,0.00048,0.00009,
15.906,5.09875,0.01986,0.90430,1.49467,0.10128,0.00048,0.00009,
15.907,5.09750,0.01986,2.24159,2.86294,0.10126,0.00048,0.00009,
15.908,5.09625,0.02007,2.94530,1.68548,0.10230,0.00048,0.00009,
15.909,5.09875,0.01966,1.16524,0.04648,0.10022,0.00048,0.00009,
15.910,5.09875,0.02070,1.81513,1.53544,0.10555,0.00048,0.00009,
15.911,5.09750,0.02070,2.56450,1.73440,0.10552,0.00048,0.00009,
15.912,5.09750,0.01903,1.03640,1.35360,0.09700,0.00048,0.00009,
15.913,5.09875,0.01903,1.03640,1.35360,0.09702,0.00048,0.00009,
15.914,5.09625,0.02091,1.72360,0.58541,0.10656,0.00048,0.00009,
15.915,5.09750,0.02007,1.25887,0.03098,0.10233,0.00048,0.00009,
15.916,5.09625,0.01945,1.67958,0.97187,0.09910,0.00048,0.00009,
15.917,5.09750,0.01986,1.46025,1.82389,0.10126,0.00048,0.00009,
15.918,5.09750,0.02091,2.08561,0.12638,0.10659,0.00048,0.00009,
15.919,5.09750,0.01966,1.30371,2.43702,0.10019,0.00048,0.00009,
15.920,5.09750,0.01966,1.84346,1.43579,0.10019,0.00048,0.00009,
15.921,5.09375,0.02028,1.65104,0.61639,0.10331,0.00048,0.00009,
15.922,5.09500,0.02091,1.53200,0.16551,0.10654,0.00048,0.00009,
15.923,5.09500,0.02028,3.03791,1.29474,0.10334,0.00048,0.00009,
15.924,5.09750,0.02049,3.03791,1.29474,0.10446,0.00048,0.00009,
15.925,5.09875,0.02133,1.47465,0.07174,0.10875,0.00048,0.00009,
15.926,5.09625,0.02049,1.43960,1.92789,0.10443,0.00048,0.00009,
15.927,5.09625,0.02070,3.01289,1.34015,0.10550,0.00048,0.00009,
15.928,5.09625,0.02133,1.51623,0.05054,0.10869,0.00048,0.00009,
15.929,5.09500,0.02133,1.03283,1.60508,0.10867,0.00048,0.00009,
15.930,5.09625,0.01986,1.86920,0.64236,0.10123,0.00048,0.00009,
15.931,5.10000,0.02133,1.50237,0.15162,0.10877,0.00048,0.00009,
15.932,5.09625,0.02112,1.96131,0.18178,0.10763,0.00048,0.00009,
15.933,5.09750,0.02070,3.05202,0.00326,0.10552,0.00048,0.00009,
15.934,5.09750,0.02133,2.30695,1.47221,0.10872,0.00048,0.00009,
15.935,5.09625,0.01966,2.30695,1.47221,0.10017,0.00048,0.00009,
15.936,5.09750,0.02028,2.23359,0.00245,0.10339,0.00048,0.00009,
15.937,5.09750,0.02007,1.75834,0.11820,0.10233,0.00048,0.00009,
15.938,5.09625,0.02007,1.34912,0.14103,0.10230,0.00048,0.00009,
15.939,5.09875,0.01966,1.03365,1.78035,0.10022,0.00048,0.00009,
15.940,5.09500,0.02049,2.21239,0.74344,0.10441,0.00048,0.00009,
15.941,5.09750,0.01966,1.62383,0.14510,0.10019,0.00048,0.00009,
15.942,5.09875,0.01924,3.13191,0.00978,0.09809,0.00048,0.00009,
15.943,5.09625,0.02070,3.04877,0.02364,0.10550,0.00048,0.00009,
15.944,5.09500,0.01986,1.08826,1.22766,0.10121,0.00048,0.00009,
15.945,5.09875,0.01966,3.08300,0.14184,0.10022,0.00048,0.00009,
15.946,5.09875,0.02049,3.08300,0.14184,0.10448,0.00048,0.00009,
15.947,5.09625,0.02049,2.08359,2.09419,0.10443,0.00048,0.00009,
15.948,5.09625,0.02028,1.36379,1.14206,0.10337,0.00048,0.00009,
15.949,5.09750,0.01986,0.50704,1.61405,0.10126,0.00048,0.00009,
15.950,5.09750,0.02028,2.35260,1.39232,0.10339,0.00048,0.00009,
15.951,5.09750,0.02049,3.11886,1.05239,0.10446,0.00048,0.00009,
15.952,5.09500,0.02007,1.40618,1.99799,0.10227,0.00048,0.00009,
15.953,5.09750,0.02007,3.05039,0.63176,0.10233,0.00048,0.00009,
15.954,5.09750,0.02007,1.37194,1.13554,0.10233,0.00048,0.00009,
15.955,5.09750,0.01986,3.08951,0.28776,0.10126,0.00048,0.00009,
15.956,5.09750,0.01986,3.00066,1.72328,0.10126,0.00048,0.00009,
15.957,5.09750,0.01903,3.00066,1.72328,0.09700,0.00048,0.00009,
15.958,5.09750,0.02049,2.43249,1.86838,0.10446,0.00048,0.00009,
15.959,5.09875,0.02007,0.98229,1.58226,0.10235,0.00048,0.00009,
15.960,5.09750,0.02007,0.84371,1.07196,0.10233,0.00048,0.00009,
15.961,5.09625,0.02070,2.85067,1.84474,0.10550,0.00048,0.00009,
15.962,5.09625,0.01966,2.88817,0.90403,0.10017,0.00048,0.00009,
15.963,5.09875,0.02007,3.05283,0.16793,0.10235,0.00048,0.00009,
15.964,5.09625,0.02049,1.09560,1.38335,0.10443,0.00048,0.00009,
15.965,5.09625,0.02154,2.75040,2.15370,0.10976,0.00048,0.00009,
15.966,5.09625,0.02154,3.01534,1.68905,0.10976,0.00048,0.00009,
15.967,5.09750,0.01966,3.12702,1.06054,0.10019,0.00048,0.00009,
15.968,5.09875,0.01986,3.12702,1.06054,0.10128,0.00048,0.00009,
15.969,5.09625,0.02112,1.77627,0.04239,0.10763,0.00048,0.00009,
15.970,5.09625,0.01882,2.97295,1.92137,0.09591,0.00048,0.00009,
15.971,5.09875,0.02007,2.66726,0.73692,0.10235,0.00048,0.00009,
15.972,5.09875,0.02028,1.83333,1.44938,0.10342,0.00048,0.00009,
15.973,5.09875,0.02007,3.05120,0.16222,0.10235,0.00048,0.00009,
15.974,5.09875,0.01966,0.67904,1.29858,0.10022,0.00048,0.00009,
15.975,5.09500,0.01966,3.06914,0.01304,0.10014,0.00048,0.00009,
15.976,5.09750,0.02007,1.49666,1.88469,0.10233,0.00048,0.00009,
15.977,5.09500,0.01986,2.94442,2.01267,0.10121,0.00048,0.00009,
15.978,5.09625,0.01945,2.10315,1.73388,0.09910,0.00048,0.00009,
15.979,5.09625,0.02070,2.10315,1.73388,0.10550,0.00048,0.00009,
15.980,5.09625,0.02028,2.33059,2.90284,0.10337,0.00048,0.00009,
15.981,5.09625,0.01986,0.88936,1.48118,0.10123,0.00048,0.00009,
15.982,5.09750,0.01966,0.96517,1.61323,0.10019,0.00048,0.00009,
15.983,5.09750,0.02007,3.05528,0.02364,0.10233,0.00048,0.00009,
15.984,5.09500,0.02007,2.13495,0.29835,0.10227,0.00048,0.00009,
15.985,5.09500,0.01945,1.83659,2.02571,0.09908,0.00048,0.00009,
15.986,5.09500,0.01945,2.00044,2.04283,0.09908,0.00048,0.00009,
15.987,5.09750,0.02028,2.71698,0.87550,0.10339,0.00048,0.00009,
15.988,5.09500,0.02028,1.58878,0.04402,0.10334,0.00048,0.00009,
15.989,5.09500,0.01986,0.92849,1.03527,0.10121,0.00048,0.00009,
15.990,5.09625,0.02070,0.92849,1.03527,0.10550,0.00048,0.00009,
15.991,5.09750,0.02070,1.48444,1.45020,0.10552,0.00048,0.00009,
15.992,5.09750,0.02028,1.52112,1.70209,0.10339,0.00048,0.00009,
15.993,5.09625,0.02028,3.04714,0.05054,0.10337,0.00048,0.00009,
15.994,5.09875,0.02091,3.06915,1.89284,0.10661,0.00048,0.00009,
15.995,5.09750,0.02091,3.07811,0.08315,0.10659,0.00048,0.00009,
15.996,5.09750,0.01986,2.01594,2.04528,0.10126,0.00048,0.00009,
15.997,5.09875,0.02070,1.84638,2.75123,0.10555,0.00048,0.00009,
15.998,5.09625,0.02070,1.90426,2.25071,0.10550,0.00048,0.00009,
15.999,5.09750,0.01986,1.39069,0.16793,0.10126,0.00048,0.00009,
16.000,5.09750,0.01966,2.92160,0.93990,0.10019,0.00048,0.00009,
16.001,5.09750,0.02028,2.92160,0.93990,0.10339,0.00048,0.00009,
16.002,5.09750,0.02028,1.67439,2.88739,0.10339,0.00048,0.00009,
16.003,5.10125,0.02028,3.05532,0.05625,0.10347,0.00048,0.00009,
16.004,5.09625,0.01924,1.60429,0.02690,0.09804,0.00048,0.00009,
16.005,5.09625,0.01966,1.75754,1.93281,0.10017,0.00048,0.00009,
16.006,5.09875,0.01966,2.57436,0.68965,0.10022,0.00048,0.00009,
16.007,5.09500,0.01986,3.01619,1.65564,0.10121,0.00048,0.00009,
16.008,5.09625,0.02028,2.61756,1.31897,0.10337,0.00048,0.00009,
16.009,5.10000,0.02028,2.01269,0.02772,0.10344,0.00048,0.00009,
16.010,5.10000,0.01986,2.61104,0.66112,0.10131,0.00048,0.00009,
16.011,5.09875,0.01986,2.65914,1.18854,0.10128,0.00048,0.00009,
16.012,5.10000,0.01945,2.65914,1.18854,0.09918,0.00048,0.00009,
16.013,5.09625,0.02091,3.06349,2.30618,0.10656,0.00048,0.00009,
16.014,5.09375,0.02007,1.71435,0.94481,0.10225,0.00048,0.00009,
16.015,5.09875,0.01986,3.17191,0.00652,0.10128,0.00048,0.00009,
16.016,5.09625,0.02133,2.13743,1.44859,0.10869,0.00048,0.00009,
16.017,5.09750,0.02070,2.53851,1.17795,0.10552,0.00048,0.00009,
16.018,5.09750,0.01945,2.66731,0.62525,0.09913,0.00048,0.00009,
16.019,5.09750,0.02091,2.55807,1.94831,0.10659,0.00048,0.00010,
16.020,5.09750,0.02091,1.89287,1.50077,0.10659,0.00048,0.00010,
16.021,5.09875,0.02070,1.30838,0.16059,0.10555,0.00048,0.00010,
16.022,5.09875,0.02091,0.64971,2.08281,0.10661,0.00048,0.00010,
16.023,5.09625,0.02091,0.64971,2.08281,0.10656,0.00048,0.00010,
16.024,5.09750,0.02091,2.23701,0.21767,0.10659,0.00048,0.00010,
16.025,5.09875,0.02049,1.81064,0.03832,0.10448,0.00048,0.00010,
16.026,5.09750,0.02133,1.61172,0.01549,0.10872,0.00048,0.00010,
16.027,5.09500,0.02154,2.93567,2.65196,0.10973,0.00048,0.00010,
16.028,5.09500,0.02007,2.86556,1.91010,0.10227,0.00048,0.00010,
16.029,5.09750,0.02007,1.42666,0.02283,0.10233,0.00048,0.00010,
16.030,5.09625,0.02091,2.83865,2.04054,0.10656,0.00048,0.00010,
16.031,5.09875,0.02133,2.28592,1.76743,0.10875,0.00048,0.00010,
16.032,5.09625,0.01986,3.07589,1.33780,0.10123,0.00048,0.00010,
16.033,5.09875,0.01882,3.05061,0.00652,0.09595,0.00048,0.00010,
16.034,5.09875,0.01903,3.05061,0.00652,0.09702,0.00048,0.00010,
16.035,5.10125,0.02007,2.60794,0.77040,0.10240,0.00048,0.00010,
16.036,5.09500,0.01903,2.24842,1.38427,0.09695,0.00048,0.00010,
16.037,5.09500,0.01986,1.77477,1.57993,0.10121,0.00048,0.00010,
16.038,5.09750,0.01986,1.08263,1.41769,0.10126,0.00048,0.00010,
16.039,5.09750,0.02049,0.68398,1.24813,0.10446,0.00048,0.00010,
16.040,5.10000,0.02091,1.33943,1.66226,0.10664,0.00048,0.00010,
16.041,5.09750,0.01945,2.26228,1.09160,0.09913,0.00048,0.00010,
16.042,5.09625,0.02028,2.27125,1.10383,0.10337,0.00048,0.00010,
16.043,5.09750,0.02070,3.05550,2.85903,0.10552,0.00048,0.00010,
16.044,5.09875,0.02049,0.50626,1.61498,0.10448,0.00048,0.00010,
16.045,5.09875,0.02070,0.50626,1.61498,0.10555,0.00048,0.00010,
16.046,5.09875,0.02175,2.21744,2.41472,0.11088,0.00048,0.00010,
16.047,5.09875,0.02175,1.86852,0.08315,0.11088,0.00049,0.00010,
16.048,5.09500,0.01966,1.88156,0.08234,0.10014,0.00049,0.00010,
16.049,5.09625,0.02070,2.12124,0.03342,0.10550,0.00049,0.00010,
16.050,5.09500,0.02007,1.96553,1.42340,0.10227,0.00049,0.00010,
16.051,5.09500,0.02007,1.96553,1.42340,0.10227,0.00049,0.00010,
16.052,5.09875,0.02112,0.86089,1.11198,0.10768,0.00049,0.00010,
16.053,5.09750,0.02112,3.05876,0.01957,0.10765,0.00049,0.00010,
16.054,5.09625,0.01986,3.07669,1.84487,0.10123,0.00049,0.00010,
16.055,5.09625,0.02154,1.31008,0.00245,0.10976,0.00049,0.00010,
16.056,5.09375,0.02154,2.19542,1.17394,0.10971,0.00049,0.00010,
16.057,5.09875,0.02070,2.19542,1.17394,0.10555,0.00049,0.00010,
16.058,5.09500,0.01966,2.72853,0.68152,0.10014,0.00049,0.00010,
16.059,5.10000,0.02070,0.75978,1.98098,0.10557,0.00049,0.00010,
16.060,5.09250,0.02028,1.25788,0.04973,0.10329,0.00049,0.00010,
16.061,5.09875,0.02007,1.63288,1.69647,0.10235,0.00049,0.00010,
16.062,5.09625,0.02007,1.68587,0.97581,0.10230,0.00049,0.00010,
16.063,5.09750,0.02091,3.05380,0.01304,0.10659,0.00049,0.00010,
16.064,5.09750,0.02112,1.60190,0.16386,0.10765,0.00049,0.00010,
16.065,5.10000,0.02112,3.07255,0.01875,0.10771,0.00049,0.00010,
16.066,5.09875,0.01924,0.70109,2.07554,0.09809,0.00049,0.00010,
16.067,5.09750,0.02007,0.99946,1.31984,0.10233,0.00049,0.00010,
16.068,5.09625,0.01986,0.99946,1.31984,0.10123,0.00049,0.00010,
16.069,5.09750,0.01903,2.76094,0.53963,0.09700,0.00049,0.00010,
16.070,5.09875,0.01903,1.50234,0.02853,0.09702,0.00049,0.00010,
16.071,5.09625,0.01966,1.97024,1.43060,0.10017,0.00049,0.00010,
16.072,5.09375,0.01945,3.14162,1.05237,0.09905,0.00049,0.00010,
16.073,5.09375,0.01966,3.05684,1.98817,0.10012,0.00049,0.00010,
16.074,5.09875,0.01966,1.52272,0.07744,0.10022,0.00049,0.00010,
16.075,5.09750,0.02007,3.07315,0.03016,0.10233,0.00049,0.00010,
16.076,5.09625,0.01986,2.56856,1.27491,0.10123,0.00049,0.00010,
16.077,5.09750,0.01903,3.00304,1.73140,0.09700,0.00049,0.00010,
16.078,5.09625,0.01966,2.03219,0.09211,0.10017,0.00049,0.00010,
16.079,5.09750,0.02070,2.03219,0.09211,0.10552,0.00049,0.00010,
16.080,5.09875,0.01903,2.21200,1.17283,0.09702,0.00049,0.00010,
16.081,5.09500,0.01966,2.96101,1.93978,0.10014,0.00049,0.00010,
16.082,5.09500,0.02070,0.66099,1.51270,0.10547,0.00049,0.00010,
16.083,5.09750,0.02070,3.05556,0.01630,0.10552,0.00049,0.00010,
16.084,5.09625,0.01966,3.03681,1.55508,0.10017,0.00049,0.00010,
16.085,5.09875,0.02028,2.28128,0.00652,0.10342,0.00049,0.00010,
16.086,5.09750,0.02070,1.82404,1.08970,0.10552,0.00049,0.00010,
16.087,5.09625,0.02007,1.42386,1.51107,0.10230,0.00049,0.00010,
16.088,5.09625,0.02070,0.85660,1.09622,0.10550,0.00049,0.00010,
16.089,5.09875,0.02112,2.73281,0.66344,0.10768,0.00049,0.00010,
16.090,5.09625,0.02049,2.73281,0.66344,0.10443,0.00049,0.00010,
16.091,5.09375,0.02070,1.84655,1.50918,0.10545,0.00049,0.00010,
16.092,5.09375,0.02070,0.53213,1.70150,0.10545,0.00049,0.00010,
16.093,5.09875,0.02070,3.05422,0.76192,0.10555,0.00049,0.00010,
16.094,5.09625,0.01986,2.56447,1.25331,0.10123,0.00049,0.00010,
16.095,5.09750,0.01986,1.77891,0.00733,0.10126,0.00049,0.00010,
16.096,5.10000,0.02112,1.96960,0.34470,0.10771,0.00049,0.00010,
16.097,5.09750,0.02133,1.55889,1.75528,0.10872,0.00049,0.00010,
16.098,5.09750,0.02091,2.14724,0.88090,0.10659,0.00049,0.00010,
16.099,5.09875,0.02007,2.23118,1.12129,0.10235,0.00049,0.00010,
16.100,5.09750,0.02070,2.27192,1.11885,0.10552,0.00049,0.00010,
16.101,5.09750,0.02070,2.27192,1.11885,0.10552,0.00049,0.00010,
16.102,5.09625,0.02028,2.80487,1.62246,0.10337,0.00049,0.00010,
16.103,5.09625,0.02070,3.05260,0.01793,0.10550,0.00049,0.00010,
16.104,5.10000,0.02028,2.58240,1.23620,0.10344,0.00049,0.00010,
16.105,5.09750,0.01986,3.16587,0.00896,0.10126,0.00049,0.00010,
16.106,5.09625,0.01986,1.95575,1.40081,0.10123,0.00049,0.00010,
16.107,5.09250,0.02028,2.24911,0.26158,0.10329,0.00049,0.00010,
16.108,5.09875,0.02112,1.75447,0.58102,0.10768,0.00049,0.00010,
16.109,5.09625,0.02133,2.15784,0.43108,0.10869,0.00049,0.00010,
16.110,5.09625,0.02028,1.88974,1.48392,0.10337,0.00049,0.00010,
16.111,5.09750,0.02028,1.22479,1.61757,0.10339,0.00049,0.00010,
16.112,5.09625,0.02112,1.22479,1.61757,0.10763,0.00049,0.00010,
16.113,5.09750,0.02112,3.05751,1.98836,0.10765,0.00049,0.00010,
16.114,5.09375,0.01966,3.10559,1.04878,0.10012,0.00049,0.00010,
16.115,5.10125,0.02091,3.06566,0.01630,0.10667,0.00049,0.00010,
16.116,5.09750,0.02112,2.18883,1.18487,0.10765,0.00049,0.00010,
16.117,5.09875,0.01986,3.02329,1.62655,0.10128,0.00049,0.00010,
16.118,5.09875,0.02112,2.18394,0.00000,0.10768,0.00049,0.00010,
16.119,5.09875,0.02049,1.69337,1.43097,0.10448,0.00049,0.00010,
16.120,5.10000,0.02049,1.92317,1.34459,0.10451,0.00049,0.00010,
16.121,5.09750,0.01986,0.89639,1.15309,0.10126,0.00049,0.00010,
16.122,5.09625,0.02175,2.15379,0.10268,0.11082,0.00049,0.00010,
16.123,5.09750,0.02049,2.15379,0.10268,0.10446,0.00049,0.00010,
16.124,5.09750,0.02007,1.25252,1.36009,0.10233,0.00049,0.00010,
16.125,5.09875,0.02133,0.45065,0.93959,0.10875,0.00049,0.00010,
16.126,5.10000,0.02133,1.59723,1.50677,0.10877,0.00049,0.00010,
16.127,5.10125,0.02028,1.68687,1.62656,0.10347,0.00049,0.00010,
16.128,5.10125,0.02154,1.99735,2.25731,0.10987,0.00049,0.00010,
16.129,5.09750,0.02154,1.43995,1.97372,0.10979,0.00049,0.00010,
16.130,5.09500,0.02133,1.92482,2.73159,0.10867,0.00049,0.00010,
16.131,5.09625,0.02007,2.12122,0.03015,0.10230,0.00049,0.00010,
16.132,5.09500,0.01945,2.00224,2.17826,0.09908,0.00049,0.00010,
16.133,5.09875,0.02028,3.04940,0.00244,0.10342,0.00049,0.00010,
16.134,5.09625,0.02028,3.04940,0.00244,0.10337,0.00049,0.00010,
16.135,5.09750,0.01903,3.08614,0.24937,0.09700,0.00049,0.00010,
16.136,5.09750,0.01966,1.64127,3.02991,0.10019,0.00049,0.00010,
16.137,5.09750,0.02007,1.90694,0.57616,0.10233,0.00049,0.00010,
16.138,5.09375,0.02007,1.52637,1.89227,0.10225,0.00049,0.00010,
16.139,5.09875,0.01986,1.97213,1.00155,0.10128,0.00049,0.00010,
16.140,5.09750,0.02049,2.56051,0.79211,0.10446,0.00049,0.00010,
16.141,5.09500,0.02070,1.36664,1.78307,0.10547,0.00049,0.00010,
16.142,5.09875,0.02112,1.89879,0.18662,0.10768,0.00049,0.00010,
16.143,5.09750,0.02049,3.04784,0.01956,0.10446,0.00049,0.00010,
16.144,5.09750,0.02112,2.77321,0.62668,0.10765,0.00049,0.00010,
16.145,5.09750,0.02070,2.77321,0.62668,0.10552,0.00049,0.00010,
16.146,5.09750,0.01986,1.83445,0.34391,0.10126,0.00049,0.00010,
16.147,5.09875,0.01986,1.85889,0.08557,0.10128,0.00049,0.00010,
16.148,5.10000,0.02007,2.57686,0.81658,0.10238,0.00049,0.00010,
16.149,5.09500,0.02070,2.52797,2.51900,0.10547,0.00049,0.00010,
16.150,5.09875,0.01966,2.64450,1.90861,0.10022,0.00049,0.00010,
16.151,5.09625,0.02091,0.99668,1.30229,0.10656,0.00049,0.00010,
16.152,5.09875,0.02154,1.69672,0.08638,0.10981,0.00049,0.00010,
16.153,5.09875,0.02007,3.05279,2.63228,0.10235,0.00049,0.00010,
16.154,5.09750,0.02070,0.88748,1.34711,0.10552,0.00049,0.00010,
16.155,5.09750,0.02154,1.31695,0.00489,0.10979,0.00049,0.00010,
16.156,5.09875,0.02154,1.31695,0.00489,0.10981,0.00049,0.00010,
16.157,5.10000,0.02028,1.48847,1.93191,0.10344,0.00049,0.00010,
16.158,5.09750,0.02091,2.17971,0.21846,0.10659,0.00049,0.00010,
16.159,5.09625,0.02091,1.07274,1.41836,0.10656,0.00049,0.00010,
16.160,5.09875,0.02007,2.03951,1.32625,0.10235,0.00049,0.00010,
16.161,5.09875,0.02112,1.09149,1.26104,0.10768,0.00049,0.00010,
16.162,5.09750,0.01966,1.92213,0.51355,0.10019,0.00049,0.00010,
16.163,5.09750,0.02112,3.05437,0.42143,0.10765,0.00049,0.00010,
16.164,5.09750,0.01945,2.20580,1.16893,0.09913,0.00049,0.00010,
16.165,5.09750,0.01945,3.07475,0.08559,0.09913,0.00049,0.00010,
16.166,5.09500,0.02112,2.41285,1.84876,0.10760,0.00049,0.00010,
16.167,5.10000,0.02091,2.41285,1.84876,0.10664,0.00049,0.00010,
16.168,5.09875,0.01924,2.18478,0.49321,0.09809,0.00049,0.00010,
16.169,5.09875,0.02007,2.04946,1.32228,0.10235,0.00049,0.00010,
16.170,5.09875,0.02091,1.07935,0.36196,0.10661,0.00049,0.00010,
16.171,5.09750,0.02007,1.40380,1.50734,0.10233,0.00049,0.00010,
16.172,5.09625,0.01945,1.38016,0.06359,0.09910,0.00049,0.00010,
16.173,5.09625,0.02091,3.05706,0.00245,0.10656,0.00049,0.00010,
16.174,5.09750,0.02091,2.25978,1.13641,0.10659,0.00049,0.00010,
16.175,5.09875,0.01986,1.73723,0.00978,0.10128,0.00049,0.00010,
16.176,5.09875,0.01966,1.70625,1.94103,0.10022,0.00049,0.00010,
16.177,5.09875,0.02049,0.56495,1.27989,0.10448,0.00049,0.00010,
16.178,5.09625,0.02007,0.56495,1.27989,0.10230,0.00049,0.00010,
16.179,5.09500,0.01924,2.03868,1.32840,0.09801,0.00049,0.00010,
16.180,5.10125,0.01966,2.38118,1.60322,0.10027,0.00049,0.00010,
16.181,5.09625,0.01945,1.57549,0.08073,0.09910,0.00049,0.00010,
16.182,5.09625,0.02028,2.07456,0.11254,0.10337,0.00049,0.00010,
16.183,5.09750,0.02028,3.04986,0.02039,0.10339,0.00049,0.00010,
16.184,5.09875,0.01966,2.42440,1.53798,0.10022,0.00049,0.00010,
16.185,5.09625,0.02049,3.08656,0.23812,0.10443,0.00049,0.00010,
16.186,5.09625,0.01986,2.01829,0.47624,0.10123,0.00049,0.00010,
16.187,5.09750,0.02007,0.98183,1.27703,0.10233,0.00049,0.00010,
16.188,5.09750,0.01966,1.82666,1.30312,0.10019,0.00049,0.00010,
16.189,5.09500,0.02028,1.82666,1.30312,0.10334,0.00049,0.00010,
16.190,5.09500,0.02007,2.93652,2.77261,0.10227,0.00049,0.00010,
16.191,5.09500,0.02091,0.83994,1.06746,0.10654,0.00049,0.00010,
16.192,5.09875,0.02091,3.09391,1.04054,0.10661,0.00049,0.00010,
16.193,5.09625,0.01924,3.05721,0.70294,0.09804,0.00049,0.00010,
16.194,5.10000,0.02028,2.09087,0.01142,0.10344,0.00049,0.00010,
16.195,5.10000,0.02028,1.26317,1.14166,0.10344,0.00049,0.00010,
16.196,5.09875,0.02091,2.26783,1.03728,0.10661,0.00049,0.00010,
16.197,5.09750,0.01966,2.19118,1.18570,0.10019,0.00049,0.00010,
16.198,5.10000,0.02175,2.28006,2.60952,0.11091,0.00049,0.00010,
16.199,5.09750,0.02028,2.16998,0.00815,0.10339,0.00049,0.00010,
16.200,5.09750,0.01945,2.16998,0.00815,0.09913,0.00049,0.00010,
16.201,5.09500,0.01945,2.39015,2.05907,0.09908,0.00049,0.00010,
16.202,5.09875,0.01966,1.72554,0.04567,0.10022,0.00049,0.00010,
16.203,5.09625,0.02049,3.05313,1.54777,0.10443,0.00049,0.00010,
16.204,5.09625,0.01966,2.65844,1.06582,0.10017,0.00049,0.00010,
16.205,5.09750,0.01966,3.09391,0.48113,0.10019,0.00049,0.00010,
16.206,5.09750,0.01945,2.07946,1.25664,0.09913,0.00049,0.00010,
16.207,5.09875,0.02070,1.74919,1.55592,0.10555,0.00049,0.00010,
16.208,5.09750,0.01986,1.89679,1.14003,0.10126,0.00049,0.00010,
16.209,5.09750,0.01945,1.37326,2.03298,0.09913,0.00049,0.00010,
16.210,5.09625,0.01945,1.63502,1.98242,0.09910,0.00049,0.00010,
16.211,5.09750,0.02112,1.63502,1.98242,0.10765,0.00049,0.00010,
16.212,5.10000,0.02091,2.01829,1.16531,0.10664,0.00049,0.00010,
16.213,5.09875,0.01945,3.05313,1.08213,0.09915,0.00049,0.00010,
16.214,5.09875,0.02091,3.05313,1.08213,0.10661,0.00049,0.00010,
16.215,5.09875,0.02112,1.65459,1.69944,0.10768,0.00049,0.00010,
16.216,5.09875,0.02049,2.42277,1.61545,0.10448,0.00049,0.00010,
16.217,5.10125,0.02028,1.63910,2.72123,0.10347,0.00049,0.00010,
16.218,5.10125,0.02112,1.68476,1.44991,0.10773,0.00049,0.00010,
16.219,5.10000,0.02112,1.33900,2.03379,0.10771,0.00049,0.00010,
16.220,5.09875,0.02007,2.64621,0.61813,0.10235,0.00049,0.00010,
16.221,5.09625,0.02175,1.22076,0.08970,0.11082,0.00049,0.00010,
16.222,5.09625,0.02154,2.22868,1.16205,0.10976,0.00049,0.00010,
16.223,5.09625,0.02007,2.22868,1.16205,0.10230,0.00049,0.00010,
16.224,5.09875,0.02112,2.31994,1.47106,0.10768,0.00049,0.00010,
16.225,5.09625,0.02091,2.74642,0.55043,0.10656,0.00049,0.00010,
16.226,5.09750,0.01986,1.46291,1.88042,0.10126,0.00049,0.00010,
16.227,5.09750,0.02154,2.48955,2.54011,0.10979,0.00049,0.00010,
16.228,5.09875,0.02154,1.27862,0.02691,0.10981,0.00049,0.00010,
16.229,5.09625,0.01903,2.17316,1.17995,0.09697,0.00049,0.00010,
16.230,5.09875,0.01986,2.48303,0.92227,0.10128,0.00049,0.00010,
16.231,5.09875,0.01903,1.62681,0.43382,0.09702,0.00049,0.00010,
16.232,5.09875,0.01986,1.35445,0.14107,0.10128,0.00049,0.00010,
16.233,5.09625,0.01966,3.05792,0.00652,0.10017,0.00049,0.00010,
16.234,5.09875,0.01903,3.05792,0.00652,0.09702,0.00049,0.00010,
16.235,5.09500,0.01924,0.50716,1.19207,0.09801,0.00049,0.00010,
16.236,5.09500,0.02091,1.48479,0.00571,0.10654,0.00049,0.00010,
16.237,5.09375,0.02091,1.32497,2.00988,0.10651,0.00049,0.00010,
16.238,5.09375,0.01986,1.54105,1.86067,0.10118,0.00049,0.00010,
16.239,5.09750,0.01966,0.84309,1.96015,0.10019,0.00049,0.00010,
16.240,5.09875,0.02112,2.08979,0.00000,0.10768,0.00049,0.00010,
16.241,5.09750,0.02049,1.65112,1.49375,0.10446,0.00049,0.00010,
16.242,5.09625,0.01945,1.37879,0.62539,0.09910,0.00049,0.00010,
16.243,5.09500,0.02112,3.06089,1.69026,0.10760,0.00049,0.00010,
16.244,5.09625,0.02049,1.75875,1.63563,0.10443,0.00049,0.00010,
16.245,5.09875,0.01986,1.75875,1.63563,0.10128,0.00049,0.00010,
16.246,5.09875,0.01986,1.61167,0.13859,0.10128,0.00049,0.00010,
16.247,5.09625,0.02070,2.44481,0.95869,0.10550,0.00049,0.00010,
16.248,5.09750,0.02112,1.36222,0.76059,0.10765,0.00049,0.00010,
16.249,5.09875,0.01924,2.01275,1.38341,0.09809,0.00049,0.00010,
16.250,5.09750,0.02133,1.67689,2.63150,0.10872,0.00049,0.00010,
16.251,5.09750,0.02070,1.67526,0.59918,0.10552,0.00049,0.00010,
16.252,5.09750,0.02028,2.07063,1.09646,0.10339,0.00049,0.00010,
16.253,5.09500,0.02028,3.05704,1.96873,0.10334,0.00049,0.00010,
16.254,5.09875,0.02049,0.38478,1.19347,0.10448,0.00049,0.00010,
16.255,5.09875,0.02028,3.07171,0.02201,0.10342,0.00049,0.00010,
16.256,5.09750,0.02028,3.07171,0.02201,0.10339,0.00049,0.00010,
16.257,5.09500,0.02133,1.74361,0.00652,0.10867,0.00049,0.00010,
16.258,5.09500,0.02154,1.80067,1.87241,0.10973,0.00049,0.00010,
16.259,5.09750,0.01986,2.63865,1.17464,0.10126,0.00049,0.00010,
16.260,5.09625,0.02049,2.76255,2.12429,0.10443,0.00049,0.00010,
16.261,5.09500,0.01945,1.55531,1.80720,0.09908,0.00049,0.00010,
16.262,5.09750,0.01945,2.59952,1.83736,0.09913,0.00049,0.00010,
16.263,5.09875,0.01966,3.05030,0.02119,0.10022,0.00049,0.00010,
16.264,5.09875,0.01945,2.71854,0.83390,0.09915,0.00049,0.00010,
16.265,5.09500,0.01945,1.62297,0.00245,0.09908,0.00049,0.00010,
16.266,5.09750,0.02049,2.19195,1.35315,0.10446,0.00049,0.00010,
16.267,5.09625,0.01966,2.19195,1.35315,0.10017,0.00049,0.00010,
16.268,5.09875,0.01945,1.37680,0.80293,0.09915,0.00049,0.00010,
16.269,5.09625,0.02070,2.27428,0.26574,0.10550,0.00049,0.00010,
16.270,5.09875,0.01945,2.54655,2.49927,0.09915,0.00049,0.00010,
16.271,5.09625,0.01945,2.32808,1.05318,0.09910,0.00049,0.00010,
16.272,5.09500,0.02091,2.49193,0.76625,0.10654,0.00049,0.00010,
16.273,5.09500,0.02070,3.05357,1.16567,0.10547,0.00049,0.00010,
16.274,5.09625,0.02070,1.76889,0.59017,0.10550,0.00049,0.00010,
16.275,5.09500,0.01986,0.46871,1.26838,0.10121,0.00049,0.00010,
16.276,5.09875,0.02091,1.31322,1.66455,0.10661,0.00049,0.00010,
16.277,5.09625,0.01924,1.58955,1.29528,0.09804,0.00049,0.00010,
16.278,5.09875,0.01945,1.58955,1.29528,0.09915,0.00049,0.00010,
16.279,5.09750,0.02049,1.54635,0.00571,0.10446,0.00049,0.00010,
16.280,5.10000,0.01924,2.09658,1.23578,0.09811,0.00049,0.00010,
16.281,5.09750,0.01924,1.95067,1.43875,0.09806,0.00049,0.00010,
16.282,5.09750,0.01986,2.32401,0.89015,0.10126,0.00049,0.00010,
16.283,5.09500,0.01986,3.05194,0.01223,0.10121,0.00049,0.00010,
16.284,5.09750,0.01966,1.43793,1.82432,0.10019,0.00049,0.00010,
16.285,5.09625,0.02070,3.06417,0.01549,0.10550,0.00049,0.00010,
16.286,5.09750,0.01903,0.86569,1.95963,0.09700,0.00049,0.00010,
16.287,5.09875,0.01924,1.54390,0.00652,0.09809,0.00049,0.00010,
16.288,5.09625,0.02007,2.12266,1.25126,0.10230,0.00049,0.00010,
16.289,5.09750,0.02007,2.12266,1.25126,0.10233,0.00049,0.00010,
16.290,5.09625,0.02007,1.74363,1.25698,0.10230,0.00049,0.00010,
16.291,5.09625,0.02049,2.76665,0.85592,0.10443,0.00049,0.00010,
16.292,5.09625,0.02049,1.96617,0.42062,0.10443,0.00049,0.00010,
16.293,5.09625,0.02007,3.05603,1.25535,0.10230,0.00049,0.00010,
16.294,5.09875,0.02070,1.97432,1.30181,0.10555,0.00049,0.00010,
16.295,5.09875,0.02007,3.06745,0.01549,0.10235,0.00049,0.00010,
16.296,5.09750,0.02007,1.50968,1.39637,0.10233,0.00049,0.00010,
16.297,5.09750,0.02049,2.43488,0.80538,0.10446,0.00049,0.00010,
16.298,5.09750,0.02112,1.90992,1.40778,0.10765,0.00049,0.00010,
16.299,5.09625,0.01986,2.66639,1.21459,0.10123,0.00049,0.00010,
16.300,5.09625,0.01986,2.66639,1.21459,0.10123,0.00049,0.00010,
16.301,5.09750,0.01986,1.98980,0.00734,0.10126,0.00049,0.00010,
16.302,5.09875,0.02049,1.73955,0.57795,0.10448,0.00049,0.00010,
16.303,5.10000,0.02070,3.05196,0.01712,0.10557,0.00049,0.00010,
16.304,5.09875,0.01903,2.08599,1.08335,0.09702,0.00049,0.00010,
16.305,5.10000,0.01966,3.06500,0.02690,0.10024,0.00049,0.00010,
16.306,5.09625,0.02028,1.54717,0.64805,0.10337,0.00049,0.00010,
16.307,5.09875,0.01945,0.62278,2.05420,0.09915,0.00049,0.00010,
16.308,5.09875,0.01966,1.71673,0.59018,0.10022,0.00049,0.00010,
16.309,5.09875,0.02070,1.14530,1.27817,0.10555,0.00049,0.00010,
16.310,5.09625,0.02070,2.78703,2.40880,0.10550,0.00049,0.00010,
16.311,5.09375,0.02070,2.78703,2.40880,0.10545,0.00049,0.00010,
16.312,5.09625,0.02007,3.07886,0.06032,0.10230,0.00049,0.00010,
16.313,5.09500,0.02007,3.05196,1.16975,0.10227,0.00049,0.00010,
16.314,5.09375,0.02070,2.25473,0.99205,0.10545,0.00049,0.00010,
16.315,5.10000,0.01966,1.03770,0.48665,0.10024,0.00049,0.00010,
16.316,5.09500,0.02154,2.20011,1.75015,0.10973,0.00049,0.00010,
16.317,5.09625,0.02133,2.20501,0.42225,0.10869,0.00049,0.00010,
16.318,5.09625,0.02007,1.67841,2.22946,0.10230,0.00049,0.00010,
16.319,5.10000,0.02007,1.94252,0.33748,0.10238,0.00049,0.00010,
16.320,5.09875,0.02154,2.03627,1.97350,0.10981,0.00049,0.00010,
16.321,5.09875,0.02133,2.70307,0.58365,0.10875,0.00049,0.00010,
16.322,5.09625,0.01966,2.70307,0.58365,0.10017,0.00049,0.00010,
16.323,5.09750,0.02091,3.06175,1.45099,0.10659,0.00049,0.00010,
16.324,5.09625,0.02091,1.92460,0.65050,0.10656,0.00049,0.00010,
16.325,5.09500,0.02007,3.08212,0.23640,0.10227,0.00049,0.00010,
16.326,5.09500,0.01966,3.09109,0.78908,0.10014,0.00049,0.00010,
16.327,5.09500,0.02070,3.09191,0.90320,0.10547,0.00049,0.00010,
16.328,5.09750,0.02070,2.16751,1.95231,0.10552,0.00049,0.00010,
16.329,5.09500,0.01924,1.60342,1.67190,0.09801,0.00049,0.00010,
16.330,5.09500,0.01986,1.96780,1.17628,0.10121,0.00049,0.00010,
16.331,5.09750,0.02070,2.27022,0.94640,0.10552,0.00049,0.00010,
16.332,5.09875,0.02049,1.51457,1.57652,0.10448,0.00049,0.00010,
16.333,5.09750,0.01986,1.51457,1.57652,0.10126,0.00049,0.00010,
16.334,5.09125,0.02049,2.20583,0.45568,0.10433,0.00049,0.00010,
16.335,5.09500,0.02070,1.61321,1.84961,0.10547,0.00049,0.00010,
16.336,5.09500,0.02028,0.74343,0.81924,0.10334,0.00049,0.00010,
16.337,5.09750,0.02028,2.01916,2.21072,0.10339,0.00049,0.00010,
16.338,5.10000,0.01966,2.38680,0.84451,0.10024,0.00049,0.00010,
16.339,5.09375,0.02070,1.69391,1.72244,0.10545,0.00049,0.00010,
16.340,5.09625,0.02112,2.78541,2.41125,0.10763,0.00049,0.00010,
16.341,5.09875,0.02028,2.72020,2.03465,0.10342,0.00049,0.00010,
16.342,5.09750,0.02112,2.32158,1.47055,0.10765,0.00049,0.00010,
16.343,5.10000,0.02049,3.05197,0.02119,0.10451,0.00049,0.00010,
16.344,5.09875,0.02028,3.05197,0.02119,0.10342,0.00049,0.00010,
16.345,5.09875,0.02154,2.87752,1.57897,0.10981,0.00049,0.00010,
16.346,5.09875,0.02154,2.45608,2.65417,0.10981,0.00049,0.00010,
16.347,5.09500,0.02070,0.52822,1.18280,0.10547,0.00049,0.00010,
16.348,5.09750,0.02007,2.02975,1.17139,0.10233,0.00049,0.00010,
16.349,5.09875,0.02049,3.11310,1.22111,0.10448,0.00049,0.00010,
16.350,5.09750,0.02133,2.10067,1.92052,0.10872,0.00049,0.00010,
16.351,5.09750,0.02049,2.12757,0.44426,0.10446,0.00049,0.00010,
16.352,5.09875,0.02112,2.81557,2.22784,0.10768,0.00049,0.00010,
16.353,5.09750,0.02070,3.05686,1.28714,0.10552,0.00049,0.00010,
16.354,5.09750,0.02028,2.14306,1.21459,0.10339,0.00049,0.00010,
16.355,5.09750,0.02028,2.14306,1.21459,0.10339,0.00049,0.00010,
16.356,5.09750,0.02091,1.72978,0.00000,0.10659,0.00049,0.00010,
16.357,5.09625,0.02133,1.41839,1.51865,0.10869,0.00049,0.00010,
16.358,5.09750,0.01924,2.23029,1.86021,0.09806,0.00049,0.00010,
16.359,5.09750,0.01903,1.05971,1.31894,0.09700,0.00049,0.00010,
16.360,5.09750,0.01966,1.94091,2.33626,0.10019,0.00049,0.00010,
16.361,5.09875,0.02028,1.66457,2.82699,0.10342,0.00049,0.00010,
16.362,5.09875,0.01986,2.64929,2.37295,0.10128,0.00049,0.00010,
16.363,5.09875,0.01986,3.05605,1.84879,0.10128,0.00049,0.00010,
16.364,5.09750,0.01986,1.75831,1.40208,0.10126,0.00049,0.00010,
16.365,5.09625,0.02007,3.08295,0.16222,0.10230,0.00049,0.00010,
16.366,5.09500,0.02070,3.08295,0.16222,0.10547,0.00049,0.00010,
16.367,5.09750,0.01986,2.55310,2.91259,0.10126,0.00049,0.00010,
16.368,5.09625,0.02070,1.43551,2.09335,0.10550,0.00049,0.00010,
16.369,5.09875,0.02028,1.73304,1.56267,0.10342,0.00049,0.00010,
16.370,5.09875,0.02028,0.63828,1.43306,0.10342,0.00049,0.00010,
16.371,5.09750,0.02007,1.40372,0.81598,0.10233,0.00049,0.00010,
16.372,5.09750,0.01966,2.77401,2.40311,0.10019,0.00049,0.00010,
16.373,5.09625,0.01966,3.05443,1.23661,0.10017,0.00049,0.00010,
16.374,5.09500,0.02049,2.68108,1.97270,0.10441,0.00049,0.00010,
16.375,5.09750,0.02070,3.08296,0.28449,0.10552,0.00049,0.00010,
16.376,5.09875,0.01966,3.08296,0.28449,0.10022,0.00049,0.00010,
16.377,5.09750,0.02070,2.20829,1.35481,0.10552,0.00049,0.00010,
16.378,5.09875,0.01945,2.20829,1.35481,0.09915,0.00049,0.00010,
16.379,5.09625,0.01924,1.95153,2.73084,0.09804,0.00049,0.00010,
16.380,5.09750,0.01945,2.38113,1.01897,0.09913,0.00049,0.00010,
16.381,5.09500,0.01966,2.51074,0.73529,0.10014,0.00049,0.00010,
16.382,5.09500,0.01966,1.62301,1.70942,0.10014,0.00049,0.00010,
16.383,5.09500,0.01945,3.05283,0.01793,0.09908,0.00049,0.00010,
16.384,5.09250,0.02007,2.47242,2.68029,0.10222,0.00049,0.00010,
16.385,5.09500,0.01966,3.09114,0.54698,0.10014,0.00049,0.00010,
16.386,5.09500,0.02007,1.97680,1.41107,0.10227,0.00049,0.00010,
16.387,5.09625,0.01966,1.14206,1.28798,0.10017,0.00049,0.00010,
16.388,5.09500,0.01986,2.08603,0.00326,0.10121,0.00049,0.00010,
16.389,5.09500,0.02028,2.08603,0.00326,0.10334,0.00049,0.00010,
16.390,5.09625,0.02070,2.06319,0.00000,0.10550,0.00049,0.00010,
16.391,5.09625,0.02070,2.06808,0.63828,0.10550,0.00049,0.00010,
16.392,5.10125,0.01945,2.20340,1.13960,0.09920,0.00049,0.00010,
16.393,5.09875,0.02091,3.05932,1.30101,0.10661,0.00049,0.00010,
16.394,5.09875,0.02070,1.97189,1.63197,0.10555,0.00049,0.00010,
16.395,5.09500,0.01966,3.06992,0.01304,0.10014,0.00050,0.00010,
16.396,5.09500,0.02049,0.48910,1.07195,0.10441,0.00050,0.00010,
16.397,5.09875,0.02049,1.85369,1.48198,0.10448,0.00050,0.00010,
16.398,5.09875,0.01966,2.39415,0.84696,0.10022,0.00050,0.00010,
16.399,5.09875,0.01966,1.73305,2.81151,0.10022,0.00050,0.00010,
16.400,5.09875,0.01966,1.73305,2.81151,0.10022,0.00050,0.00010,
16.401,5.09875,0.02049,2.09820,0.01141,0.10448,0.00050,0.00010,
16.402,5.09750,0.02007,1.97022,1.20153,0.10233,0.00050,0.00010,
16.403,5.09750,0.01966,3.05927,1.15996,0.10019,0.00050,0.00010,
16.404,5.09875,0.02070,3.10084,0.01956,0.10555,0.00050,0.00010,
16.405,5.09750,0.01945,2.10880,2.67777,0.09913,0.00050,0.00010,
16.406,5.09625,0.01924,3.18643,0.00082,0.09804,0.00050,0.00010,
16.407,5.09750,0.02028,2.15689,1.21621,0.10339,0.00050,0.00010,
16.408,5.09875,0.02049,2.75358,0.65294,0.10448,0.00050,0.00010,
16.409,5.09875,0.01966,1.90093,1.20724,0.10022,0.00050,0.00010,
16.410,5.09750,0.01966,1.75095,1.60993,0.10019,0.00050,0.00010,
16.411,5.09750,0.01924,1.75095,1.60993,0.09806,0.00050,0.00010,
16.412,5.09875,0.02175,3.08362,0.12471,0.11088,0.00050,0.00010,
16.413,5.09500,0.02112,3.05835,2.65812,0.10760,0.00050,0.00010,
16.414,5.09875,0.02049,1.31072,1.22921,0.10448,0.00050,0.00010,
16.415,5.09875,0.02133,3.06732,0.01875,0.10875,0.00050,0.00010,
16.416,5.09750,0.02007,1.71584,1.11591,0.10233,0.00050,0.00010,
16.417,5.09875,0.02028,2.24893,1.61232,0.10342,0.00050,0.00010,
16.418,5.09875,0.02133,2.69969,2.26442,0.10875,0.00050,0.00010,
16.419,5.09875,0.02133,2.77469,2.40217,0.10875,0.00050,0.00010,
16.420,5.09875,0.02049,2.58639,0.68389,0.10448,0.00050,0.00010,
16.421,5.09750,0.02028,2.16905,1.16889,0.10339,0.00050,0.00010,
16.422,5.09500,0.02175,2.16905,1.16889,0.11080,0.00050,0.00010,
16.423,5.10000,0.02070,3.05591,0.02119,0.10557,0.00050,0.00010,
16.424,5.09625,0.02007,2.29866,1.73459,0.10230,0.00050,0.00010,
16.425,5.09875,0.01924,3.06406,0.01630,0.09809,0.00050,0.00010,
16.426,5.09500,0.01966,1.30746,1.88702,0.10014,0.00050,0.00010,
16.427,5.09500,0.02028,2.95646,2.73556,0.10334,0.00050,0.00010,
16.428,5.09625,0.02028,2.05493,0.00734,0.10337,0.00050,0.00010,
16.429,5.09750,0.01882,1.77535,0.00815,0.09593,0.00050,0.00010,
16.430,5.09625,0.01966,2.28317,1.42077,0.10017,0.00050,0.00010,
16.431,5.09875,0.01986,2.38914,0.88604,0.10128,0.00050,0.00010,
16.432,5.09750,0.01986,1.55119,1.76801,0.10126,0.00050,0.00010,
16.433,5.09875,0.01966,1.55119,1.76801,0.10022,0.00050,0.00010,
16.434,5.09750,0.02007,3.05023,1.48191,0.10233,0.00050,0.00010,
16.435,5.10125,0.02028,1.39062,0.01060,0.10347,0.00050,0.00010,
16.436,5.10125,0.02028,3.10892,0.01060,0.10347,0.00050,0.00010,
16.437,5.09875,0.02028,1.99056,0.73199,0.10342,0.00050,0.00010,
16.438,5.09875,0.02091,0.52087,0.93903,0.10661,0.00050,0.00010,
16.439,5.09500,0.02133,0.71650,1.79003,0.10867,0.00050,0.00010,
16.440,5.09750,0.01945,1.87481,1.26183,0.09913,0.00050,0.00010,
16.441,5.09750,0.02070,1.66369,0.01223,0.10552,0.00050,0.00010,
16.442,5.09750,0.02133,1.59359,1.36453,0.10872,0.00050,0.00010,
16.443,5.09500,0.02028,3.05675,1.66695,0.10334,0.00050,0.00010,
16.444,5.09875,0.02091,3.05675,1.66695,0.10661,0.00050,0.00010,
16.445,5.09875,0.02070,3.09595,0.64723,0.10555,0.00050,0.00010,
16.446,5.09875,0.02070,3.09187,0.57631,0.10555,0.00050,0.00010,
16.447,5.10000,0.02007,3.07394,0.10026,0.10238,0.00050,0.00010,
16.448,5.09875,0.02112,0.93905,0.77847,0.10768,0.00050,0.00010,
16.449,5.09625,0.02070,2.69652,2.81798,0.10550,0.00050,0.00010,
16.450,5.09875,0.01986,1.43874,0.70755,0.10128,0.00050,0.00010,
16.451,5.09750,0.02154,2.17238,0.50702,0.10979,0.00050,0.00010,
16.452,5.10000,0.02091,1.99957,2.08190,0.10664,0.00050,0.00010,
16.453,5.09750,0.01966,3.06171,0.00408,0.10019,0.00050,0.00010,
16.454,5.09750,0.02112,2.59789,2.48540,0.10765,0.00050,0.00010,
16.455,5.09750,0.02112,2.59789,2.48540,0.10765,0.00050,0.00010,
16.456,5.09750,0.02091,0.54941,0.94068,0.10659,0.00050,0.00010,
16.457,5.09375,0.02070,2.13243,2.94024,0.10545,0.00050,0.00010,
16.458,5.09750,0.01882,1.16648,0.18422,0.09593,0.00050,0.00010,
16.459,5.09625,0.01903,3.09268,0.60729,0.09697,0.00050,0.00010,
16.460,5.09250,0.02070,2.11450,0.59832,0.10542,0.00050,0.00010,
16.461,5.09625,0.02049,2.03706,1.30750,0.10443,0.00050,0.00010,
16.462,5.09375,0.01966,1.48765,0.87873,0.10012,0.00050,0.00010,
16.463,5.09375,0.02112,3.05192,0.01793,0.10758,0.00050,0.00010,
16.464,5.09750,0.02112,0.72304,1.48113,0.10765,0.00050,0.00010,
16.465,5.09500,0.02070,2.09412,0.00245,0.10547,0.00050,0.00010,
16.466,5.09875,0.02049,2.09412,0.00245,0.10448,0.00050,0.00010,
16.467,5.09750,0.02091,3.07638,0.01386,0.10659,0.00050,0.00010,
16.468,5.09750,0.02112,1.50314,1.76236,0.10765,0.00050,0.00010,
16.469,5.09875,0.01986,1.62786,1.84061,0.10128,0.00050,0.00010,
16.470,5.10000,0.02133,3.08942,0.45812,0.10877,0.00050,0.00010,
16.471,5.09750,0.01966,1.86344,2.31340,0.10019,0.00050,0.00010,
16.472,5.09750,0.02112,1.19338,0.50213,0.10765,0.00050,0.00010,
16.473,5.09875,0.02112,3.05682,0.00652,0.10768,0.00050,0.00010,
16.474,5.09625,0.01966,1.81453,0.00326,0.10017,0.00050,0.00010,
16.475,5.10000,0.02028,3.07964,0.14510,0.10344,0.00050,0.00010,
16.476,5.09750,0.01861,1.63030,1.68410,0.09486,0.00050,0.00010,
16.477,5.09875,0.02007,1.63030,1.68410,0.10235,0.00050,0.00010,
16.478,5.09625,0.02049,3.07720,0.04402,0.10443,0.00050,0.00010,
16.479,5.09875,0.01945,1.62867,3.02503,0.09915,0.00050,0.00010,
16.480,5.09625,0.01882,1.50314,0.67576,0.09591,0.00050,0.00010,
16.481,5.09625,0.02007,1.65802,2.25960,0.10230,0.00050,0.00010,
16.482,5.09875,0.02007,1.67351,1.68329,0.10235,0.00050,0.00010,
16.483,5.09625,0.01903,3.05437,0.00897,0.09697,0.00050,0.00010,
16.484,5.09875,0.01945,2.18787,0.00163,0.09915,0.00050,0.00010,
16.485,5.09750,0.02049,1.73627,0.00652,0.10446,0.00050,0.00010,
16.486,5.09875,0.02028,2.63946,2.45850,0.10342,0.00050,0.00010,
16.487,5.09750,0.02070,2.29547,1.72812,0.10552,0.00050,0.00010,
16.488,5.09875,0.02070,2.29547,1.72812,0.10555,0.00050,0.00010,
16.489,5.10125,0.02091,2.27265,0.00815,0.10667,0.00050,0.00010,
16.490,5.10125,0.02007,2.09576,1.22110,0.10240,0.00050,0.00010,
16.491,5.09500,0.02007,1.61400,1.73302,0.10227,0.00050,0.00010,
16.492,5.09625,0.02070,3.08699,0.32769,0.10550,0.00050,0.00010,
16.493,5.09875,0.02133,3.05764,0.92112,0.10875,0.00050,0.00010,
16.494,5.09875,0.01945,1.42733,0.00652,0.09915,0.00050,0.00010,
16.495,5.09750,0.02028,2.40959,0.00571,0.10339,0.00050,0.00010,
16.496,5.09875,0.02028,1.65069,1.70286,0.10342,0.00050,0.00010,
16.497,5.09750,0.01986,2.47644,1.65965,0.10126,0.00050,0.00010,
16.498,5.09875,0.02007,3.09188,0.53474,0.10235,0.00050,0.00010,
16.499,5.09875,0.02070,3.09188,0.53474,0.10555,0.00050,0.00010,
16.500,5.09875,0.02070,0.81434,2.20663,0.10555,0.00050,0.00010,
16.501,5.09875,0.01945,1.70041,1.78682,0.09915,0.00050,0.00010,
16.502,5.09750,0.01986,2.65904,2.46095,0.10126,0.00050,0.00010,
16.503,5.09750,0.01986,3.05357,0.02038,0.10126,0.00050,0.00010,
16.504,5.09750,0.01903,2.13408,1.43467,0.09700,0.00050,0.00010,
16.505,5.09500,0.01945,2.23027,0.26574,0.09908,0.00050,0.00010,
16.506,5.09875,0.01966,2.52209,1.71020,0.10022,0.00050,0.00010,
16.507,5.09875,0.01986,0.43855,0.90808,0.10128,0.00050,0.00010,
16.508,5.09875,0.02007,1.48440,0.00408,0.10235,0.00050,0.00010,
16.509,5.09500,0.02007,1.03117,0.49969,0.10227,0.00050,0.00010,
16.510,5.09750,0.01966,1.03117,0.49969,0.10019,0.00050,0.00010,
16.511,5.09875,0.02028,2.36396,1.76971,0.10342,0.00050,0.00010,
16.512,5.09875,0.01986,2.24658,2.61177,0.10128,0.00050,0.00010,
16.513,5.09625,0.01945,3.06255,0.00571,0.09910,0.00050,0.00010,
16.514,5.09750,0.02070,1.18606,0.53230,0.10552,0.00050,0.00010,
16.515,5.09750,0.02070,3.07886,0.09700,0.10552,0.00050,0.00010,
16.516,5.09500,0.01945,2.37619,0.99205,0.09908,0.00050,0.00010,
16.517,5.09500,0.02133,1.64825,1.86753,0.10867,0.00050,0.00010,
16.518,5.09750,0.02133,1.58467,2.84083,0.10872,0.00050,0.00010,
16.519,5.09875,0.02091,2.94517,2.67535,0.10661,0.00050,0.00010,
16.520,5.09625,0.01986,1.81128,3.01283,0.10123,0.00050,0.00010,
16.521,5.09750,0.02091,1.81128,3.01283,0.10659,0.00050,0.00010,
16.522,5.09875,0.02028,0.76952,2.04036,0.10342,0.00050,0.00010,
16.523,5.09625,0.01945,3.06014,0.00082,0.09910,0.00050,0.00010,
16.524,5.09875,0.01986,1.02793,1.13308,0.10128,0.00050,0.00010,
16.525,5.09875,0.01966,1.21215,0.09293,0.10022,0.00050,0.00010,
16.526,5.09875,0.02028,1.72082,1.65479,0.10342,0.00050,0.00010,
16.527,5.09750,0.02028,1.90341,0.00000,0.10339,0.00050,0.00010,
16.528,5.09875,0.01945,3.06829,0.01141,0.09915,0.00050,0.00010,
16.529,5.09875,0.02091,1.71674,0.00000,0.10661,0.00050,0.00010,
16.530,5.09500,0.02049,2.10232,2.93868,0.10441,0.00050,0.00010,
16.531,5.09625,0.01924,1.55941,1.83576,0.09804,0.00050,0.00010,
16.532,5.09875,0.01966,1.55941,1.83576,0.10022,0.00050,0.00010,
16.533,5.09875,0.02070,3.05461,0.00408,0.10555,0.00050,0.00010,
16.534,5.09750,0.01861,1.89375,0.00000,0.09486,0.00050,0.00010,
16.535,5.09875,0.01945,0.52418,1.14701,0.09915,0.00050,0.00010,
16.536,5.09875,0.01945,1.97527,0.00000,0.09915,0.00050,0.00010,
16.537,5.09750,0.01986,2.28179,1.64511,0.10126,0.00050,0.00010,
16.538,5.09875,0.01945,2.28179,1.64511,0.09915,0.00050,0.00010,
16.539,5.09875,0.02028,2.18804,1.33858,0.10342,0.00050,0.00010,
16.540,5.09625,0.02028,0.75652,0.83723,0.10337,0.00050,0.00010,
16.541,5.09750,0.01945,0.92609,1.19266,0.09913,0.00050,0.00010,
16.542,5.09875,0.02028,2.33396,1.50000,0.10342,0.00050,0.00010,
16.543,5.09750,0.02049,3.03668,0.02283,0.10446,0.00050,0.00010,
16.544,5.09875,0.02112,3.03668,0.02283,0.10768,0.00050,0.00010,
16.545,5.09875,0.02049,3.08069,0.08397,0.10448,0.00050,0.00010,
16.546,5.09625,0.02049,2.48233,1.93858,0.10443,0.00050,0.00010,
16.547,5.09875,0.02028,2.95597,2.76521,0.10342,0.00050,0.00010,
16.548,5.09875,0.02070,0.69456,1.86195,0.10555,0.00050,0.00010,
16.549,5.09750,0.02007,2.48803,0.00652,0.10233,0.00050,0.00010,
16.550,5.09625,0.02049,0.51522,1.11929,0.10443,0.00050,0.00010,
16.551,5.10000,0.02112,1.79836,2.41956,0.10771,0.00050,0.00010,
16.552,5.09500,0.01986,1.31413,1.61005,0.10121,0.00050,0.00010,
16.553,5.09875,0.02112,3.05950,2.54021,0.10768,0.00050,0.00010,
16.554,5.09875,0.02049,2.80678,2.43912,0.10448,0.00050,0.00010,
16.555,5.09875,0.02049,2.80678,2.43912,0.10448,0.00050,0.00010,
16.556,5.10000,0.01945,2.22388,0.00326,0.09918,0.00050,0.00010,
16.557,5.10000,0.02028,1.53503,1.56112,0.10344,0.00050,0.00010,
16.558,5.09875,0.02112,2.85077,2.34942,0.10768,0.00050,0.00010,
16.559,5.09750,0.01903,2.64860,1.90595,0.09700,0.00050,0.00010,
16.560,5.09750,0.01945,1.98013,1.53584,0.09913,0.00050,0.00010,
16.561,5.09875,0.01882,1.61166,2.37224,0.09595,0.00050,0.00010,
16.562,5.09875,0.01966,1.54318,1.78774,0.10022,0.00050,0.00010,
16.563,5.09875,0.01966,3.05702,1.40949,0.10022,0.00050,0.00010,
16.564,5.09500,0.01966,1.49508,0.67010,0.10014,0.00050,0.00010,
16.565,5.09625,0.01924,2.84588,2.29072,0.09804,0.00050,0.00010,
16.566,5.09750,0.02049,2.84588,2.29072,0.10446,0.00050,0.00010,
16.567,5.09750,0.01986,3.07564,0.04891,0.10126,0.00050,0.00010,
16.568,5.09875,0.02049,2.68762,1.96375,0.10448,0.00050,0.00010,
16.569,5.09875,0.02091,0.44182,0.90729,0.10661,0.00050,0.00010,
16.570,5.09500,0.01882,2.07624,0.00978,0.09588,0.00050,0.00010,
16.571,5.10000,0.01986,2.72756,2.06320,0.10131,0.00050,0.00010,
16.572,5.10000,0.02070,3.09520,1.02875,0.10557,0.00050,0.00010,
16.573,5.09875,0.02070,3.06423,0.01386,0.10555,0.00050,0.00010,
16.574,5.09875,0.02007,3.06993,0.01630,0.10235,0.00050,0.00010,
16.575,5.09625,0.02028,1.83250,0.00163,0.10337,0.00050,0.00010,
16.576,5.09750,0.02133,2.73490,2.05831,0.10872,0.00050,0.00010,
16.577,5.09625,0.02070,2.73490,2.05831,0.10550,0.00050,0.00010,
16.578,5.09875,0.02028,3.07631,0.08803,0.10342,0.00050,0.00010,
16.579,5.09625,0.02049,0.97653,1.18194,0.10443,0.00050,0.00010,
16.580,5.09625,0.01945,1.52185,0.00815,0.09910,0.00050,0.00010,
16.581,5.09625,0.02028,2.68505,2.24162,0.10337,0.00050,0.00010,
16.582,5.09750,0.02028,1.63271,1.22922,0.10339,0.00050,0.00010,
16.583,5.09875,0.02028,3.05023,0.01956,0.10342,0.00050,0.00010,
16.584,5.09625,0.02028,0.93822,0.79883,0.10337,0.00050,0.00010,
16.585,5.09750,0.01861,1.64983,0.00326,0.09486,0.00050,0.00010,
16.586,5.09875,0.01945,1.75498,1.24389,0.09915,0.00050,0.00010,
16.587,5.09500,0.02112,2.11853,0.44017,0.10760,0.00050,0.00010,
16.588,5.09500,0.02049,2.11853,0.44017,0.10441,0.00050,0.00010,
16.589,5.09625,0.01986,3.08692,1.65717,0.10123,0.00050,0.00010,
16.590,5.09625,0.02133,0.70428,1.07598,0.10869,0.00050,0.00010,
16.591,5.09625,0.02133,1.67673,1.89600,0.10869,0.00050,0.00010,
16.592,5.09750,0.02091,3.09833,0.01793,0.10659,0.00050,0.00010,
16.593,5.09250,0.02049,3.05920,0.00326,0.10435,0.00050,0.00010,
16.594,5.09875,0.02070,3.08692,0.29915,0.10555,0.00050,0.00010,
16.595,5.09750,0.02049,0.79068,0.87872,0.10446,0.00050,0.00010,
16.596,5.10000,0.02049,0.63907,1.03685,0.10451,0.00050,0.00010,
16.597,5.09750,0.02091,2.30439,0.91540,0.10659,0.00050,0.00010,
16.598,5.09625,0.02070,3.16435,0.00163,0.10550,0.00050,0.00010,
16.599,5.09625,0.02070,3.16435,0.00163,0.10550,0.00050,0.00010,
16.600,5.09750,0.02070,1.47458,0.03913,0.10552,0.00050,0.00010,
16.601,5.09875,0.02112,2.15359,0.87546,0.10768,0.00050,0.00010,
16.602,5.09750,0.02133,1.68244,0.60320,0.10872,0.00050,0.00010,
16.603,5.09625,0.02007,3.05758,1.51045,0.10230,0.00050,0.00010,
16.604,5.09750,0.02112,2.21391,0.00978,0.10765,0.00050,0.00010,
16.605,5.09500,0.02112,1.85118,0.00571,0.10760,0.00050,0.00010,
16.606,5.09625,0.02028,0.83715,1.98241,0.10337,0.00050,0.00010,
16.607,5.09625,0.01945,1.90416,2.41688,0.09910,0.00050,0.00010,
16.608,5.09625,0.02028,1.85851,0.00326,0.10337,0.00050,0.00010,
16.609,5.09875,0.02028,3.06655,0.01875,0.10342,0.00050,0.00010,
16.610,5.09750,0.01966,3.06655,0.01875,0.10019,0.00050,0.00010,
16.611,5.09750,0.02007,3.06821,0.01956,0.10233,0.00050,0.00010,
16.612,5.09625,0.02007,2.32480,0.88199,0.10230,0.00050,0.00010,
16.613,5.10000,0.02028,3.05843,0.00652,0.10344,0.00050,0.00010,
16.614,5.09375,0.01903,1.82919,0.00571,0.09692,0.00050,0.00010,
16.615,5.09500,0.01945,1.69958,0.00082,0.09908,0.00050,0.00010,
16.616,5.09750,0.02007,0.44262,0.90155,0.10233,0.00050,0.00010,
16.617,5.09750,0.01945,2.49109,1.67513,0.09913,0.00050,0.00010,
16.618,5.09875,0.01945,1.50394,1.67187,0.09915,0.00050,0.00010,
16.619,5.09750,0.01986,2.08351,0.00408,0.10126,0.00050,0.00010,
16.620,5.09750,0.02112,0.47360,0.90400,0.10765,0.00050,0.00010,
16.621,5.09750,0.02091,0.47360,0.90400,0.10659,0.00050,0.00010,
16.622,5.09750,0.02007,1.40859,0.00000,0.10233,0.00050,0.00010,
16.623,5.09750,0.02028,3.05520,0.01956,0.10339,0.00050,0.00010,
16.624,5.09625,0.02070,1.32707,1.42571,0.10550,0.00050,0.00010,
16.625,5.09625,0.01986,2.18706,0.00815,0.10123,0.00050,0.00010,
16.626,5.09625,0.01986,0.62441,1.41674,0.10123,0.00050,0.00010,
16.627,5.09750,0.01986,2.19440,0.41410,0.10126,0.00050,0.00010,
16.628,5.09625,0.02070,3.08047,0.24944,0.10550,0.00050,0.00010,
16.629,5.09750,0.01966,0.43285,1.96860,0.10019,0.00050,0.00010,
16.630,5.09750,0.01945,1.14448,1.25534,0.09913,0.00050,0.00010,
16.631,5.09875,0.02070,1.62868,3.02178,0.10555,0.00050,0.00010,
16.632,5.09500,0.01966,1.62868,3.02178,0.10014,0.00050,0.00010,
16.633,5.09750,0.01986,3.05696,0.00734,0.10126,0.00050,0.00010,
16.634,5.09750,0.01966,2.05346,2.96647,0.10019,0.00050,0.00010,
16.635,5.09750,0.02049,2.18063,0.00897,0.10446,0.00050,0.00010,
16.636,5.09750,0.02049,2.52219,1.84722,0.10446,0.00050,0.00010,
16.637,5.09625,0.01986,2.43415,2.09422,0.10123,0.00050,0.00010,
16.638,5.09625,0.02007,2.47084,0.01060,0.10230,0.00050,0.00010,
16.639,5.09625,0.01966,3.17027,0.00652,0.10017,0.00050,0.00010,
16.640,5.09750,0.01986,3.06837,0.05625,0.10126,0.00050,0.00010,
16.641,5.09875,0.01966,2.83278,2.50833,0.10022,0.00050,0.00010,
16.642,5.09750,0.02133,0.79807,1.86434,0.10872,0.00050,0.00010,
16.643,5.09750,0.01966,0.79807,1.86434,0.10019,0.00050,0.00010,
16.644,5.09750,0.02007,3.08964,1.55787,0.10233,0.00050,0.00010,
16.645,5.09875,0.02007,1.51710,0.00245,0.10235,0.00050,0.00010,
16.646,5.10000,0.02070,1.69401,1.67199,0.10557,0.00050,0.00010,
16.647,5.09750,0.02112,1.58477,2.84345,0.10765,0.00050,0.00010,
16.648,5.09625,0.01986,1.94427,0.00734,0.10123,0.00050,0.00010,
16.649,5.09750,0.02007,3.07415,0.01712,0.10233,0.00050,0.00010,
16.650,5.09500,0.02112,3.06356,0.01386,0.10760,0.00050,0.00010,
16.651,5.09500,0.02070,1.81140,0.00489,0.10547,0.00050,0.00010,
16.652,5.09875,0.01966,2.60378,2.32498,0.10022,0.00050,0.00010,
16.653,5.09875,0.02070,3.08394,0.19157,0.10555,0.00050,0.00010,
16.654,5.10125,0.02070,3.08394,0.19157,0.10560,0.00050,0.00010,
16.655,5.09750,0.01966,2.92175,1.39442,0.10019,0.00050,0.00010,
16.656,5.09750,0.02049,2.07613,2.68364,0.10446,0.00050,0.00010,
16.657,5.09625,0.02049,2.50832,2.52218,0.10443,0.00050,0.00010,
16.658,5.09750,0.01945,3.06609,0.00979,0.09913,0.00050,0.00010,
16.659,5.09625,0.01882,1.81682,0.00815,0.09591,0.00050,0.00010,
16.660,5.09625,0.02070,2.17725,0.00082,0.10550,0.00050,0.00010,
16.661,5.09750,0.01924,2.04515,1.81845,0.09806,0.00050,0.00010,
16.662,5.09750,0.02007,1.86901,3.00819,0.10233,0.00050,0.00010,
16.663,5.09500,0.02007,3.05223,0.02039,0.10227,0.00050,0.00010,
16.664,5.09750,0.01966,1.68064,0.00000,0.10019,0.00050,0.00010,
16.665,5.09625,0.02028,1.68064,0.00000,0.10337,0.00050,0.00010,
16.666,5.09500,0.02007,3.07026,0.03017,0.10227,0.00050,0.00010,
16.667,5.09500,0.01986,2.32736,1.48742,0.10121,0.00050,0.00010,
16.668,5.09625,0.02007,1.61219,0.00245,0.10230,0.00050,0.00010,
16.669,5.09750,0.01924,3.08983,0.30336,0.09806,0.00050,0.00010,
16.670,5.09875,0.02007,3.08983,0.40203,0.10235,0.00050,0.00010,
16.671,5.09750,0.02070,0.69234,2.07049,0.10552,0.00050,0.00010,
16.672,5.09750,0.02070,0.65890,2.08680,0.10552,0.00050,0.00010,
16.673,5.09875,0.02028,3.05966,0.00897,0.10342,0.00050,0.00010,
16.674,5.09750,0.02028,1.92859,0.00163,0.10339,0.00050,0.00010,
16.675,5.09625,0.02028,2.36732,0.00652,0.10337,0.00050,0.00010,
16.676,5.10000,0.02028,2.36732,0.00652,0.10344,0.00050,0.00010,
16.677,5.09875,0.01924,1.54858,0.00815,0.09809,0.00050,0.00010,
16.678,5.09750,0.02070,3.15099,0.00245,0.10552,0.00050,0.00010,
16.679,5.09875,0.02091,2.05336,0.00571,0.10661,0.00050,0.00010,
16.680,5.09750,0.02070,3.07188,0.06034,0.10552,0.00050,0.00010,
16.681,5.09750,0.02028,1.41158,1.28845,0.10339,0.00050,0.00010,
16.682,5.09750,0.02028,3.16159,0.00489,0.10339,0.00050,0.00010,
16.683,5.09625,0.02091,3.05639,0.00408,0.10656,0.00050,0.00010,
16.684,5.09625,0.02028,3.02296,0.81873,0.10337,0.00050,0.00010,
16.685,5.09875,0.02112,1.48579,0.00571,0.10768,0.00050,0.00010,
16.686,5.09750,0.02070,0.66461,1.34879,0.10552,0.00050,0.00010,
16.687,5.09625,0.02028,0.66461,1.34879,0.10337,0.00050,0.00010,
16.688,5.09875,0.01966,3.06128,1.71249,0.10022,0.00050,0.00010,
16.689,5.09875,0.02154,1.90005,0.00245,0.10981,0.00050,0.00010,
16.690,5.09875,0.02154,3.06781,0.01549,0.10981,0.00050,0.00010,
16.691,5.09875,0.02070,1.00058,0.60100,0.10555,0.00050,0.00010,
16.692,5.09750,0.01986,2.24581,1.42300,0.10126,0.00050,0.00010,
16.693,5.09625,0.02112,3.05476,0.01468,0.10763,0.00050,0.00010,
16.694,5.09750,0.02070,1.82013,0.00815,0.10552,0.00050,0.00010,
16.695,5.10000,0.02028,3.06944,0.02773,0.10344,0.00050,0.00010,
16.696,5.09625,0.02070,2.12349,0.00652,0.10550,0.00050,0.00010,
16.697,5.09875,0.02133,1.62279,2.76201,0.10875,0.00050,0.00010,
16.698,5.09875,0.02070,1.62279,2.76201,0.10555,0.00050,0.00010,
16.699,5.09875,0.02154,1.62279,2.76201,0.10981,0.00050,0.00010,
16.700,5.09875,0.02154,3.07514,0.03099,0.10981,0.00050,0.00010,
16.701,5.09625,0.02070,3.06698,0.01712,0.10550,0.00050,0.00010,
16.702,5.09625,0.02070,2.30615,1.08539,0.10550,0.00050,0.00010,
16.703,5.09625,0.02070,3.05638,0.02120,0.10550,0.00050,0.00010,
16.704,5.09750,0.02070,0.67358,2.09250,0.10552,0.00050,0.00010,
16.705,5.09750,0.02070,1.97752,0.00245,0.10552,0.00050,0.00010,
16.706,5.09625,0.02049,1.45725,1.38304,0.10443,0.00050,0.00010,
16.707,5.09875,0.02049,2.11370,0.00408,0.10448,0.00050,0.00010,
16.708,5.09875,0.01986,0.60508,1.34797,0.10128,0.00050,0.00010,
16.709,5.09750,0.01986,2.40238,0.00163,0.10126,0.00050,0.00010,
16.710,5.09875,0.02049,2.40238,0.00163,0.10448,0.00050,0.00010,
16.711,5.09750,0.02070,2.43005,2.96172,0.10552,0.00050,0.00010,
16.712,5.09875,0.01966,1.89267,0.00571,0.10022,0.00050,0.00010,
16.713,5.09500,0.01903,3.06366,0.00897,0.09695,0.00050,0.00010,
16.714,5.09625,0.02007,2.32322,1.70430,0.10230,0.00050,0.00010,
16.715,5.09750,0.02049,3.06936,0.00571,0.10446,0.00050,0.00010,
16.716,5.10000,0.01903,0.44442,0.91249,0.09704,0.00050,0.00010,
16.717,5.10000,0.01986,1.10005,1.23704,0.10131,0.00050,0.00010,
16.718,5.09625,0.01986,1.62357,0.00000,0.10123,0.00050,0.00010,
16.719,5.09875,0.02091,0.91412,0.87172,0.10661,0.00050,0.00010,
16.720,5.09625,0.02133,3.07018,0.01794,0.10869,0.00050,0.00010,
16.721,5.09875,0.02049,3.07018,0.01794,0.10448,0.00050,0.00010,
16.722,5.09625,0.02070,2.49843,2.71288,0.10550,0.00050,0.00010,
16.723,5.09625,0.02091,3.06351,0.00245,0.10656,0.00050,0.00010,
16.724,5.09625,0.02007,2.50332,1.99532,0.10230,0.00050,0.00010,
16.725,5.09625,0.02070,1.72297,0.00734,0.10550,0.00050,0.00010,
16.726,5.09625,0.02049,0.61401,0.83091,0.10443,0.00050,0.00010,
16.727,5.09750,0.02049,0.84314,1.09021,0.10446,0.00050,0.00010,
16.728,5.09625,0.01945,2.83927,2.27419,0.09910,0.00050,0.00010,
16.729,5.09625,0.02091,1.73439,0.00978,0.10656,0.00050,0.00010,
16.730,5.10000,0.02028,1.85181,0.00489,0.10344,0.00050,0.00010,
16.731,5.09625,0.01986,2.91511,2.62808,0.10123,0.00050,0.00010,
16.732,5.09875,0.01966,2.91511,2.62808,0.10022,0.00050,0.00010,
16.733,5.09625,0.02112,3.05593,0.00326,0.10763,0.00050,0.00010,
16.734,5.09625,0.01945,0.70446,2.06528,0.09910,0.00050,0.00010,
16.735,5.09625,0.01986,1.93971,0.01141,0.10123,0.00050,0.00010,
16.736,5.09625,0.01986,1.84350,0.08317,0.10123,0.00050,0.00010,
16.737,5.09875,0.02112,1.41300,0.00489,0.10768,0.00050,0.00010,
16.738,5.09875,0.01945,3.06653,0.00815,0.09915,0.00050,0.00010,
16.739,5.09625,0.01945,2.34820,0.00000,0.09910,0.00050,0.00010,
16.740,5.10000,0.02112,3.07223,0.02283,0.10771,0.00050,0.00010,
16.741,5.09875,0.01966,1.70489,0.00652,0.10022,0.00050,0.00010,
16.742,5.09875,0.01945,1.10317,0.29026,0.09915,0.00050,0.00010,
16.743,5.09625,0.02028,1.10317,0.29026,0.10337,0.00050,0.00010,
16.744,5.09625,0.02049,3.07299,0.02609,0.10443,0.00051,0.00010,
16.745,5.09250,0.02049,2.93846,2.66125,0.10435,0.00051,0.00010,
16.746,5.09875,0.01903,1.46026,1.82390,0.09702,0.00051,0.00010,
16.747,5.09500,0.02007,3.07625,0.00897,0.10227,0.00051,0.00010,
16.748,5.09750,0.02007,1.98860,0.00489,0.10233,0.00051,0.00010,
16.749,5.09625,0.01966,0.95802,1.18713,0.10017,0.00051,0.00010,
16.750,5.09875,0.02028,3.07707,1.80189,0.10342,0.00051,0.00010,
16.751,5.09750,0.02154,3.06647,0.01305,0.10979,0.00051,0.00010,
16.752,5.09875,0.02070,3.07055,0.03751,0.10555,0.00051,0.00010,
16.753,5.09875,0.02007,3.05995,0.00326,0.10235,0.00051,0.00010,
16.754,5.09875,0.02007,3.05995,0.00326,0.10235,0.00051,0.00010,
16.755,5.09375,0.02091,3.08105,0.04158,0.10651,0.00051,0.00010,
16.756,5.09750,0.02175,1.32080,0.00489,0.11085,0.00051,0.00010,
16.757,5.09625,0.01945,2.78754,0.01060,0.09910,0.00051,0.00010,
16.758,5.09625,0.02070,2.45245,2.68725,0.10550,0.00051,0.00010,
16.759,5.09625,0.02070,1.35097,0.00897,0.10550,0.00051,0.00010,
16.760,5.09500,0.01986,1.80509,0.00245,0.10121,0.00051,0.00010,
16.761,5.09625,0.02007,2.37988,0.00326,0.10230,0.00051,0.00010,
16.762,5.09625,0.02133,1.30449,0.00489,0.10869,0.00051,0.00010,
16.763,5.09875,0.02133,2.99218,0.97674,0.10875,0.00051,0.00010,
16.764,5.09875,0.02007,2.88374,2.57637,0.10235,0.00051,0.00010,
16.765,5.09625,0.02007,2.88374,2.57637,0.10230,0.00051,0.00010,
16.766,5.10125,0.01945,2.83063,1.81235,0.09920,0.00051,0.00010,
16.767,5.09625,0.02007,1.44466,0.00000,0.10230,0.00051,0.00010,
16.768,5.09625,0.02028,1.74469,0.01223,0.10337,0.00051,0.00010,
16.769,5.09875,0.02070,1.47891,1.45363,0.10555,0.00051,0.00010,
16.770,5.09500,0.01986,3.09559,0.86093,0.10121,0.00051,0.00010,
16.771,5.09500,0.01945,3.06869,0.03098,0.09908,0.00051,0.00010,
16.772,5.09750,0.01945,1.52293,0.00000,0.09913,0.00051,0.00010,
16.773,5.09750,0.01945,2.60235,2.76296,0.09913,0.00051,0.00010,
16.774,5.09875,0.02070,1.14790,1.69658,0.10555,0.00051,0.00010,
16.775,5.09750,0.01986,1.39575,0.00245,0.10126,0.00051,0.00010,
16.776,5.09625,0.01966,1.39575,0.00245,0.10017,0.00051,0.00010,
16.777,5.09875,0.02112,3.09144,1.41854,0.10768,0.00051,0.00010,
16.778,5.09500,0.01903,3.08003,1.76421,0.09695,0.00051,0.00010,
16.779,5.09875,0.01986,1.55143,0.00978,0.10128,0.00051,0.00010,
16.780,5.09875,0.02028,2.35608,2.56316,0.10342,0.00051,0.00010,
16.781,5.09750,0.02028,3.09063,0.93428,0.10339,0.00051,0.00010,
16.782,5.09750,0.01945,1.69654,0.00082,0.09913,0.00051,0.00010,
16.783,5.09500,0.02049,3.05394,0.01304,0.10441,0.00051,0.00010,
16.784,5.09875,0.02049,0.80058,1.54246,0.10448,0.00051,0.00010,
16.785,5.09500,0.02091,1.55632,0.00978,0.10654,0.00051,0.00010,
16.786,5.09625,0.01924,3.06780,0.02609,0.09804,0.00051,0.00010,
16.787,5.09625,0.02154,3.06780,0.02609,0.10976,0.00051,0.00010,
16.788,5.09875,0.02112,2.12619,0.27230,0.10768,0.00051,0.00010,
16.789,5.09875,0.02070,1.91748,2.98220,0.10555,0.00051,0.00010,
16.790,5.09875,0.02070,3.03357,0.89352,0.10555,0.00051,0.00010,
16.791,5.09625,0.02112,3.07596,0.09049,0.10763,0.00051,0.00010,
16.792,5.09625,0.02175,1.64192,0.00571,0.11082,0.00051,0.00010,
16.793,5.09625,0.01986,3.06128,0.00571,0.10123,0.00051,0.00010,
16.794,5.09750,0.02091,1.71611,1.94928,0.10659,0.00051,0.00010,
16.795,5.09625,0.02007,3.09634,0.67748,0.10230,0.00051,0.00010,
16.796,5.09750,0.02070,3.08900,0.45573,0.10552,0.00051,0.00010,
16.797,5.09875,0.01945,1.40632,1.12505,0.09915,0.00051,0.00010,
16.798,5.09875,0.02091,1.40632,1.12505,0.10661,0.00051,0.00010,
16.799,5.09625,0.02091,3.07108,0.00978,0.10656,0.00051,0.00010,
16.800,5.09625,0.02028,1.22044,1.53187,0.10337,0.00051,0.00010,
16.801,5.09625,0.01966,2.14413,1.20985,0.10017,0.00051,0.00010,
16.802,5.09875,0.02070,0.89189,1.74058,0.10555,0.00051,0.00010,
16.803,5.09875,0.02070,3.05967,0.00734,0.10555,0.00051,0.00010,
16.804,5.09500,0.01986,0.77368,1.11854,0.10121,0.00051,0.00010,
16.805,5.09875,0.02112,1.81884,0.00408,0.10768,0.00051,0.00010,
16.806,5.10000,0.02112,3.08331,0.13859,0.10771,0.00051,0.00010,
16.807,5.10000,0.02007,1.74955,2.64959,0.10238,0.00051,0.00010,
16.808,5.09875,0.02007,1.62318,0.00082,0.10235,0.00051,0.00010,
16.809,5.09625,0.02133,1.62318,0.00082,0.10869,0.00051,0.00010,
16.810,5.09750,0.02154,1.48703,0.02446,0.10979,0.00051,0.00010,
16.811,5.09750,0.02070,2.27702,0.00163,0.10552,0.00051,0.00010,
16.812,5.09875,0.02133,3.07597,0.07093,0.10875,0.00051,0.00010,
16.813,5.09875,0.02070,3.05885,0.00163,0.10555,0.00051,0.00010,
16.814,5.09625,0.02070,0.94652,1.89629,0.10550,0.00051,0.00010,
16.815,5.09500,0.01945,1.83433,0.00082,0.09908,0.00051,0.00010,
16.816,5.09500,0.01986,1.78949,0.00897,0.10121,0.00051,0.00010,
16.817,5.10000,0.01986,3.06782,0.01875,0.10131,0.00051,0.00010,
16.818,5.09750,0.01966,1.21066,0.10761,0.10019,0.00051,0.00010,
16.819,5.09625,0.01966,3.06782,0.02690,0.10017,0.00051,0.00010,
16.820,5.09750,0.01966,3.06782,0.02690,0.10019,0.00051,0.00010,
16.821,5.09625,0.02049,3.07517,1.75770,0.10443,0.00051,0.00010,
16.822,5.09500,0.02007,1.47236,0.00652,0.10227,0.00051,0.00010,
16.823,5.09875,0.01966,3.05234,0.01794,0.10022,0.00051,0.00010,
16.824,5.09625,0.02028,0.84461,1.19680,0.10337,0.00051,0.00010,
16.825,5.09625,0.02112,3.08087,1.82619,0.10763,0.00051,0.00010,
16.826,5.09625,0.02112,3.07272,0.05544,0.10763,0.00051,0.00010,
16.827,5.09750,0.01966,3.07843,0.10925,0.10019,0.00051,0.00010,
16.828,5.09750,0.02175,1.93462,0.01141,0.11085,0.00051,0.00010,
16.829,5.09625,0.02154,1.96560,0.01223,0.10976,0.00051,0.00010,
16.830,5.09750,0.02007,0.53155,1.70227,0.10233,0.00051,0.00010,
16.831,5.09750,0.02091,0.53155,1.70227,0.10659,0.00051,0.00010,
16.832,5.09875,0.02154,3.07273,0.01467,0.10981,0.00051,0.00010,
16.833,5.09875,0.02007,3.05153,0.00489,0.10235,0.00051,0.00010,
16.834,5.09750,0.02154,2.94310,1.23594,0.10979,0.00051,0.00010,
16.835,5.09750,0.02091,0.61797,1.40959,0.10659,0.00051,0.00010,
16.836,5.09625,0.02091,1.80092,0.90331,0.10656,0.00051,0.00010,
16.837,5.10000,0.01986,1.79195,0.00000,0.10131,0.00051,0.00010,
16.838,5.10000,0.02070,1.31991,0.06033,0.10557,0.00051,0.00010,
16.839,5.09875,0.02070,1.70553,2.73847,0.10555,0.00051,0.00010,
16.840,5.09750,0.02007,0.42312,1.55063,0.10233,0.00051,0.00010,
16.841,5.09750,0.02154,3.07273,0.06114,0.10979,0.00051,0.00010,
16.842,5.09875,0.02133,3.07273,0.06114,0.10875,0.00051,0.00010,
16.843,5.09625,0.01966,0.45900,1.40634,0.10017,0.00051,0.00010,
16.844,5.09625,0.02112,1.80011,2.37977,0.10763,0.00051,0.00010,
16.845,5.09625,0.02112,3.07030,0.01957,0.10763,0.00051,0.00010,
16.846,5.09750,0.02112,2.10502,1.13730,0.10765,0.00051,0.00010,
16.847,5.09625,0.02007,3.08986,0.85440,0.10230,0.00051,0.00010,
16.848,5.09625,0.01945,1.97295,0.00000,0.09910,0.00051,0.00010,
16.849,5.09375,0.01882,1.88082,0.00978,0.09586,0.00051,0.00010,
16.850,5.09875,0.02049,0.51199,1.18377,0.10448,0.00051,0.00010,
16.851,5.09875,0.01966,3.15590,0.00571,0.10022,0.00051,0.00010,
16.852,5.09875,0.01986,2.43194,0.00408,0.10128,0.00051,0.00010,
16.853,5.09875,0.02049,2.43194,0.00408,0.10448,0.00051,0.00010,
16.854,5.09500,0.02049,3.07930,0.00326,0.10441,0.00051,0.00010,
16.855,5.10000,0.01986,3.08011,0.11088,0.10131,0.00051,0.00010,
16.856,5.09625,0.02049,3.08256,0.14267,0.10443,0.00051,0.00010,
16.857,5.09625,0.02070,3.08826,1.09247,0.10550,0.00051,0.00010,
16.858,5.09875,0.02070,3.08826,0.34405,0.10555,0.00051,0.00010,
16.859,5.09625,0.02028,1.68110,0.00000,0.10337,0.00051,0.00010,
16.860,5.09750,0.02091,3.07930,0.05707,0.10659,0.00051,0.00010,
16.861,5.09625,0.02133,3.07930,0.05707,0.10869,0.00051,0.00010,
16.862,5.09625,0.02007,2.28522,0.00082,0.10230,0.00051,0.00010,
16.863,5.09875,0.02007,3.05402,0.00897,0.10235,0.00051,0.00010,
16.864,5.09750,0.02112,1.35580,0.00000,0.10765,0.00051,0.00010,
16.865,5.09875,0.02133,1.35580,0.00000,0.10875,0.00051,0.00010,
16.866,5.09750,0.01986,3.14539,0.00978,0.10126,0.00051,0.00010,
16.867,5.09750,0.02112,1.41045,0.00815,0.10765,0.00051,0.00010,
16.868,5.09750,0.02133,3.07364,0.02609,0.10872,0.00051,0.00010,
16.869,5.09500,0.02007,3.09647,0.51608,0.10227,0.00051,0.00010,
16.870,5.09875,0.02091,2.05127,0.03587,0.10661,0.00051,0.00010,
16.871,5.09875,0.02028,2.63665,2.65540,0.10342,0.00051,0.00010,
16.872,5.09750,0.02028,1.41127,1.30446,0.10339,0.00051,0.00010,
16.873,5.09750,0.02007,2.13280,2.42875,0.10233,0.00051,0.00010,
16.874,5.09500,0.02007,3.06793,0.01712,0.10227,0.00051,0.00010,
16.875,5.09875,0.01966,3.13805,0.00571,0.10022,0.00051,0.00010,
16.876,5.10000,0.01903,3.13805,0.00571,0.09704,0.00051,0.00010,
16.877,5.09750,0.01986,2.73771,2.21104,0.10126,0.00051,0.00010,
16.878,5.09750,0.02028,2.04146,0.00326,0.10339,0.00051,0.00010,
16.879,5.09625,0.01924,1.44957,0.00082,0.09804,0.00051,0.00010,
16.880,5.09625,0.02070,3.09073,0.30165,0.10550,0.00051,0.00010,
16.881,5.09625,0.02070,3.07524,0.07664,0.10550,0.00051,0.00010,
16.882,5.09750,0.01924,0.70848,1.49849,0.09806,0.00051,0.00010,
16.883,5.09625,0.02133,3.05241,0.00652,0.10869,0.00051,0.00010,
16.884,5.09625,0.01986,2.08060,0.01549,0.10123,0.00051,0.00010,
16.885,5.10125,0.02007,3.01817,0.00652,0.10240,0.00051,0.00010,
16.886,5.09750,0.02154,3.08665,0.19893,0.10979,0.00051,0.00010,
16.887,5.09750,0.02133,3.08665,0.19893,0.10872,0.00051,0.00010,
16.888,5.09875,0.01966,3.08903,0.33670,0.10022,0.00051,0.00010,
16.889,5.09875,0.02133,2.81184,2.45476,0.10875,0.00051,0.00010,
16.890,5.09625,0.02133,3.17545,0.00815,0.10869,0.00051,0.00010,
16.891,5.09750,0.02049,2.73194,2.21914,0.10446,0.00051,0.00010,
16.892,5.09625,0.01986,3.07109,0.02690,0.10123,0.00051,0.00010,
16.893,5.09750,0.02070,3.06946,0.01467,0.10552,0.00051,0.00010,
16.894,5.09750,0.02112,3.06946,0.00897,0.10765,0.00051,0.00010,
16.895,5.10000,0.02007,3.09229,0.30083,0.10238,0.00051,0.00010,
16.896,5.09875,0.01945,1.50742,0.00897,0.09915,0.00051,0.00010,
16.897,5.09500,0.02070,2.27866,0.00897,0.10547,0.00051,0.00010,
16.898,5.09500,0.02133,2.27866,0.00897,0.10867,0.00051,0.00010,
16.899,5.09625,0.02133,3.00413,0.92855,0.10869,0.00051,0.00010,
16.900,5.09750,0.01966,3.06445,0.01304,0.10019,0.00051,0.00010,
16.901,5.09875,0.02175,3.09136,0.29348,0.11088,0.00051,0.00010,
16.902,5.09750,0.02007,3.06690,0.02038,0.10233,0.00051,0.00010,
16.903,5.09500,0.02007,3.05141,0.02690,0.10227,0.00051,0.00010,
16.904,5.09875,0.02091,3.09299,0.64485,0.10661,0.00051,0.00010,
16.905,5.09625,0.02091,3.06364,0.02364,0.10656,0.00051,0.00010,
16.906,5.09750,0.02028,3.07179,0.04484,0.10339,0.00051,0.00010,
16.907,5.09750,0.02112,2.41227,2.94217,0.10765,0.00051,0.00010,
16.908,5.10000,0.02112,1.68508,0.07989,0.10771,0.00051,0.00010,
16.909,5.09625,0.02070,1.68508,0.07989,0.10550,0.00051,0.00010,
16.910,5.09875,0.02028,2.56554,1.90275,0.10342,0.00051,0.00010,
16.911,5.09750,0.02070,3.09870,0.99458,0.10552,0.00051,0.00010,
16.912,5.09875,0.02112,1.84732,0.00000,0.10768,0.00051,0.00010,
16.913,5.09750,0.02049,2.96582,1.11605,0.10446,0.00051,0.00010,
16.914,5.09625,0.02028,3.08729,0.34892,0.10337,0.00051,0.00010,
16.915,5.09500,0.01945,3.06935,0.04076,0.09908,0.00051,0.00010,
16.916,5.09500,0.02091,3.08729,0.21767,0.10654,0.00051,0.00010,
16.917,5.09625,0.02091,2.14406,0.00489,0.10656,0.00051,0.00010,
16.918,5.09500,0.01986,3.08484,0.21522,0.10121,0.00051,0.00010,
16.919,5.09625,0.02070,1.82449,0.09131,0.10550,0.00051,0.00010,
16.920,5.09750,0.02091,1.82449,0.09131,0.10659,0.00051,0.00010,
16.921,5.09625,0.02070,1.58970,0.02609,0.10550,0.00051,0.00010,
16.922,5.09750,0.02007,1.39812,1.52937,0.10233,0.00051,0.00010,
16.923,5.09750,0.02112,2.96581,1.85873,0.10765,0.00051,0.00010,
16.924,5.09750,0.02049,3.08565,0.28125,0.10446,0.00051,0.00010,
16.925,5.09750,0.02049,3.18348,0.00815,0.10446,0.00051,0.00010,
16.926,5.09875,0.02049,3.09380,0.57963,0.10448,0.00051,0.00010,
16.927,5.09750,0.02070,2.32667,0.00163,0.10552,0.00051,0.00010,
16.928,5.10000,0.02091,2.70005,2.38863,0.10664,0.00051,0.00010,
16.929,5.09750,0.01945,3.09054,0.53316,0.09913,0.00051,0.00010,
16.930,5.09875,0.02049,3.09462,0.79322,0.10448,0.00051,0.00010,
16.931,5.09625,0.02091,3.09462,0.79322,0.10656,0.00051,0.00010,
16.932,5.09625,0.02007,3.07016,0.01712,0.10230,0.00051,0.00010,
16.933,5.09625,0.01966,3.04978,0.00408,0.10017,0.00051,0.00010,
16.934,5.09625,0.02112,1.76090,0.59023,0.10763,0.00051,0.00010,
16.935,5.09875,0.02112,1.49921,0.00734,0.10768,0.00051,0.00010,
16.936,5.09875,0.01966,2.74407,1.44215,0.10022,0.00051,0.00010,
16.937,5.09500,0.02070,3.19326,0.00326,0.10547,0.00051,0.00010,
16.938,5.09875,0.02070,2.34624,2.97234,0.10555,0.00051,0.00010,
16.939,5.09750,0.01966,3.09136,1.03616,0.10019,0.00051,0.00010,
16.940,5.09750,0.01986,3.06772,1.72829,0.10126,0.00051,0.00010,
16.941,5.09750,0.02028,3.15250,0.00734,0.10339,0.00051,0.00010,
16.942,5.09875,0.01945,3.15250,0.00734,0.09915,0.00051,0.00010,
16.943,5.09875,0.01966,3.05549,0.02038,0.10022,0.00051,0.00010,
16.944,5.09750,0.01966,3.06935,0.05217,0.10019,0.00051,0.00010,
16.945,5.09625,0.01945,0.62039,1.42095,0.09910,0.00051,0.00010,
16.946,5.09625,0.02112,2.36417,0.85192,0.10763,0.00051,0.00010,
16.947,5.09625,0.02112,3.14516,0.00652,0.10763,0.00051,0.00010,
16.948,5.09500,0.02028,3.07098,0.05217,0.10334,0.00051,0.00010,
16.949,5.09750,0.02070,0.62936,1.47720,0.10552,0.00051,0.00010,
16.950,5.09750,0.02091,1.95248,2.11308,0.10659,0.00051,0.00010,
16.951,5.10000,0.02007,0.50952,1.17964,0.10238,0.00051,0.00010,
16.952,5.10000,0.02133,2.20765,0.00163,0.10877,0.00051,0.00010,
16.953,5.09375,0.02133,2.20765,0.00163,0.10864,0.00051,0.00010,
16.954,5.09625,0.02091,0.42555,1.17149,0.10656,0.00051,0.00010,
16.955,5.09875,0.02049,1.58155,0.00000,0.10448,0.00051,0.00010,
16.956,5.09625,0.02133,3.08076,0.12065,0.10869,0.00051,0.00010,
16.957,5.09750,0.02070,0.76550,0.85681,0.10552,0.00051,0.00010,
16.958,5.09625,0.01966,2.99027,0.96768,0.10017,0.00051,0.00010,
16.959,5.09750,0.02112,3.09299,1.28236,0.10765,0.00051,0.00010,
16.960,5.09875,0.02070,3.08484,1.44622,0.10555,0.00051,0.00010,
16.961,5.09875,0.02070,3.02614,0.82094,0.10555,0.00051,0.00010,
16.962,5.09875,0.02070,0.56333,1.80982,0.10555,0.00051,0.00010,
16.963,5.09500,0.01945,3.09381,0.79893,0.09908,0.00051,0.00010,
16.964,5.09625,0.02112,3.09381,0.79893,0.10763,0.00051,0.00010,
16.965,5.09750,0.01986,3.08973,0.25109,0.10126,0.00051,0.00010,
16.966,5.09375,0.02028,3.07750,0.06603,0.10331,0.00051,0.00010,
16.967,5.09625,0.02049,2.43836,0.01060,0.10443,0.00051,0.00010,
16.968,5.09625,0.01966,1.06225,1.43236,0.10017,0.00051,0.00010,
16.969,5.09750,0.01986,3.09217,0.61550,0.10126,0.00051,0.00010,
16.970,5.09625,0.02133,1.80900,2.66744,0.10869,0.00051,0.00010,
16.971,5.09625,0.02133,1.56606,2.00384,0.10869,0.00051,0.00010,
16.972,5.09750,0.01966,3.09380,0.94730,0.10019,0.00051,0.00010,
16.973,5.09875,0.01903,1.27013,2.41798,0.09702,0.00051,0.00010,
16.974,5.10000,0.02028,2.98456,0.98235,0.10344,0.00051,0.00010,
16.975,5.09625,0.01966,2.98456,0.98235,0.10017,0.00051,0.00010,
16.976,5.09750,0.01903,1.72259,1.86199,0.09700,0.00051,0.00010,
16.977,5.10000,0.01966,1.70873,2.55249,0.10024,0.00051,0.00010,
16.978,5.09750,0.02028,0.75572,0.77773,0.10339,0.00051,0.00010,
16.979,5.09750,0.02112,3.06854,1.88482,0.10765,0.00051,0.00010,
16.980,5.09750,0.02112,0.72393,0.81523,0.10765,0.00051,0.00010,
16.981,5.09625,0.02007,2.96500,1.12502,0.10230,0.00051,0.00010,
16.982,5.09750,0.02049,3.08403,0.20136,0.10446,0.00051,0.00010,
16.983,5.09875,0.02154,3.04897,0.02120,0.10981,0.00051,0.00010,
16.984,5.09750,0.02049,3.08321,1.44622,0.10446,0.00051,0.00010,
16.985,5.09625,0.02133,2.05602,0.00245,0.10869,0.00051,0.00010,
16.986,5.09750,0.02154,2.05602,0.00245,0.10979,0.00051,0.00010,
16.987,5.09625,0.01945,0.43045,1.50411,0.09910,0.00051,0.00010,
16.988,5.09875,0.02070,3.09057,0.39213,0.10555,0.00051,0.00010,
16.989,5.09875,0.02133,3.07263,0.06766,0.10875,0.00051,0.00010,
16.990,5.09625,0.02133,3.09464,0.43697,0.10869,0.00051,0.00010,
16.991,5.09750,0.01945,2.53050,2.94464,0.09913,0.00051,0.00010,
16.992,5.09750,0.02070,3.07997,0.01060,0.10552,0.00051,0.00010,
16.993,5.09750,0.02070,2.69355,2.38702,0.10552,0.00051,0.00010,
16.994,5.09750,0.02028,3.09464,0.47773,0.10339,0.00051,0.00010,
16.995,5.09750,0.02028,3.07752,0.11087,0.10339,0.00051,0.00010,
16.996,5.10000,0.02028,3.07752,0.09375,0.10344,0.00051,0.00010,
16.997,5.09625,0.01861,3.07752,0.09375,0.09484,0.00051,0.00010,
16.998,5.09625,0.02028,2.06173,0.17365,0.10337,0.00051,0.00010,
16.999,5.09875,0.02028,3.07670,0.12962,0.10342,0.00051,0.00010,
17.000,5.09875,0.02028,3.08486,0.30734,0.10342,0.00051,0.00010,
17.001,5.09625,0.02070,3.09382,0.85274,0.10550,0.00051,0.00010,
17.002,5.09375,0.01986,3.06855,0.01875,0.10118,0.00051,0.00010,
17.003,5.09750,0.02112,2.93404,1.28481,0.10765,0.00051,0.00010,
17.004,5.09625,0.02154,2.91936,1.34188,0.10976,0.00051,0.00010,
17.005,5.09875,0.01986,2.44245,2.96012,0.10128,0.00051,0.00010,
17.006,5.09750,0.02091,2.48158,2.97317,0.10659,0.00051,0.00010,
17.007,5.09750,0.02112,0.69132,1.50330,0.10765,0.00051,0.00010,
17.008,5.09875,0.02112,0.69132,1.50330,0.10768,0.00051,0.00010,
17.009,5.09625,0.01986,1.83755,1.42911,0.10123,0.00051,0.00010,
17.010,5.09750,0.02091,2.97888,1.03046,0.10659,0.00051,0.00010,
17.011,5.09750,0.01986,1.17639,1.70385,0.10126,0.00051,0.00010,
17.012,5.09875,0.01924,3.09138,1.28400,0.09809,0.00051,0.00010,
17.013,5.09875,0.02028,1.36960,1.57667,0.10342,0.00051,0.00010,
17.014,5.09750,0.01986,1.35574,0.16794,0.10126,0.00051,0.00010,
17.015,5.09750,0.02049,3.07426,0.07093,0.10446,0.00051,0.00010,
17.016,5.09750,0.02028,3.09383,0.71333,0.10339,0.00051,0.00010,
17.017,5.10000,0.02028,3.08975,0.40517,0.10344,0.00051,0.00010,
17.018,5.09625,0.01986,1.21307,1.34433,0.10123,0.00051,0.00010,
17.019,5.09750,0.02091,1.21307,1.34433,0.10659,0.00051,0.00010,
17.020,5.09625,0.02049,1.98594,0.02853,0.10443,0.00051,0.00010,
17.021,5.10125,0.01966,2.71069,2.30714,0.10027,0.00051,0.00010,
17.022,5.09875,0.02154,2.14002,2.61368,0.10981,0.00051,0.00010,
17.023,5.09500,0.02133,3.04983,0.03261,0.10867,0.00051,0.00010,
17.024,5.09750,0.01966,3.04983,0.03261,0.10019,0.00051,0.00010,
17.025,5.09750,0.02091,1.62804,2.57862,0.10659,0.00051,0.00010,
17.026,5.09500,0.02091,1.38836,0.14022,0.10654,0.00051,0.00010,
17.027,5.09750,0.02112,3.07755,0.04565,0.10765,0.00051,0.00010,
17.028,5.09625,0.02049,1.22287,0.05707,0.10443,0.00051,0.00010,
17.029,5.09625,0.02091,3.06124,1.40793,0.10656,0.00051,0.00010,
17.030,5.09500,0.02091,0.91715,1.01090,0.10654,0.00051,0.00010,
17.031,5.09750,0.01986,0.91715,1.01090,0.10126,0.00051,0.00010,
17.032,5.09500,0.02049,2.30958,0.94161,0.10441,0.00051,0.00010,
17.033,5.09625,0.02049,3.05553,1.60521,0.10443,0.00051,0.00010,
17.034,5.09625,0.01903,0.59839,1.19596,0.09697,0.00051,0.00010,
17.035,5.09500,0.01903,3.07265,0.03750,0.09695,0.00051,0.00010,
17.036,5.09625,0.02028,1.00438,1.31906,0.10337,0.00051,0.00010,
17.037,5.09750,0.02091,2.63160,2.24599,0.10659,0.00051,0.00010,
17.038,5.09750,0.01966,3.09059,1.21797,0.10019,0.00051,0.00010,
17.039,5.09625,0.01966,3.08406,0.14104,0.10017,0.00051,0.00010,
17.040,5.09500,0.02028,1.56037,1.24325,0.10334,0.00051,0.00010,
17.041,5.09625,0.02007,1.99001,2.32915,0.10230,0.00051,0.00010,
17.042,5.09750,0.01966,1.99001,2.32915,0.10019,0.00051,0.00010,
17.043,5.09750,0.01986,0.89676,0.63262,0.10126,0.00051,0.00010,
17.044,5.09750,0.01986,1.73400,0.00571,0.10126,0.00051,0.00010,
17.045,5.09625,0.02112,3.15495,0.01467,0.10763,0.00051,0.00010,
17.046,5.09750,0.02070,0.73697,1.42747,0.10552,0.00051,0.00010,
17.047,5.09750,0.01966,1.60275,1.73074,0.10019,0.00051,0.00010,
17.048,5.09750,0.02112,3.10196,0.87230,0.10765,0.00051,0.00010,
17.049,5.09750,0.02049,3.07913,0.08641,0.10446,0.00051,0.00010,
17.050,5.09500,0.02049,2.74733,2.17993,0.10441,0.00051,0.00010,
17.051,5.09500,0.02070,3.08891,0.31713,0.10547,0.00051,0.00010,
17.052,5.09500,0.02091,1.10219,1.30763,0.10654,0.00051,0.00010,
17.053,5.09625,0.02091,1.10219,1.30763,0.10656,0.00051,0.00010,
17.054,5.09500,0.02007,3.08882,0.01223,0.10227,0.00051,0.00010,
17.055,5.09500,0.02112,3.09860,0.54619,0.10760,0.00051,0.00010,
17.056,5.09750,0.02133,1.76085,0.00245,0.10872,0.00051,0.00010,
17.057,5.09625,0.02007,2.05351,1.27009,0.10230,0.00051,0.00010,
17.058,5.09625,0.02049,0.94972,0.46548,0.10443,0.00051,0.00010,
17.059,5.09500,0.02112,3.06925,0.01712,0.10760,0.00051,0.00010,
17.060,5.09875,0.02007,2.00133,2.75051,0.10235,0.00051,0.00010,
17.061,5.09875,0.02154,0.40027,1.17797,0.10981,0.00051,0.00010,
17.062,5.09500,0.02154,0.91385,1.41031,0.10973,0.00051,0.00010,
17.063,5.09875,0.01986,3.04969,0.01875,0.10128,0.00051,0.00010,
17.064,5.09875,0.02007,3.04969,0.01875,0.10235,0.00051,0.00010,
17.065,5.09500,0.02112,3.03173,1.07688,0.10760,0.00051,0.00010,
17.066,5.09750,0.02028,0.80460,0.89754,0.10339,0.00051,0.00010,
17.067,5.09750,0.01882,0.60080,2.08936,0.09593,0.00051,0.00010,
17.068,5.09750,0.01945,2.44153,2.95266,0.09913,0.00051,0.00010,
17.069,5.10000,0.02070,3.08961,1.11846,0.10557,0.00051,0.00010,
17.070,5.10000,0.02070,3.06027,1.56519,0.10557,0.00051,0.00010,
17.071,5.09500,0.02070,3.00891,0.87064,0.10547,0.00051,0.00010,
17.072,5.10000,0.01882,1.37035,1.14699,0.09598,0.00051,0.00010,
17.073,5.09875,0.02091,2.86462,1.62225,0.10661,0.00051,0.00010,
17.074,5.09625,0.01986,3.16624,0.00326,0.10123,0.00051,0.00010,
17.075,5.09500,0.01945,3.16624,0.00326,0.09908,0.00051,0.00010,
17.076,5.09875,0.01966,1.29617,1.69644,0.10022,0.00051,0.00010,
17.077,5.09875,0.02175,2.80348,1.90921,0.11088,0.00051,0.00010,
17.078,5.09625,0.02112,3.08962,1.44699,0.10763,0.00051,0.00010,
17.079,5.09625,0.02028,3.09207,0.55515,0.10337,0.00051,0.00010,
17.080,5.10000,0.02028,0.58532,0.89998,0.10344,0.00051,0.00010,
17.081,5.09750,0.02112,2.20023,2.48555,0.10765,0.00051,0.00010,
17.082,5.09750,0.02133,3.01544,0.85759,0.10872,0.00051,0.00010,
17.083,5.09750,0.01986,3.05131,0.47200,0.10126,0.00051,0.00010,
17.084,5.09875,0.02133,3.09125,0.44510,0.10875,0.00051,0.00010,
17.085,5.09500,0.02070,3.07087,0.04484,0.10547,0.00051,0.00010,
17.086,5.09750,0.02070,3.07087,0.04484,0.10552,0.00051,0.00010,
17.087,5.09750,0.02070,1.99480,0.02772,0.10552,0.00051,0.00010,
17.088,5.09750,0.02070,3.07087,0.03505,0.10552,0.00051,0.00010,
17.089,5.09750,0.02070,3.08636,0.14429,0.10552,0.00052,0.00010,
17.090,5.09500,0.01924,2.29154,2.88338,0.09801,0.00052,0.00010,
17.091,5.09625,0.02007,0.91874,1.02797,0.10230,0.00052,0.00010,
17.092,5.09750,0.01986,1.68177,0.97091,0.10126,0.00052,0.00010,
17.093,5.09625,0.01924,1.57987,1.70215,0.09804,0.00052,0.00010,
17.094,5.09625,0.01945,3.08962,0.65298,0.09910,0.00052,0.00010,
17.095,5.09875,0.02070,2.94207,1.24400,0.10555,0.00052,0.00010,
17.096,5.09750,0.01924,0.89917,2.34534,0.09806,0.00052,0.00010,
17.097,5.09750,0.02007,0.89917,2.34534,0.10233,0.00052,0.00010,
17.098,5.09750,0.02007,0.49076,1.47553,0.10233,0.00052,0.00010,
17.099,5.10000,0.01986,3.06601,0.01060,0.10131,0.00052,0.00010,
17.100,5.09750,0.02028,0.67173,0.76059,0.10339,0.00052,0.00010,
17.101,5.10000,0.01966,2.31927,2.58911,0.10024,0.00052,0.00010,
17.102,5.09625,0.01966,1.55461,1.23667,0.10017,0.00052,0.00010,
17.103,5.09625,0.02216,3.05052,0.00978,0.11296,0.00052,0.00010,
17.104,5.10000,0.01986,3.09454,0.89266,0.10131,0.00052,0.00010,
17.105,5.09750,0.02049,3.07497,0.10924,0.10446,0.00052,0.00010,
17.106,5.09750,0.02133,2.00134,2.75378,0.10872,0.00052,0.00010,
17.107,5.09750,0.02133,1.48857,0.03913,0.10872,0.00052,0.00010,
17.108,5.10000,0.01945,1.48857,0.03913,0.09918,0.00052,0.00010,
17.109,5.09875,0.01945,0.41413,1.30110,0.09915,0.00052,0.00010,
17.110,5.09750,0.01945,1.12664,1.23588,0.09913,0.00052,0.00010,
17.111,5.09750,0.02133,0.81196,2.19540,0.10872,0.00052,0.00010,
17.112,5.09750,0.02049,0.60979,1.92230,0.10446,0.00052,0.00010,
17.113,5.09625,0.02028,2.50926,2.96415,0.10337,0.00052,0.00010,
17.114,5.09625,0.02112,3.09133,0.34076,0.10763,0.00052,0.00010,
17.115,5.09875,0.02112,3.09377,0.88859,0.10768,0.00052,0.00010,
17.116,5.09875,0.02112,0.39864,1.65246,0.10768,0.00052,0.00010,
17.117,5.09875,0.02049,0.93669,1.65898,0.10448,0.00052,0.00010,
17.118,5.09625,0.02070,2.96578,1.11441,0.10550,0.00052,0.00010,
17.119,5.09625,0.02070,2.96578,1.11441,0.10550,0.00052,0.00010,
17.120,5.09875,0.02070,1.92474,0.13859,0.10555,0.00052,0.00010,
17.121,5.09625,0.02091,3.09458,0.66767,0.10656,0.00052,0.00010,
17.122,5.10125,0.02133,0.71740,0.79240,0.10880,0.00052,0.00010,
17.123,5.09750,0.02028,0.82582,2.19295,0.10339,0.00052,0.00010,
17.124,5.09875,0.02112,1.54485,1.05245,0.10768,0.00052,0.00010,
17.125,5.09875,0.02133,3.08235,0.25679,0.10875,0.00052,0.00010,
17.126,5.10000,0.02133,2.02175,1.61088,0.10877,0.00052,0.00010,
17.127,5.10000,0.01986,0.39212,1.24892,0.10131,0.00052,0.00010,
17.128,5.10000,0.02028,2.70654,2.35355,0.10344,0.00052,0.00010,
17.129,5.09875,0.02028,3.05871,1.38832,0.10342,0.00052,0.00010,
17.130,5.09875,0.02028,3.05871,1.38832,0.10342,0.00052,0.00010,
17.131,5.09750,0.02007,3.01062,1.64105,0.10233,0.00052,0.00010,
17.132,5.09625,0.02028,1.04838,1.15110,0.10337,0.00052,0.00010,
17.133,5.09500,0.01986,3.05139,0.14756,0.10121,0.00052,0.00010,
17.134,5.09500,0.02049,3.07503,0.06196,0.10441,0.00052,0.00010,
17.135,5.09625,0.02049,2.19948,0.00000,0.10443,0.00052,0.00010,
17.136,5.10125,0.02049,2.84676,2.35763,0.10453,0.00052,0.00010,
17.137,5.10000,0.01986,1.77311,1.40871,0.10131,0.00052,0.00010,
17.138,5.09625,0.01945,2.20111,2.84758,0.09910,0.00052,0.00010,
17.139,5.09750,0.01966,2.88345,1.51958,0.10019,0.00052,0.00010,
17.140,5.09625,0.02091,1.53262,0.03505,0.10656,0.00052,0.00010,
17.141,5.09625,0.02112,1.53262,0.03505,0.10763,0.00052,0.00010,
17.142,5.09625,0.02028,1.06550,1.51224,0.10337,0.00052,0.00010,
17.143,5.09625,0.02112,3.05220,0.01712,0.10763,0.00052,0.00010,
17.144,5.09875,0.02112,3.08563,0.31794,0.10768,0.00052,0.00010,
17.145,5.09750,0.02175,3.07340,0.06359,0.11085,0.00052,0.00010,
17.146,5.09750,0.01966,1.27664,1.40626,0.10019,0.00052,0.00010,
17.147,5.09750,0.02175,0.82990,1.85219,0.11085,0.00052,0.00010,
17.148,5.09500,0.02112,3.08644,1.35327,0.10760,0.00052,0.00010,
17.149,5.09625,0.02133,3.04813,1.15925,0.10869,0.00052,0.00010,
17.150,5.09500,0.02133,2.49867,1.40708,0.10867,0.00052,0.00010,
17.151,5.09875,0.02112,0.48995,1.57094,0.10768,0.00052,0.00010,
17.152,5.09875,0.02028,0.48995,1.57094,0.10342,0.00052,0.00010,
17.153,5.09625,0.02028,3.12639,1.12990,0.10337,0.00052,0.00010,
17.154,5.09625,0.02112,1.98263,0.00245,0.10763,0.00052,0.00010,
17.155,5.09625,0.02049,3.06607,0.01141,0.10443,0.00052,0.00010,
17.156,5.09500,0.01903,1.39404,1.52610,0.09695,0.00052,0.00010,
17.157,5.09625,0.01924,2.54025,1.86605,0.09804,0.00052,0.00010,
17.158,5.09750,0.02028,0.59512,1.92393,0.10339,0.00052,0.00010,
17.159,5.09750,0.02070,2.94704,1.21061,0.10552,0.00052,0.00010,
17.160,5.10125,0.01882,1.15028,1.68589,0.09600,0.00052,0.00010,
17.161,5.10125,0.02007,1.85056,0.89267,0.10240,0.00052,0.00010,
17.162,5.09750,0.02007,1.19920,1.71524,0.10233,0.00052,0.00010,
17.163,5.09500,0.01945,1.19920,1.71524,0.09908,0.00052,0.00010,
17.164,5.09750,0.02028,1.29784,1.78617,0.10339,0.00052,0.00010,
17.165,5.10000,0.02007,1.51388,0.00245,0.10238,0.00052,0.00010,
17.166,5.09625,0.01986,2.04215,2.85738,0.10123,0.00052,0.00010,
17.167,5.09750,0.01903,2.38862,1.87176,0.09700,0.00052,0.00010,
17.168,5.09750,0.02007,1.68508,2.59813,0.10233,0.00052,0.00010,
17.169,5.09750,0.02070,2.09514,2.27204,0.10552,0.00052,0.00010,
17.170,5.09750,0.02007,2.03073,2.36090,0.10233,0.00052,0.00010,
17.171,5.09750,0.02007,0.53397,1.70872,0.10233,0.00052,0.00010,
17.172,5.09875,0.01966,1.80247,0.03261,0.10022,0.00052,0.00010,
17.173,5.09625,0.02091,1.92231,2.28019,0.10656,0.00052,0.00010,
17.174,5.09375,0.02070,1.92231,2.28019,0.10545,0.00052,0.00010,
17.175,5.10000,0.01945,0.47202,2.01444,0.09918,0.00052,0.00010,
17.176,5.09750,0.02028,1.77965,0.50300,0.10339,0.00052,0.00010,
17.177,5.09875,0.02112,1.88074,2.24026,0.10768,0.00052,0.00010,
17.178,5.09500,0.02007,3.07913,1.43970,0.10227,0.00052,0.00010,
17.179,5.09500,0.02154,2.18075,2.85821,0.10973,0.00052,0.00010,
17.180,5.10125,0.02154,1.36878,1.85792,0.10987,0.00052,0.00010,
17.181,5.09875,0.02112,1.76253,0.97176,0.10768,0.00052,0.00010,
17.182,5.09750,0.01945,3.07913,0.11576,0.09913,0.00052,0.00010,
17.183,5.09750,0.01945,3.05142,0.02446,0.09913,0.00052,0.00010,
17.184,5.09750,0.02007,3.08729,0.44675,0.10233,0.00052,0.00010,
17.185,5.09625,0.02007,3.08729,0.44675,0.10230,0.00052,0.00010,
17.186,5.09625,0.02028,3.08729,0.44675,0.10337,0.00052,0.00010,
17.187,5.09500,0.02049,0.67176,2.06419,0.10441,0.00052,0.00010,
17.188,5.09500,0.01882,1.81961,0.13451,0.09588,0.00052,0.00010,
17.189,5.09750,0.01882,3.08405,0.16305,0.09593,0.00052,0.00010,
17.190,5.09625,0.01924,1.66635,0.04076,0.09804,0.00052,0.00010,
17.191,5.09875,0.01945,1.26688,2.40740,0.09915,0.00052,0.00010,
17.192,5.09750,0.01924,1.93864,2.12778,0.09806,0.00052,0.00010,
17.193,5.09500,0.01966,3.05470,0.02446,0.10014,0.00052,0.00010,
17.194,5.09500,0.01924,2.97562,0.91877,0.09801,0.00052,0.00010,
17.195,5.09875,0.02049,3.08161,0.11821,0.10448,0.00052,0.00010,
17.196,5.09500,0.02028,2.53295,1.68265,0.10334,0.00052,0.00010,
17.197,5.09500,0.01966,2.53295,1.68265,0.10014,0.00052,0.00010,
17.198,5.09625,0.01966,2.16037,0.11087,0.10017,0.00052,0.00010,
17.199,5.09875,0.02049,2.58593,2.85088,0.10448,0.00052,0.00010,
17.200,5.09500,0.02007,2.05847,1.05084,0.10227,0.00052,0.00010,
17.201,5.09750,0.01945,0.42800,1.17557,0.09913,0.00052,0.00010,
17.202,5.09500,0.02070,2.45060,2.65604,0.10547,0.00052,0.00010,
17.203,5.09625,0.02049,3.05550,2.39272,0.10443,0.00052,0.00010,
17.204,5.09625,0.01924,0.50545,2.02423,0.09804,0.00052,0.00010,
17.205,5.09625,0.02007,1.46824,1.88972,0.10230,0.00052,0.00010,
17.206,5.09625,0.02112,1.20736,0.02935,0.10763,0.00052,0.00010,
17.207,5.09500,0.02112,2.53212,2.94871,0.10760,0.00052,0.00010,
17.208,5.09500,0.02070,2.53212,2.94871,0.10547,0.00052,0.00010,
17.209,5.09750,0.02028,2.06983,0.29103,0.10339,0.00052,0.00010,
17.210,5.10000,0.02175,2.02744,2.23043,0.11091,0.00052,0.00010,
17.211,5.09625,0.02028,3.08478,1.89130,0.10337,0.00052,0.00010,
17.212,5.09625,0.01986,1.90108,2.70326,0.10123,0.00052,0.00010,
17.213,5.09750,0.02112,3.05380,0.83804,0.10765,0.00052,0.00010,
17.214,5.09625,0.02070,2.62336,2.70244,0.10550,0.00052,0.00010,
17.215,5.09625,0.02028,2.61440,0.00734,0.10337,0.00052,0.00010,
17.216,5.09625,0.02028,1.16576,1.26277,0.10337,0.00052,0.00010,
17.217,5.09750,0.02112,3.09374,0.43533,0.10765,0.00052,0.00010,
17.218,5.09750,0.02133,0.87391,1.75434,0.10872,0.00052,0.00010,
17.219,5.09750,0.01966,0.87391,1.75434,0.10019,0.00052,0.00010,
17.220,5.09625,0.02133,1.29369,0.04484,0.10869,0.00052,0.00010,
17.221,5.09375,0.02070,2.38930,2.94770,0.10545,0.00052,0.00010,
17.222,5.09500,0.02007,3.11970,1.16653,0.10227,0.00052,0.00010,
17.223,5.09750,0.02091,3.05530,0.01549,0.10659,0.00052,0.00010,
17.224,5.09750,0.02091,1.42901,0.06766,0.10659,0.00052,0.00010,
17.225,5.09750,0.02091,2.08850,0.00163,0.10659,0.00052,0.00010,
17.226,5.09875,0.02007,2.93058,1.84313,0.10235,0.00052,0.00010,
17.227,5.09750,0.02070,1.69558,1.66786,0.10552,0.00052,0.00010,
17.228,5.09875,0.02028,2.11295,1.14289,0.10342,0.00052,0.00010,
17.229,5.09875,0.01945,0.62688,1.28962,0.09915,0.00052,0.00010,
17.230,5.09750,0.01966,0.62688,1.28962,0.10019,0.00052,0.00010,
17.231,5.09625,0.02049,1.19016,1.22684,0.10443,0.00052,0.00010,
17.232,5.09625,0.02007,3.07730,0.12554,0.10230,0.00052,0.00010,
17.233,5.09625,0.01903,3.05692,0.02364,0.09697,0.00052,0.00010,
17.234,5.09625,0.01903,2.33467,0.74670,0.09697,0.00052,0.00010,
17.235,5.09500,0.01903,0.44835,0.93990,0.09695,0.00052,0.00010,
17.236,5.09625,0.02028,2.03469,1.33608,0.10337,0.00052,0.00010,
17.237,5.09500,0.01986,1.46243,1.15592,0.10121,0.00052,0.00010,
17.238,5.09750,0.01945,1.89040,0.59264,0.09913,0.00052,0.00010,
17.239,5.09750,0.02112,3.06589,0.02935,0.10765,0.00052,0.00010,
17.240,5.10000,0.02133,1.64992,1.83089,0.10877,0.00052,0.00010,
17.241,5.09625,0.02049,1.64992,1.83089,0.10443,0.00052,0.00010,
17.242,5.09625,0.02133,2.17979,1.31733,0.10869,0.00052,0.00010,
17.243,5.09625,0.02133,3.05774,0.02119,0.10869,0.00052,0.00010,
17.244,5.09750,0.02091,2.02491,0.62361,0.10659,0.00052,0.00010,
17.245,5.09625,0.02007,1.55373,0.00245,0.10230,0.00052,0.00010,
17.246,5.09750,0.02133,2.72922,2.07545,0.10872,0.00052,0.00010,
17.247,5.09500,0.02049,1.60346,1.79340,0.10441,0.00052,0.00010,
17.248,5.09750,0.01966,1.49341,1.07604,0.10019,0.00052,0.00010,
17.249,5.09875,0.02007,1.19098,0.30814,0.10235,0.00052,0.00010,
17.250,5.09500,0.01986,2.48304,1.77139,0.10121,0.00052,0.00010,
17.251,5.09500,0.02028,0.49237,1.25701,0.10334,0.00052,0.00010,
17.252,5.09625,0.02028,0.49237,1.25701,0.10337,0.00052,0.00010,
17.253,5.09875,0.02007,3.05855,0.02038,0.10235,0.00052,0.00010,
17.254,5.09875,0.02091,0.40922,1.17549,0.10661,0.00052,0.00010,
17.255,5.09750,0.01986,0.97006,0.67823,0.10126,0.00052,0.00010,
17.256,5.09500,0.01882,2.76182,2.09908,0.09588,0.00052,0.00010,
17.257,5.09875,0.01986,1.69068,1.62791,0.10128,0.00052,0.00010,
17.258,5.09875,0.02028,2.87921,1.95235,0.10342,0.00052,0.00010,
17.259,5.09625,0.01945,0.47280,1.49585,0.09910,0.00052,0.00010,
17.260,5.09625,0.01986,1.46080,0.05706,0.10123,0.00052,0.00010,
17.261,5.09625,0.01986,3.08301,1.79176,0.10123,0.00052,0.00010,
17.262,5.09750,0.02007,0.39781,1.90018,0.10233,0.00052,0.00010,
17.263,5.09750,0.01924,0.39781,1.90018,0.09806,0.00052,0.00010,
17.264,5.09875,0.01945,1.42982,0.83311,0.09915,0.00052,0.00010,
17.265,5.09625,0.02007,1.53091,1.42493,0.10230,0.00052,0.00010,
17.266,5.09875,0.02007,0.87795,0.82089,0.10235,0.00052,0.00010,
17.267,5.09625,0.01986,0.81029,0.88855,0.10123,0.00052,0.00010,
17.268,5.09750,0.02028,2.00453,0.02935,0.10339,0.00052,0.00010,
17.269,5.09625,0.01966,1.28798,1.12332,0.10017,0.00052,0.00010,
17.270,5.09625,0.01924,2.71862,1.32467,0.09804,0.00052,0.00010,
17.271,5.10000,0.01924,2.56944,2.87106,0.09811,0.00052,0.00010,
17.272,5.09875,0.02112,1.78606,0.08070,0.10768,0.00052,0.00010,
17.273,5.09625,0.02091,3.05285,0.01956,0.10656,0.00052,0.00010,
17.274,5.09750,0.02028,3.05285,0.01956,0.10339,0.00052,0.00010,
17.275,5.09875,0.02049,3.08709,0.14021,0.10448,0.00052,0.00010,
17.276,5.09875,0.02133,1.88470,0.07011,0.10875,0.00052,0.00010,
17.277,5.09750,0.01945,0.84127,0.76301,0.09913,0.00052,0.00010,
17.278,5.09500,0.02007,1.37684,0.05380,0.10227,0.00052,0.00010,
17.279,5.09500,0.02070,1.59286,1.02061,0.10547,0.00052,0.00010,
17.280,5.09875,0.02070,0.65459,0.77198,0.10555,0.00052,0.00010,
17.281,5.09625,0.01966,0.76464,2.18795,0.10017,0.00052,0.00010,
17.282,5.09750,0.01986,1.54069,1.11843,0.10126,0.00052,0.00010,
17.283,5.09750,0.02028,3.05530,0.02609,0.10339,0.00052,0.00010,
17.284,5.09750,0.01903,2.25642,1.80970,0.09700,0.00052,0.00010,
17.285,5.09875,0.01986,2.25642,1.80970,0.10128,0.00052,0.00010,
17.286,5.09750,0.01986,2.94449,0.94481,0.10126,0.00052,0.00010,
17.287,5.09625,0.02028,1.24725,1.75186,0.10337,0.00052,0.00010,
17.288,5.09625,0.01966,1.87577,1.95810,0.10017,0.00052,0.00010,
17.289,5.09625,0.01966,3.12954,0.81031,0.10017,0.00052,0.00010,
17.290,5.09750,0.01924,1.67686,1.13965,0.09806,0.00052,0.00010,
17.291,5.10000,0.02049,1.42333,1.53420,0.10451,0.00052,0.00010,
17.292,5.09750,0.01924,1.99071,0.17282,0.09806,0.00052,0.00010,
17.293,5.09750,0.01986,3.05291,0.01630,0.10126,0.00052,0.00010,
17.294,5.09750,0.02028,0.89427,1.10785,0.10339,0.00052,0.00010,
17.295,5.09500,0.01966,2.03636,0.00245,0.10014,0.00052,0.00010,
17.296,5.09625,0.01945,2.03636,0.00245,0.09910,0.00052,0.00010,
17.297,5.09625,0.02070,2.76677,0.80949,0.10550,0.00052,0.00010,
17.298,5.10000,0.02070,2.02494,0.03179,0.10557,0.00052,0.00010,
17.299,5.09500,0.02070,1.61083,2.03636,0.10547,0.00052,0.00010,
17.300,5.09500,0.01966,1.78039,2.16923,0.10014,0.00052,0.00010,
17.301,5.09750,0.02091,3.03660,1.25132,0.10659,0.00052,0.00010,
17.302,5.09750,0.02070,2.10402,0.03994,0.10552,0.00052,0.00010,
17.303,5.09875,0.02028,3.05780,0.02283,0.10342,0.00052,0.00010,
17.304,5.09750,0.01903,1.87250,2.46923,0.09700,0.00052,0.00010,
17.305,5.09750,0.01986,0.50135,0.92036,0.10126,0.00052,0.00010,
17.306,5.09750,0.01986,0.42309,1.84397,0.10126,0.00052,0.00010,
17.307,5.09750,0.01986,0.42309,1.84397,0.10126,0.00052,0.00010,
17.308,5.10000,0.02007,2.04615,1.13557,0.10238,0.00052,0.00010,
17.309,5.09625,0.02091,1.97522,0.08641,0.10656,0.00052,0.00010,
17.310,5.09750,0.02091,1.34915,0.15000,0.10659,0.00052,0.00010,
17.311,5.09750,0.02007,1.37116,2.59722,0.10233,0.00052,0.00010,
17.312,5.09875,0.02154,1.75431,1.06220,0.10981,0.00052,0.00010,
17.313,5.09500,0.02133,3.05618,0.02283,0.10867,0.00052,0.00010,
17.314,5.09625,0.01966,2.68282,1.25622,0.10017,0.00052,0.00010,
17.315,5.09625,0.02070,2.34532,1.72985,0.10550,0.00052,0.00010,
17.316,5.09750,0.02070,1.98093,1.57904,0.10552,0.00052,0.00010,
17.317,5.09500,0.02091,2.08691,0.18831,0.10654,0.00052,0.00010,
17.318,5.09875,0.01966,2.08691,0.18831,0.10022,0.00052,0.00010,
17.319,5.09875,0.02007,1.87333,1.42171,0.10235,0.00052,0.00010,
17.320,5.09875,0.02007,1.19019,1.59290,0.10235,0.00052,0.00010,
17.321,5.09500,0.01986,2.19126,2.49207,0.10121,0.00052,0.00010,
17.322,5.09750,0.01945,1.48041,0.01630,0.09913,0.00052,0.00010,
17.323,5.09875,0.01986,3.05537,0.02283,0.10128,0.00052,0.00010,
17.324,5.09875,0.02007,2.21001,1.14617,0.10235,0.00052,0.00010,
17.325,5.10000,0.02007,2.35186,1.75350,0.10238,0.00052,0.00010,
17.326,5.09750,0.02049,1.16574,1.06954,0.10446,0.00052,0.00010,
17.327,5.09750,0.02007,2.25322,1.80159,0.10233,0.00052,0.00010,
17.328,5.09750,0.02007,1.66464,0.15000,0.10233,0.00052,0.00010,
17.329,5.09625,0.02007,1.66464,0.15000,0.10230,0.00052,0.00010,
17.330,5.09875,0.01903,3.02768,1.65976,0.09702,0.00052,0.00010,
17.331,5.09500,0.02112,3.08475,0.26902,0.10760,0.00052,0.00010,
17.332,5.09625,0.02049,1.33939,1.16738,0.10443,0.00052,0.00010,
17.333,5.09625,0.02049,2.95431,1.20325,0.10443,0.00052,0.00010,
17.334,5.09875,0.02049,1.55053,1.34346,0.10448,0.00052,0.00010,
17.335,5.09750,0.02091,3.01301,0.83314,0.10659,0.00052,0.00010,
17.336,5.09875,0.02196,2.33149,1.27988,0.11195,0.00052,0.00010,
17.337,5.09875,0.01924,1.70460,1.58232,0.09809,0.00052,0.00010,
17.338,5.09625,0.01840,2.19291,0.98396,0.09377,0.00052,0.00010,
17.339,5.09625,0.01986,1.25705,1.22200,0.10123,0.00052,0.00010,
17.340,5.09625,0.02007,1.25705,1.22200,0.10230,0.00052,0.00010,
17.341,5.09750,0.01966,2.06818,0.18831,0.10019,0.00052,0.00010,
17.342,5.09750,0.02007,0.64890,1.50487,0.10233,0.00052,0.00010,
17.343,5.09625,0.02007,3.05458,0.01793,0.10230,0.00052,0.00010,
17.344,5.09500,0.02028,2.35839,1.03939,0.10334,0.00052,0.00010,
17.345,5.09750,0.02007,2.09345,0.00734,0.10233,0.00052,0.00010,
17.346,5.09875,0.01924,2.94290,2.69018,0.09809,0.00052,0.00010,
17.347,5.09625,0.02007,2.15948,0.09782,0.10230,0.00052,0.00010,
17.348,5.09875,0.02070,2.15948,0.09782,0.10555,0.00052,0.00010,
17.349,5.09750,0.02028,1.25379,1.20732,0.10339,0.00052,0.00010,
17.350,5.09625,0.02070,1.87579,1.38585,0.10550,0.00052,0.00010,
17.351,5.09625,0.01986,3.02768,1.02635,0.10123,0.00052,0.00010,
17.352,5.09500,0.01986,3.02768,1.02635,0.10121,0.00052,0.00010,
17.353,5.09625,0.01986,2.38448,1.59291,0.10123,0.00052,0.00010,
17.354,5.09625,0.02091,2.80023,1.61492,0.10656,0.00052,0.00010,
17.355,5.09750,0.02049,1.00678,2.26464,0.10446,0.00052,0.00010,
17.356,5.09750,0.02007,2.22796,0.21277,0.10233,0.00052,0.00010,
17.357,5.09750,0.02112,1.99399,1.26601,0.10765,0.00052,0.00010,
17.358,5.09750,0.02070,0.65380,1.50976,0.10552,0.00052,0.00010,
17.359,5.09875,0.01986,1.60759,0.02038,0.10128,0.00052,0.00010,
17.360,5.09875,0.02154,1.40215,0.06766,0.10981,0.00052,0.00010,
17.361,5.10000,0.02154,1.14618,1.27906,0.10984,0.00052,0.00010,
17.362,5.09750,0.02133,2.21002,0.21440,0.10872,0.00052,0.00010,
17.363,5.09750,0.02028,2.21002,0.21440,0.10339,0.00052,0.00010,
17.364,5.09750,0.02133,1.56597,0.04565,0.10872,0.00052,0.00010,
17.365,5.09750,0.02154,1.43636,0.00326,0.10979,0.00052,0.00010,
17.366,5.09375,0.02049,1.25702,0.02364,0.10438,0.00052,0.00010,
17.367,5.09750,0.02196,1.34180,0.05706,0.11192,0.00052,0.00010,
17.368,5.09625,0.02049,3.08792,1.67602,0.10443,0.00052,0.00010,
17.369,5.09625,0.01986,1.70781,0.16630,0.10123,0.00052,0.00010,
17.370,5.09875,0.01986,1.93851,1.53663,0.10128,0.00052,0.00010,
17.371,5.09750,0.01945,2.50751,1.80401,0.09913,0.00052,0.00010,
17.372,5.09625,0.01986,2.14720,0.28532,0.10123,0.00052,0.00010,
17.373,5.09625,0.02007,1.44288,2.01025,0.10230,0.00052,0.00010,
17.374,5.09875,0.01966,1.44288,2.01025,0.10022,0.00052,0.00010,
17.375,5.09625,0.01966,1.93591,2.72576,0.10017,0.00052,0.00010,
17.376,5.09750,0.02028,3.02573,0.81838,0.10339,0.00052,0.00010,
17.377,5.09750,0.01903,2.16415,1.24224,0.09700,0.00052,0.00010,
17.378,5.09750,0.01986,1.35147,0.16547,0.10126,0.00052,0.00010,
17.379,5.09750,0.01986,2.18208,1.27159,0.10126,0.00052,0.00010,
17.380,5.09750,0.02007,2.28071,1.42565,0.10233,0.00052,0.00010,
17.381,5.09750,0.02028,1.44929,0.15243,0.10339,0.00052,0.00010,
17.382,5.09750,0.01924,1.70605,0.08885,0.09806,0.00052,0.00010,
17.383,5.09875,0.02112,3.05589,0.01630,0.10768,0.00052,0.00010,
17.384,5.09625,0.02028,3.05344,1.47455,0.10337,0.00052,0.00010,
17.385,5.09750,0.02028,3.05344,1.47455,0.10339,0.00052,0.00010,
17.386,5.09500,0.02070,1.59492,1.76281,0.10547,0.00052,0.00010,
17.387,5.09500,0.02112,1.08556,1.61937,0.10760,0.00052,0.00010,
17.388,5.09750,0.02112,2.37323,2.60958,0.10765,0.00052,0.00010,
17.389,5.09750,0.01945,1.67724,0.15566,0.09913,0.00052,0.00010,
17.390,5.09875,0.02154,2.62995,1.17928,0.10981,0.00052,0.00010,
17.391,5.09500,0.02154,2.61365,1.19314,0.10973,0.00052,0.00010,
17.392,5.10000,0.02007,1.74162,2.13689,0.10238,0.00052,0.00010,
17.393,5.09625,0.02091,1.50365,1.94129,0.10656,0.00052,0.00010,
17.394,5.09750,0.02112,3.09775,1.33902,0.10765,0.00052,0.00010,
17.395,5.09875,0.01986,3.12057,0.00815,0.10128,0.00052,0.00010,
17.396,5.09750,0.02133,3.12057,0.00815,0.10872,0.00052,0.00010,
17.397,5.09750,0.02133,1.96086,1.39689,0.10872,0.00052,0.00010,
17.398,5.09875,0.02070,0.68215,1.51262,0.10555,0.00052,0.00010,
17.399,5.09750,0.01986,2.05703,2.03340,0.10126,0.00052,0.00010,
17.400,5.09750,0.02112,3.13608,0.98288,0.10765,0.00052,0.00010,
17.401,5.09750,0.02028,1.22248,0.05542,0.10339,0.00052,0.00010,
17.402,5.09625,0.02007,2.69680,0.89486,0.10230,0.00052,0.00010,
17.403,5.09375,0.02028,1.99591,0.03667,0.10331,0.00052,0.00010,
17.404,5.09875,0.01945,2.91277,2.08230,0.09915,0.00052,0.00010,
17.405,5.09750,0.02049,3.06843,0.02363,0.10446,0.00052,0.00010,
17.406,5.09750,0.02049,1.38548,0.16137,0.10446,0.00052,0.00010,
17.407,5.09375,0.02007,1.38548,0.16137,0.10225,0.00052,0.00010,
17.408,5.09750,0.02007,2.94620,2.03667,0.10233,0.00052,0.00010,
17.409,5.09875,0.02091,1.97636,0.07661,0.10661,0.00052,0.00010,
17.410,5.09750,0.02007,2.08394,0.11654,0.10233,0.00052,0.00010,
17.411,5.09625,0.02070,1.64303,0.48085,0.10550,0.00052,0.00010,
17.412,5.09750,0.02049,2.15484,1.19478,0.10446,0.00052,0.00010,
17.413,5.09875,0.01986,1.00652,1.35452,0.10128,0.00052,0.00010,
17.414,5.09625,0.02049,1.02934,1.34963,0.10443,0.00052,0.00010,
17.415,5.09625,0.01986,3.07579,0.11654,0.10123,0.00052,0.00010,
17.416,5.09625,0.01986,1.46943,1.81418,0.10123,0.00052,0.00010,
17.417,5.09250,0.02070,2.21760,0.16463,0.10542,0.00052,0.00010,
17.418,5.09875,0.01966,2.21760,0.16463,0.10022,0.00052,0.00010,
17.419,5.09875,0.01966,1.55911,0.91607,0.10022,0.00052,0.00010,
17.420,5.09750,0.02028,2.55913,1.94135,0.10339,0.00052,0.00010,
17.421,5.09750,0.01986,2.64063,1.18176,0.10126,0.00052,0.00010,
17.422,5.09250,0.01945,1.08641,1.38226,0.09903,0.00052,0.00010,
17.423,5.09875,0.02091,3.05302,0.02282,0.10661,0.00052,0.00010,
17.424,5.09875,0.02133,2.20786,1.17361,0.10875,0.00052,0.00010,
17.425,5.09500,0.02133,2.37005,0.00489,0.10867,0.00052,0.00010,
17.426,5.09625,0.01966,1.77672,1.04403,0.10017,0.00052,0.00010,
17.427,5.09500,0.02133,1.34069,0.06520,0.10867,0.00052,0.00010,
17.428,5.09875,0.02091,0.63000,2.01959,0.10661,0.00052,0.00010,
17.429,5.09875,0.01986,0.63000,2.01959,0.10128,0.00052,0.00010,
17.430,5.09750,0.02154,2.17696,0.50614,0.10979,0.00052,0.00010,
17.431,5.09250,0.02028,2.03678,1.12638,0.10329,0.00052,0.00010,
17.432,5.09625,0.01924,1.12801,0.07254,0.09804,0.00052,0.00010,
17.433,5.09625,0.02196,3.05232,0.04809,0.11189,0.00052,0.00010,
17.434,5.09750,0.02196,2.26662,1.09052,0.11192,0.00052,0.00010,
17.435,5.09500,0.02007,1.64638,0.00000,0.10227,0.00052,0.00010,
17.436,5.09875,0.01903,2.32938,2.91131,0.09702,0.00052,0.00010,
17.437,5.09625,0.01986,1.36519,0.04238,0.10123,0.00053,0.00010,
17.438,5.09750,0.01903,1.12068,1.32362,0.09700,0.00053,0.00010,
17.439,5.09875,0.02028,2.59589,1.21604,0.10342,0.00053,0.00010,
17.440,5.09750,0.01966,2.59589,1.21604,0.10019,0.00053,0.00010,
17.441,5.09625,0.01903,2.77206,0.53387,0.09697,0.00053,0.00010,
17.442,5.09625,0.02049,2.10859,2.56666,0.10443,0.00053,0.00010,
17.443,5.09875,0.02049,2.95790,1.96677,0.10448,0.00053,0.00010,
17.444,5.09625,0.01986,2.82096,1.69943,0.10123,0.00053,0.00010,
17.445,5.09875,0.01986,3.06630,0.02038,0.10128,0.00053,0.00010,
17.446,5.09750,0.02028,3.09075,0.80774,0.10339,0.00053,0.00010,
17.447,5.09500,0.02007,1.50870,1.60080,0.10227,0.00053,0.00010,
17.448,5.09875,0.02007,2.10207,0.03097,0.10235,0.00053,0.00010,
17.449,5.09750,0.02112,2.34170,1.40111,0.10765,0.00053,0.00010,
17.450,5.09625,0.02091,3.12906,1.07345,0.10656,0.00053,0.00010,
17.451,5.09625,0.02028,3.12906,1.07345,0.10337,0.00053,0.00010,
17.452,5.09875,0.02028,1.58536,1.82337,0.10342,0.00053,0.00010,
17.453,5.09875,0.02091,1.77528,1.60166,0.10661,0.00053,0.00010,
17.454,5.09750,0.02070,2.29775,1.05799,0.10552,0.00053,0.00010,
17.455,5.09625,0.01986,3.10144,0.00978,0.10123,0.00053,0.00010,
17.456,5.09875,0.02154,2.36133,2.57570,0.10981,0.00053,0.00010,
17.457,5.10000,0.02154,1.80136,0.08803,0.10984,0.00053,0.00010,
17.458,5.09875,0.02049,1.99209,0.08722,0.10448,0.00053,0.00010,
17.459,5.09875,0.02049,3.06639,0.01875,0.10448,0.00053,0.00010,
17.460,5.09875,0.02175,1.92362,0.03505,0.11088,0.00053,0.00010,
17.461,5.09875,0.02175,1.36854,0.02527,0.11088,0.00053,0.00010,
17.462,5.10000,0.02007,1.36854,0.02527,0.10238,0.00053,0.00010,
17.463,5.09625,0.02112,3.05752,0.01631,0.10763,0.00053,0.00010,
17.464,5.10125,0.02070,2.12151,0.11252,0.10560,0.00053,0.00010,
17.465,5.10000,0.01945,3.09176,1.28905,0.09918,0.00053,0.00010,
17.466,5.09625,0.01986,2.76889,1.50348,0.10123,0.00053,0.00010,
17.467,5.09750,0.02007,1.58909,0.07175,0.10233,0.00053,0.00010,
17.468,5.09875,0.02028,1.55403,1.69916,0.10342,0.00053,0.00010,
17.469,5.09875,0.02007,1.35346,2.03427,0.10235,0.00053,0.00010,
17.470,5.09875,0.02007,1.87528,0.63678,0.10235,0.00053,0.00010,
17.471,5.09875,0.01986,2.89526,2.02856,0.10128,0.00053,0.00010,
17.472,5.09625,0.02133,1.98779,0.03669,0.10869,0.00053,0.00010,
17.473,5.09750,0.01986,1.98779,0.03669,0.10126,0.00053,0.00010,
17.474,5.09750,0.01924,1.71710,0.01549,0.09806,0.00053,0.00010,
17.475,5.09500,0.02070,2.07095,0.01223,0.10547,0.00053,0.00010,
17.476,5.09750,0.02007,1.68367,1.71302,0.10233,0.00053,0.00010,
17.477,5.09625,0.01966,1.79374,0.17530,0.10017,0.00053,0.00010,
17.478,5.09625,0.02070,2.11987,0.03343,0.10550,0.00053,0.00010,
17.479,5.09500,0.02070,1.76194,1.83940,0.10547,0.00053,0.00010,
17.480,5.09500,0.02070,2.17042,1.91848,0.10547,0.00053,0.00010,
17.481,5.10125,0.02070,2.98250,0.89850,0.10560,0.00053,0.00010,
17.482,5.09875,0.02028,0.99960,1.55240,0.10342,0.00053,0.00010,
17.483,5.09625,0.02112,3.05588,1.84266,0.10763,0.00053,0.00010,
17.484,5.10000,0.02007,3.05588,1.84266,0.10238,0.00053,0.00010,
17.485,5.09500,0.02112,1.49940,2.51776,0.10760,0.00053,0.00010,
17.486,5.10000,0.02133,1.22137,0.06115,0.10877,0.00053,0.00010,
17.487,5.10000,0.02049,1.67796,0.14758,0.10451,0.00053,0.00010,
17.488,5.09625,0.02049,1.21893,0.02935,0.10443,0.00053,0.00010,
17.489,5.09500,0.02070,2.41502,0.96780,0.10547,0.00053,0.00010,
17.490,5.09625,0.02154,0.95557,1.24176,0.10976,0.00053,0.00010,
17.491,5.09875,0.01986,1.81575,1.48717,0.10128,0.00053,0.00010,
17.492,5.09875,0.02070,1.31106,0.05381,0.10555,0.00053,0.00010,
17.493,5.09875,0.02091,1.77417,1.41542,0.10661,0.00053,0.00010,
17.494,5.09750,0.02028,0.65308,2.08563,0.10339,0.00053,0.00010,
17.495,5.09500,0.02070,0.65308,2.08563,0.10547,0.00053,0.00010,
17.496,5.09500,0.02049,1.70568,0.00408,0.10441,0.00053,0.00010,
17.497,5.10125,0.02049,0.64248,1.38444,0.10453,0.00053,0.00010,
17.498,5.09750,0.01882,1.26947,1.14636,0.09593,0.00053,0.00010,
17.499,5.09625,0.02070,2.71098,0.68243,0.10550,0.00053,0.00010,
17.500,5.09875,0.01986,1.46842,1.81575,0.10128,0.00053,0.00010,
17.501,5.10000,0.02070,2.94499,1.68693,0.10557,0.00053,0.00010,
17.502,5.09875,0.02028,0.91236,1.48798,0.10342,0.00053,0.00010,
17.503,5.09750,0.01966,3.05098,0.01712,0.10019,0.00053,0.00010,
17.504,5.09250,0.02049,2.33349,1.66491,0.10435,0.00053,0.00010,
17.505,5.09250,0.02112,1.87364,0.00326,0.10755,0.00053,0.00010,
17.506,5.09750,0.02112,1.87364,0.00326,0.10765,0.00053,0.00010,
17.507,5.10000,0.01945,1.76031,1.37058,0.09918,0.00053,0.00010,
17.508,5.09875,0.02112,2.01632,1.62251,0.10768,0.00053,0.00010,
17.509,5.09500,0.02049,1.87282,1.51489,0.10441,0.00053,0.00010,
17.510,5.09875,0.02007,1.87282,1.51489,0.10235,0.00053,0.00010,
17.511,5.09625,0.02133,3.13904,0.97677,0.10869,0.00053,0.00010,
17.512,5.09625,0.02028,1.73095,2.76724,0.10337,0.00053,0.00010,
17.513,5.09750,0.02028,1.35916,1.12190,0.10339,0.00053,0.00010,
17.514,5.09750,0.02007,2.94743,0.94579,0.10233,0.00053,0.00010,
17.515,5.09875,0.02007,3.09256,0.45088,0.10235,0.00053,0.00010,
17.516,5.09750,0.02091,2.81372,0.84632,0.10659,0.00053,0.00010,
17.517,5.09625,0.02070,2.92868,0.74522,0.10550,0.00053,0.00010,
17.518,5.09875,0.01986,2.92868,0.74522,0.10128,0.00053,0.00010,
17.519,5.09750,0.02028,1.62250,0.00326,0.10339,0.00053,0.00010,
17.520,5.09625,0.01966,0.93273,0.49490,0.10017,0.00053,0.00010,
17.521,5.09750,0.01986,1.13820,1.27680,0.10126,0.00053,0.00010,
17.522,5.09875,0.02070,2.20139,0.43049,0.10555,0.00053,0.00010,
17.523,5.09875,0.02091,2.41745,0.98899,0.10661,0.00053,0.00010,
17.524,5.09750,0.02091,1.74562,3.01834,0.10659,0.00053,0.00010,
17.525,5.09750,0.01986,0.64329,1.44395,0.10126,0.00053,0.00010,
17.526,5.09750,0.02154,2.30575,1.67142,0.10979,0.00053,0.00010,
17.527,5.09625,0.02070,2.33265,1.30126,0.10550,0.00053,0.00010,
17.528,5.09625,0.02007,0.98655,1.30208,0.10230,0.00053,0.00010,
17.529,5.09750,0.02112,0.98655,1.30208,0.10765,0.00053,0.00010,
17.530,5.10000,0.02112,2.79733,1.60209,0.10771,0.00053,0.00010,
17.531,5.09750,0.02007,2.43941,1.68688,0.10233,0.00053,0.00010,
17.532,5.09750,0.01966,1.03218,0.23481,0.10019,0.00053,0.00010,
17.533,5.09625,0.01966,3.05823,0.22176,0.10017,0.00053,0.00010,
17.534,5.09750,0.01903,2.18096,0.28291,0.09700,0.00053,0.00010,
17.535,5.09625,0.02154,3.06802,0.01386,0.10976,0.00053,0.00010,
17.536,5.10000,0.01966,1.57192,1.75455,0.10024,0.00053,0.00010,
17.537,5.10125,0.01966,2.34076,0.23481,0.10027,0.00053,0.00010,
17.538,5.09750,0.02070,1.64937,1.31184,0.10552,0.00053,0.00010,
17.539,5.09875,0.02112,2.75086,0.65143,0.10768,0.00053,0.00010,
17.540,5.09750,0.01924,2.75086,0.65143,0.09806,0.00053,0.00010,
17.541,5.09750,0.02112,1.42102,1.95013,0.10765,0.00053,0.00010,
17.542,5.09875,0.02112,2.96352,1.91915,0.10768,0.00053,0.00010,
17.543,5.09750,0.02070,3.05646,0.02120,0.10552,0.00053,0.00010,
17.544,5.09625,0.02007,3.13962,1.06638,0.10230,0.00053,0.00010,
17.545,5.09875,0.02091,2.39527,0.00489,0.10661,0.00053,0.00010,
17.546,5.09750,0.02091,0.37584,2.12460,0.10659,0.00053,0.00010,
17.547,5.09625,0.01966,2.73606,1.38760,0.10017,0.00053,0.00010,
17.548,5.09875,0.02091,0.61961,2.06916,0.10661,0.00053,0.00010,
17.549,5.09875,0.02133,2.10993,1.86942,0.10875,0.00053,0.00010,
17.550,5.09375,0.02070,2.02188,0.14104,0.10545,0.00053,0.00010,
17.551,5.09375,0.02070,2.02188,0.14104,0.10545,0.00053,0.00010,
17.552,5.09875,0.02154,1.40301,0.82664,0.10981,0.00053,0.00010,
17.553,5.09875,0.02070,1.36795,0.17038,0.10555,0.00053,0.00010,
17.554,5.09750,0.02007,1.52611,0.15082,0.10233,0.00053,0.00010,
17.555,5.09750,0.02091,1.64676,0.00489,0.10659,0.00053,0.00010,
17.556,5.09625,0.02070,0.88860,1.14703,0.10550,0.00053,0.00010,
17.557,5.09875,0.02049,1.19594,1.31822,0.10448,0.00053,0.00010,
17.558,5.09750,0.02049,1.50083,0.01386,0.10446,0.00053,0.00010,
17.559,5.09875,0.02070,1.71035,0.07582,0.10555,0.00053,0.00010,
17.560,5.09875,0.02070,1.52285,0.14593,0.10555,0.00053,0.00010,
17.561,5.09375,0.02070,2.15709,1.20898,0.10545,0.00053,0.00010,
17.562,5.09625,0.01966,2.15709,1.20898,0.10017,0.00053,0.00010,
17.563,5.09625,0.02091,2.12282,1.27826,0.10656,0.00053,0.00010,
17.564,5.09500,0.01986,1.46576,1.09565,0.10121,0.00053,0.00010,
17.565,5.09875,0.02070,1.98097,0.00000,0.10555,0.00053,0.00010,
17.566,5.09500,0.02028,1.30679,1.43967,0.10334,0.00053,0.00010,
17.567,5.09750,0.02070,2.70814,0.57065,0.10552,0.00053,0.00010,
17.568,5.09625,0.02091,0.92771,1.21141,0.10656,0.00053,0.00010,
17.569,5.09625,0.01986,2.79782,1.59211,0.10123,0.00053,0.00010,
17.570,5.09750,0.01986,1.63532,0.03424,0.10126,0.00053,0.00010,
17.571,5.09875,0.02112,1.09402,1.50244,0.10768,0.00053,0.00010,
17.572,5.09750,0.02175,1.65081,1.20326,0.11085,0.00053,0.00010,
17.573,5.09500,0.01966,1.65081,1.20326,0.10014,0.00053,0.00010,
17.574,5.09750,0.02112,2.26874,1.38913,0.10765,0.00053,0.00010,
17.575,5.09875,0.02133,2.00624,0.00734,0.10875,0.00053,0.00010,
17.576,5.09875,0.02007,1.37282,1.67608,0.10235,0.00053,0.00010,
17.577,5.09750,0.02216,1.33451,2.08206,0.11298,0.00053,0.00010,
17.578,5.09750,0.02112,1.32065,2.09103,0.10765,0.00053,0.00010,
17.579,5.09750,0.02112,1.81222,0.37663,0.10765,0.00053,0.00010,
17.580,5.09250,0.01945,1.78451,0.16793,0.09903,0.00053,0.00010,
17.581,5.09750,0.02091,2.15543,1.21793,0.10659,0.00053,0.00010,
17.582,5.09500,0.02091,2.99673,1.81141,0.10654,0.00053,0.00010,
17.583,5.09625,0.02049,3.05216,0.02283,0.10443,0.00053,0.00010,
17.584,5.09750,0.02154,3.05216,0.02283,0.10979,0.00053,0.00010,
17.585,5.09750,0.02112,1.49837,0.07011,0.10765,0.00053,0.00010,
17.586,5.09625,0.01986,1.90435,1.72419,0.10123,0.00053,0.00010,
17.587,5.09625,0.01945,2.80680,0.93098,0.09910,0.00053,0.00010,
17.588,5.10000,0.01945,1.98913,1.35326,0.09918,0.00053,0.00010,
17.589,5.09750,0.02070,1.98832,0.09212,0.10552,0.00053,0.00010,
17.590,5.09750,0.01986,2.05679,0.09049,0.10126,0.00053,0.00010,
17.591,5.09750,0.01986,3.05218,1.47636,0.10126,0.00053,0.00010,
17.592,5.09625,0.02007,1.91169,1.46087,0.10230,0.00053,0.00010,
17.593,5.09625,0.01986,1.74783,2.80435,0.10123,0.00053,0.00010,
17.594,5.09625,0.02028,1.95082,1.37364,0.10337,0.00053,0.00010,
17.595,5.09750,0.02007,1.95082,1.37364,0.10233,0.00053,0.00010,
17.596,5.09750,0.01966,0.96685,1.84892,0.10019,0.00053,0.00010,
17.597,5.09750,0.01966,1.96794,0.33750,0.10019,0.00053,0.00010,
17.598,5.09750,0.02049,2.10082,1.19430,0.10446,0.00053,0.00010,
17.599,5.09875,0.01966,1.68750,1.59212,0.10022,0.00053,0.00010,
17.600,5.09500,0.02070,2.90626,2.09511,0.10547,0.00053,0.00010,
17.601,5.09750,0.02070,1.31169,2.05761,0.10552,0.00053,0.00010,
17.602,5.09375,0.02007,1.91169,1.35816,0.10225,0.00053,0.00010,
17.603,5.09875,0.02112,1.45761,1.89783,0.10768,0.00053,0.00010,
17.604,5.09750,0.02091,2.92256,2.11305,0.10659,0.00053,0.00010,
17.605,5.09750,0.02049,1.20816,1.31576,0.10446,0.00053,0.00010,
17.606,5.09750,0.02049,1.20816,1.31576,0.10446,0.00053,0.00010,
17.607,5.09625,0.02070,3.07337,0.02690,0.10550,0.00053,0.00010,
17.608,5.09500,0.02112,2.72446,0.66685,0.10760,0.00053,0.00010,
17.609,5.10125,0.02007,1.53913,1.63043,0.10240,0.00053,0.00010,
17.610,5.09750,0.02070,1.25707,0.04810,0.10552,0.00053,0.00010,
17.611,5.09500,0.02154,1.36549,1.89783,0.10973,0.00053,0.00010,
17.612,5.09875,0.02112,1.38669,1.98342,0.10768,0.00053,0.00010,
17.613,5.09500,0.01882,2.28995,1.09402,0.09588,0.00053,0.00010,
17.614,5.09500,0.02112,1.86033,0.35707,0.10760,0.00053,0.00010,
17.615,5.09875,0.02112,1.76576,0.06359,0.10768,0.00053,0.00010,
17.616,5.09625,0.02007,1.50082,2.09266,0.10230,0.00053,0.00010,
17.617,5.09875,0.02049,1.50082,2.09266,0.10448,0.00053,0.00010,
17.618,5.09750,0.02112,1.54239,0.90897,0.10765,0.00053,0.00010,
17.619,5.09750,0.02112,1.46902,0.04484,0.10765,0.00053,0.00010,
17.620,5.09750,0.02007,2.35760,0.70516,0.10233,0.00053,0.00010,
17.621,5.09750,0.02133,2.30788,1.22935,0.10872,0.00053,0.00010,
17.622,5.09625,0.02091,2.51494,0.73859,0.10656,0.00053,0.00010,
17.623,5.09625,0.02028,3.05054,0.01386,0.10337,0.00053,0.00010,
17.624,5.09625,0.02028,2.29728,1.02473,0.10337,0.00053,0.00010,
17.625,5.09750,0.02049,2.95027,1.22608,0.10446,0.00053,0.00010,
17.626,5.10125,0.02091,1.70380,1.64674,0.10667,0.00053,0.00010,
17.627,5.09625,0.01966,1.94674,1.44864,0.10017,0.00053,0.00010,
17.628,5.09750,0.02133,1.94674,1.44864,0.10872,0.00053,0.00010,
17.629,5.09875,0.02091,2.34212,0.00326,0.10661,0.00053,0.00010,
17.630,5.09500,0.02028,1.58070,0.06766,0.10334,0.00053,0.00010,
17.631,5.09625,0.01903,1.80000,1.35244,0.09697,0.00053,0.00010,
17.632,5.09625,0.01924,1.53505,1.42255,0.09804,0.00053,0.00010,
17.633,5.10000,0.01924,3.05054,0.09130,0.09811,0.00053,0.00010,
17.634,5.09750,0.01986,1.01168,1.34348,0.10126,0.00053,0.00010,
17.635,5.09750,0.02070,1.87907,0.01223,0.10552,0.00053,0.00010,
17.636,5.09500,0.01945,3.07989,0.19810,0.09908,0.00053,0.00010,
17.637,5.09875,0.02091,2.00869,0.48342,0.10661,0.00053,0.00010,
17.638,5.09875,0.02028,1.46739,0.69375,0.10342,0.00053,0.00010,
17.639,5.09750,0.02028,1.46739,0.69375,0.10339,0.00053,0.00010,
17.640,5.09875,0.02070,0.49239,1.05978,0.10555,0.00053,0.00010,
17.641,5.09875,0.02091,3.00407,1.62717,0.10661,0.00053,0.00010,
17.642,5.09750,0.02091,2.76358,0.52500,0.10659,0.00053,0.00010,
17.643,5.09625,0.02007,2.16603,1.20733,0.10230,0.00053,0.00010,
17.644,5.09750,0.02112,2.94945,2.69510,0.10765,0.00053,0.00010,
17.645,5.09875,0.02112,1.69646,1.84809,0.10768,0.00053,0.00010,
17.646,5.09750,0.02049,3.02445,0.82174,0.10446,0.00053,0.00010,
17.647,5.09750,0.02112,1.80489,1.51630,0.10765,0.00053,0.00010,
17.648,5.09750,0.02112,1.88478,1.46657,0.10765,0.00053,0.00010,
17.649,5.09500,0.01966,1.85706,1.44293,0.10014,0.00053,0.00010,
17.650,5.09500,0.02091,1.85706,1.44293,0.10654,0.00053,0.00010,
17.651,5.09875,0.02091,0.98641,1.85787,0.10661,0.00053,0.00010,
17.652,5.09750,0.02091,2.19619,1.16983,0.10659,0.00053,0.00010,
17.653,5.09750,0.02007,1.40788,0.00000,0.10233,0.00053,0.00010,
17.654,5.09875,0.02028,0.71902,1.77717,0.10342,0.00053,0.00010,
17.655,5.09875,0.02028,0.75733,1.97363,0.10342,0.00053,0.00010,
17.656,5.09625,0.01903,1.55624,1.77554,0.09697,0.00053,0.00010,
17.657,5.09875,0.01966,1.30271,2.09429,0.10022,0.00053,0.00010,
17.658,5.09500,0.02049,1.91168,1.21711,0.10441,0.00053,0.00010,
17.659,5.09500,0.01966,1.92880,1.96956,0.10014,0.00053,0.00010,
17.660,5.09500,0.01966,1.61902,1.68668,0.10014,0.00053,0.00010,
17.661,5.09500,0.01966,1.61902,1.68668,0.10014,0.00053,0.00010,
17.662,5.09750,0.02007,2.00950,2.97390,0.10233,0.00053,0.00010,
17.663,5.10000,0.02070,3.04890,0.02283,0.10557,0.00053,0.00010,
17.664,5.09750,0.02070,2.17418,1.16087,0.10552,0.00053,0.00010,
17.665,5.09625,0.01945,1.70951,1.93858,0.09910,0.00053,0.00010,
17.666,5.09500,0.02112,2.21412,1.06304,0.10760,0.00053,0.00010,
17.667,5.09750,0.02049,1.30434,2.09755,0.10446,0.00053,0.00010,
17.668,5.09750,0.02007,2.68450,0.71739,0.10233,0.00053,0.00010,
17.669,5.09625,0.02007,1.31820,2.07717,0.10230,0.00053,0.00010,
17.670,5.09875,0.02112,1.84320,1.50896,0.10768,0.00053,0.00010,
17.671,5.09625,0.02112,1.46494,1.89293,0.10763,0.00053,0.00010,
17.672,5.09625,0.02007,1.46494,1.89293,0.10230,0.00053,0.00010,
17.673,5.09500,0.02091,1.46494,1.89293,0.10654,0.00053,0.00010,
17.674,5.09750,0.02070,2.01928,0.00652,0.10552,0.00053,0.00010,
17.675,5.09750,0.02070,0.76630,2.01031,0.10552,0.00053,0.00010,
17.676,5.09750,0.02112,3.06520,0.00734,0.10765,0.00053,0.00010,
17.677,5.09750,0.02070,2.05026,1.33206,0.10552,0.00053,0.00010,
17.678,5.09750,0.02070,2.95107,1.63450,0.10552,0.00053,0.00010,
17.679,5.09750,0.01986,2.14727,1.13722,0.10126,0.00053,0.00010,
17.680,5.09750,0.02007,1.82934,1.45842,0.10233,0.00053,0.00010,
17.681,5.09625,0.02049,2.14238,1.47390,0.10443,0.00053,0.00010,
17.682,5.09500,0.01945,1.67037,1.70950,0.09908,0.00053,0.00010,
17.683,5.09750,0.01986,3.05460,0.14429,0.10126,0.00053,0.00010,
17.684,5.09750,0.02049,3.05460,0.14429,0.10446,0.00053,0.00010,
17.685,5.09750,0.01986,3.09532,0.68803,0.10126,0.00053,0.00010,
17.686,5.09750,0.02007,1.36872,1.69399,0.10233,0.00053,0.00010,
17.687,5.09750,0.02007,2.69342,0.60080,0.10233,0.00053,0.00010,
17.688,5.09750,0.02028,2.20512,1.18204,0.10339,0.00053,0.00010,
17.689,5.09625,0.01966,2.19615,1.88474,0.10017,0.00053,0.00010,
17.690,5.10000,0.02007,2.13746,1.45187,0.10238,0.00053,0.00010,
17.691,5.09875,0.01924,2.62821,0.74998,0.09809,0.00053,0.00010,
17.692,5.09500,0.02049,2.07550,1.30269,0.10441,0.00053,0.00010,
17.693,5.09875,0.01945,1.35731,2.02577,0.09915,0.00053,0.00010,
17.694,5.09625,0.01924,1.64589,0.48831,0.09804,0.00053,0.00010,
17.695,5.09625,0.02154,1.64589,0.48831,0.10976,0.00053,0.00010,
17.696,5.09625,0.02154,2.10395,1.07276,0.10976,0.00053,0.00010,
17.697,5.09500,0.02070,1.41513,0.14591,0.10547,0.00053,0.00010,
17.698,5.09875,0.02028,3.03568,1.58795,0.10342,0.00053,0.00010,
17.699,5.09500,0.02070,1.65805,0.38476,0.10547,0.00053,0.00010,
17.700,5.10125,0.02091,3.11149,1.21052,0.10667,0.00053,0.00010,
17.701,5.09750,0.02007,2.09906,1.26351,0.10233,0.00053,0.00010,
17.702,5.09750,0.02070,0.92114,1.10700,0.10552,0.00053,0.00010,
17.703,5.09500,0.02007,3.05932,0.02690,0.10227,0.00053,0.00010,
17.704,5.09750,0.01986,2.91912,2.10802,0.10126,0.00053,0.00010,
17.705,5.09750,0.01966,1.89934,0.00408,0.10019,0.00053,0.00010,
17.706,5.09625,0.01966,1.89934,0.00408,0.10017,0.00053,0.00010,
17.707,5.09625,0.02070,3.07545,0.04646,0.10550,0.00053,0.00010,
17.708,5.09625,0.02007,2.55867,1.29278,0.10230,0.00053,0.00010,
17.709,5.09750,0.02007,0.54124,1.20149,0.10233,0.00053,0.00010,
17.710,5.09750,0.02007,2.18534,1.88864,0.10233,0.00053,0.00010,
17.711,5.09750,0.02049,1.64166,1.69871,0.10446,0.00053,0.00010,
17.712,5.09625,0.02007,2.31169,1.07678,0.10230,0.00053,0.00010,
17.713,5.09875,0.02070,1.93836,1.36125,0.10555,0.00053,0.00010,
17.714,5.09875,0.01945,2.23506,0.96021,0.09915,0.00053,0.00010,
17.715,5.09500,0.01945,3.06567,0.01304,0.09908,0.00053,0.00010,
17.716,5.09500,0.01945,1.60824,2.83255,0.09908,0.00053,0.00010,
17.717,5.09750,0.01966,1.60824,2.83255,0.10019,0.00053,0.00010,
17.718,5.09375,0.02007,1.82666,2.38908,0.10225,0.00053,0.00010,
17.719,5.09750,0.01903,2.03777,2.05000,0.09700,0.00053,0.00010,
17.720,5.09875,0.02196,2.03206,0.47113,0.11195,0.00053,0.00010,
17.721,5.09875,0.02091,2.06059,0.65616,0.10661,0.00053,0.00010,
17.722,5.09625,0.01986,2.12906,1.25364,0.10123,0.00053,0.00010,
17.723,5.09625,0.02112,2.46244,0.93330,0.10763,0.00053,0.00010,
17.724,5.09625,0.02112,0.68225,1.50713,0.10763,0.00053,0.00010,
17.725,5.09750,0.02049,2.21546,2.85451,0.10446,0.00053,0.00010,
17.726,5.09500,0.02049,1.85519,1.11344,0.10441,0.00053,0.00010,
17.727,5.09750,0.02049,1.88371,1.44356,0.10446,0.00053,0.00010,
17.728,5.09625,0.01966,1.88371,1.44356,0.10017,0.00053,0.00010,
17.729,5.09875,0.02007,0.69936,1.06861,0.10235,0.00053,0.00010,
17.730,5.09875,0.01986,1.52262,1.88616,0.10128,0.00053,0.00010,
17.731,5.09500,0.01945,1.85845,2.76567,0.09908,0.00053,0.00010,
17.732,5.09500,0.02049,2.16493,0.64068,0.10441,0.00053,0.00010,
17.733,5.09500,0.02049,3.05421,1.77205,0.10441,0.00053,0.00010,
17.734,5.09875,0.01986,2.72002,0.56813,0.10128,0.00053,0.00010,
17.735,5.09625,0.01966,2.28312,0.00000,0.10017,0.00053,0.00010,
17.736,5.09750,0.02049,0.54775,1.05638,0.10446,0.00053,0.00010,
17.737,5.09750,0.02007,2.41924,1.86008,0.10233,0.00053,0.00010,
17.738,5.09625,0.02112,2.12091,1.99702,0.10763,0.00053,0.00010,
17.739,5.09875,0.02133,2.12091,1.99702,0.10875,0.00053,0.00010,
17.740,5.09500,0.02091,0.87461,1.37753,0.10654,0.00053,0.00010,
17.741,5.09500,0.02049,2.15759,1.19006,0.10441,0.00053,0.00010,
17.742,5.09875,0.02049,2.15922,1.92284,0.10448,0.00053,0.00010,
17.743,5.09750,0.02112,3.04932,0.01549,0.10765,0.00053,0.00010,
17.744,5.09750,0.02154,1.60821,1.25527,0.10979,0.00053,0.00010,
17.745,5.09875,0.02007,3.07459,0.06928,0.10235,0.00053,0.00010,
17.746,5.09750,0.02007,1.26586,1.14441,0.10233,0.00053,0.00010,
17.747,5.09750,0.02112,0.83956,1.07350,0.10765,0.00053,0.00010,
17.748,5.09875,0.02028,2.26193,0.76376,0.10342,0.00053,0.00010,
17.749,5.09750,0.01945,2.13395,0.54694,0.09913,0.00053,0.00010,
17.750,5.09750,0.02049,2.13395,0.54694,0.10446,0.00053,0.00010,
17.751,5.09625,0.02049,0.62519,2.01740,0.10443,0.00053,0.00010,
17.752,5.09875,0.01945,1.84460,0.13694,0.09915,0.00053,0.00010,
17.753,5.09500,0.02049,1.45090,1.93100,0.10441,0.00053,0.00010,
17.754,5.09750,0.01986,2.47713,0.64720,0.10126,0.00053,0.00010,
17.755,5.09750,0.01966,2.19102,0.00163,0.10019,0.00053,0.00010,
17.756,5.09750,0.01945,0.47847,1.02378,0.09913,0.00053,0.00010,
17.757,5.10000,0.02154,1.72559,2.55212,0.10984,0.00053,0.00010,
17.758,5.10000,0.02007,2.35078,1.02867,0.10238,0.00053,0.00010,
17.759,5.10000,0.01924,2.20895,1.41585,0.09811,0.00053,0.00010,
17.760,5.09750,0.01924,2.16738,1.20066,0.09806,0.00053,0.00010,
17.761,5.09750,0.02007,2.16738,1.20066,0.10233,0.00053,0.00010,
17.762,5.09875,0.02154,2.94501,2.84068,0.10981,0.00053,0.00010,
17.763,5.09750,0.02049,2.55620,1.30174,0.10446,0.00053,0.00010,
17.764,5.09625,0.02007,2.11685,1.05476,0.10230,0.00053,0.00010,
17.765,5.09750,0.02112,2.05409,0.00326,0.10765,0.00053,0.00010,
17.766,5.09875,0.02112,1.16724,1.26180,0.10768,0.00053,0.00010,
17.767,5.10000,0.01966,1.53160,1.83564,0.10024,0.00053,0.00010,
17.768,5.10000,0.02196,2.66054,0.72871,0.11197,0.00053,0.00010,
17.769,5.09875,0.02196,2.09974,1.89840,0.11195,0.00053,0.00010,
17.770,5.09750,0.02070,2.05735,1.97176,0.10552,0.00053,0.00010,
17.771,5.09375,0.02049,1.48922,0.86728,0.10438,0.00053,0.00010,
17.772,5.09375,0.02133,1.48922,0.86728,0.10864,0.00053,0.00010,
17.773,5.09750,0.02154,1.60497,2.85211,0.10979,0.00053,0.00010,
17.774,5.09875,0.01966,1.33272,2.00438,0.10022,0.00053,0.00010,
17.775,5.09875,0.02154,3.07545,0.05217,0.10981,0.00053,0.00010,
17.776,5.09875,0.02070,1.74028,2.80401,0.10555,0.00053,0.00010,
17.777,5.09875,0.02070,2.57252,0.68878,0.10555,0.00053,0.00010,
17.778,5.09625,0.02070,2.01416,0.09292,0.10550,0.00053,0.00010,
17.779,5.09875,0.02070,2.33940,0.86647,0.10555,0.00053,0.00010,
17.780,5.09625,0.02070,1.82668,1.51123,0.10550,0.00053,0.00010,
17.781,5.09875,0.02028,1.63595,0.62275,0.10342,0.00053,0.00010,
17.782,5.09625,0.02070,2.11116,0.19074,0.10550,0.00053,0.00010,
17.783,5.09750,0.02028,2.11116,0.19074,0.10339,0.00054,0.00010,
17.784,5.09875,0.02028,1.19904,1.69545,0.10342,0.00054,0.00010,
17.785,5.09750,0.01882,1.58541,0.00326,0.09593,0.00054,0.00010,
17.786,5.09750,0.02070,2.82928,2.24402,0.10552,0.00054,0.00010,
17.787,5.09625,0.02070,1.98400,1.35962,0.10550,0.00054,0.00010,
17.788,5.09625,0.01882,2.72821,1.38163,0.09591,0.00054,0.00010,
17.789,5.09625,0.01986,1.85358,1.10856,0.10123,0.00054,0.00011,
17.790,5.09750,0.02070,1.60905,1.71257,0.10552,0.00054,0.00011,
17.791,5.09875,0.01903,1.87804,0.88848,0.09702,0.00054,0.00011,
17.792,5.10000,0.02049,1.59845,0.63009,0.10451,0.00054,0.00011,
17.793,5.09875,0.02028,2.03780,1.35228,0.10342,0.00054,0.00011,
17.794,5.09500,0.02112,2.03780,1.35228,0.10760,0.00054,0.00011,
17.795,5.09500,0.02112,2.21631,2.42825,0.10760,0.00054,0.00011,
17.796,5.09625,0.02112,2.25788,1.67100,0.10763,0.00054,0.00011,
17.797,5.09875,0.02007,2.76000,2.38423,0.10235,0.00054,0.00011,
17.798,5.09750,0.02133,2.75348,0.54287,0.10872,0.00054,0.00011,
17.799,5.09500,0.02028,2.16822,2.63610,0.10334,0.00054,0.00011,
17.800,5.09750,0.02049,2.49998,0.73850,0.10446,0.00054,0.00011,
17.801,5.09625,0.02091,3.09094,0.31627,0.10656,0.00054,0.00011,
17.802,5.09750,0.02175,1.56585,1.76066,0.11085,0.00054,0.00011,
17.803,5.09500,0.01986,1.19578,1.29278,0.10121,0.00054,0.00011,
17.804,5.09500,0.02070,0.70997,1.48270,0.10547,0.00054,0.00011,
17.805,5.09750,0.02070,0.70997,1.48270,0.10552,0.00054,0.00011,
17.806,5.10000,0.02049,3.07627,0.04565,0.10451,0.00054,0.00011,
17.807,5.09750,0.02007,2.28723,0.93413,0.10233,0.00054,0.00011,
17.808,5.09875,0.02049,1.54058,1.61231,0.10448,0.00054,0.00011,
17.809,5.09750,0.02007,2.54155,1.73458,0.10233,0.00054,0.00011,
17.810,5.09625,0.02028,1.49819,0.67900,0.10337,0.00054,0.00011,
17.811,5.09750,0.01966,2.29212,2.60594,0.10019,0.00054,0.00011,
17.812,5.09750,0.02112,1.96281,1.34169,0.10765,0.00054,0.00011,
17.813,5.09750,0.02028,1.98319,1.36125,0.10339,0.00054,0.00011,
17.814,5.09500,0.02028,2.54970,1.74436,0.10334,0.00054,0.00011,
17.815,5.09500,0.01966,3.09257,1.08574,0.10014,0.00054,0.00011,
17.816,5.09875,0.02091,3.09257,1.08574,0.10661,0.00054,0.00011,
17.817,5.09875,0.02028,0.91295,1.92127,0.10342,0.00054,0.00011,
17.818,5.09625,0.01966,2.71685,0.68227,0.10017,0.00054,0.00011,
17.819,5.09750,0.01986,3.15457,0.00652,0.10126,0.00054,0.00011,
17.820,5.09750,0.02007,2.20087,0.41572,0.10233,0.00054,0.00011,
17.821,5.09500,0.01903,2.89699,2.59376,0.09695,0.00054,0.00011,
17.822,5.09500,0.02007,2.73478,0.55348,0.10227,0.00054,0.00011,
17.823,5.09625,0.02007,3.05024,0.01223,0.10230,0.00054,0.00011,
17.824,5.09250,0.01986,1.78433,1.04989,0.10116,0.00054,0.00011,
17.825,5.09875,0.01882,3.07388,0.05787,0.09595,0.00054,0.00011,
17.826,5.09500,0.01986,2.76657,2.11283,0.10121,0.00054,0.00011,
17.827,5.09500,0.02091,2.76657,2.11283,0.10654,0.00054,0.00011,
17.828,5.09875,0.02070,2.07778,1.09310,0.10555,0.00054,0.00011,
17.829,5.09375,0.01966,2.19108,1.15749,0.10012,0.00054,0.00011,
17.830,5.09625,0.01903,3.08365,1.35475,0.09697,0.00054,0.00011,
17.831,5.09625,0.02133,1.99137,0.49071,0.10869,0.00054,0.00011,
17.832,5.09875,0.02133,1.84220,1.50963,0.10875,0.00054,0.00011,
17.833,5.09750,0.01945,3.05186,0.09048,0.09913,0.00054,0.00011,
17.834,5.09750,0.01945,1.74520,0.88116,0.09913,0.00054,0.00011,
17.835,5.09875,0.02070,1.74520,0.88116,0.10555,0.00054,0.00011,
17.836,5.09750,0.02007,3.06001,0.00815,0.10233,0.00054,0.00011,
17.837,5.09875,0.01924,2.49839,0.00978,0.09809,0.00054,0.00011,
17.838,5.09750,0.02133,2.76820,1.48681,0.10872,0.00054,0.00011,
17.839,5.09500,0.02070,2.76820,1.48681,0.10547,0.00054,0.00011,
17.840,5.09750,0.02028,0.76215,2.02561,0.10339,0.00054,0.00011,
17.841,5.09750,0.02028,1.59440,1.75743,0.10339,0.00054,0.00011,
17.842,5.09875,0.02112,1.59766,1.69466,0.10768,0.00054,0.00011,
17.843,5.09500,0.02112,2.15848,2.65815,0.10760,0.00054,0.00011,
17.844,5.09875,0.02070,2.01420,1.21129,0.10555,0.00054,0.00011,
17.845,5.09750,0.02154,2.83830,2.49920,0.10979,0.00054,0.00011,
17.846,5.09875,0.02175,1.85525,0.09211,0.11088,0.00054,0.00011,
17.847,5.09875,0.02049,1.56098,1.76966,0.10448,0.00054,0.00011,
17.848,5.09750,0.02070,1.62456,1.66287,0.10552,0.00054,0.00011,
17.849,5.09625,0.02133,2.06311,1.10614,0.10869,0.00054,0.00011,
17.850,5.09625,0.02028,2.06311,1.10614,0.10337,0.00054,0.00011,
17.851,5.09625,0.02028,2.77632,2.16579,0.10337,0.00054,0.00011,
17.852,5.09750,0.01945,1.47375,1.93022,0.09913,0.00054,0.00011,
17.853,5.09875,0.02070,2.14623,0.43528,0.10555,0.00054,0.00011,
17.854,5.09750,0.01966,1.92125,0.13857,0.10019,0.00054,0.00011,
17.855,5.09625,0.01945,0.88034,1.37186,0.09910,0.00054,0.00011,
17.856,5.09500,0.02028,2.16661,1.19416,0.10334,0.00054,0.00011,
17.857,5.09750,0.02028,1.96527,2.30925,0.10339,0.00054,0.00011,
17.858,5.10125,0.02133,1.66286,1.48027,0.10880,0.00054,0.00011,
17.859,5.10125,0.02007,1.96446,1.37838,0.10240,0.00054,0.00011,
17.860,5.09750,0.02007,2.81300,2.23426,0.10233,0.00054,0.00011,
17.861,5.09750,0.02028,2.81300,2.23426,0.10339,0.00054,0.00011,
17.862,5.09625,0.02154,2.07854,2.11929,0.10976,0.00054,0.00011,
17.863,5.09750,0.02007,3.05504,0.02690,0.10233,0.00054,0.00011,
17.864,5.09875,0.02091,2.27090,0.98384,0.10661,0.00054,0.00011,
17.865,5.09500,0.02133,0.86728,1.22267,0.10867,0.00054,0.00011,
17.866,5.09375,0.02028,2.00028,0.75642,0.10331,0.00054,0.00011,
17.867,5.10250,0.02154,0.85098,1.44193,0.10989,0.00054,0.00011,
17.868,5.10250,0.02175,2.18858,1.33841,0.11096,0.00054,0.00011,
17.869,5.09750,0.02175,1.37102,2.03533,0.11085,0.00054,0.00011,
17.870,5.09750,0.02049,2.21058,1.12322,0.10446,0.00054,0.00011,
17.871,5.09500,0.02112,1.80140,2.61814,0.10760,0.00054,0.00011,
17.872,5.09625,0.02070,1.80140,2.61814,0.10550,0.00054,0.00011,
17.873,5.09875,0.01924,1.53804,0.00978,0.09809,0.00054,0.00011,
17.874,5.09500,0.01966,2.62291,0.64146,0.10014,0.00054,0.00011,
17.875,5.09750,0.01986,1.67824,1.31308,0.10126,0.00054,0.00011,
17.876,5.09750,0.01966,2.57808,1.77686,0.10019,0.00054,0.00011,
17.877,5.09750,0.02028,2.25775,0.00734,0.10339,0.00054,0.00011,
17.878,5.09500,0.02028,1.92276,0.00245,0.10334,0.00054,0.00011,
17.879,5.09625,0.02028,2.09392,1.92602,0.10337,0.00054,0.00011,
17.880,5.09750,0.02049,2.02627,1.31227,0.10446,0.00054,0.00011,
17.881,5.09625,0.01945,1.62852,2.98317,0.09910,0.00054,0.00011,
17.882,5.09750,0.01986,2.09474,1.27070,0.10126,0.00054,0.00011,
17.883,5.09875,0.01966,2.09474,1.27070,0.10022,0.00054,0.00011,
17.884,5.09625,0.01986,2.54466,2.85684,0.10123,0.00054,0.00011,
17.885,5.09500,0.01966,1.71329,1.93336,0.10014,0.00054,0.00011,
17.886,5.09500,0.02091,0.75150,1.92439,0.10654,0.00054,0.00011,
17.887,5.09750,0.02091,1.38563,0.00000,0.10659,0.00054,0.00011,
17.888,5.09750,0.02049,0.49149,1.05389,0.10446,0.00054,0.00011,
17.889,5.09875,0.01986,1.43616,0.00326,0.10128,0.00054,0.00011,
17.890,5.09750,0.02070,1.62689,0.00326,0.10552,0.00054,0.00011,
17.891,5.09750,0.02112,1.64727,2.95546,0.10765,0.00054,0.00011,
17.892,5.09750,0.02007,0.80122,1.16882,0.10233,0.00054,0.00011,
17.893,5.09875,0.01986,1.86000,2.52021,0.10128,0.00054,0.00011,
17.894,5.09875,0.02049,1.86000,2.52021,0.10448,0.00054,0.00011,
17.895,5.09875,0.01966,3.06957,0.01304,0.10022,0.00054,0.00011,
17.896,5.09625,0.01966,1.74507,2.80059,0.10017,0.00054,0.00011,
17.897,5.09875,0.02007,2.18521,0.00326,0.10235,0.00054,0.00011,
17.898,5.10000,0.02070,3.06631,0.01304,0.10557,0.00054,0.00011,
17.899,5.09500,0.01903,2.53080,1.07997,0.09695,0.00054,0.00011,
17.900,5.10250,0.01903,1.84370,1.52582,0.09709,0.00054,0.00011,
17.901,5.09500,0.02070,1.82088,2.36534,0.10547,0.00054,0.00011,
17.902,5.09875,0.02007,2.81119,2.38980,0.10235,0.00054,0.00011,
17.903,5.09625,0.01903,3.05001,0.01956,0.09697,0.00054,0.00011,
17.904,5.09625,0.02049,1.99693,0.48904,0.10443,0.00054,0.00011,
17.905,5.09500,0.02049,1.99693,0.48904,0.10441,0.00054,0.00011,
17.906,5.09875,0.02049,2.03687,0.00245,0.10448,0.00054,0.00011,
17.907,5.09500,0.02007,1.60081,2.80712,0.10227,0.00054,0.00011,
17.908,5.09625,0.01945,1.15578,1.45980,0.09910,0.00054,0.00011,
17.909,5.09750,0.02028,1.77523,1.03107,0.10339,0.00054,0.00011,
17.910,5.09750,0.01986,1.90727,1.14681,0.10126,0.00054,0.00011,
17.911,5.09625,0.01966,2.29362,0.91533,0.10017,0.00054,0.00011,
17.912,5.09625,0.02070,0.67814,2.08007,0.10550,0.00054,0.00011,
17.913,5.09625,0.02007,1.51359,0.01141,0.10230,0.00054,0.00011,
17.914,5.09750,0.02007,2.66122,1.93662,0.10233,0.00054,0.00011,
17.915,5.09750,0.01924,2.56912,2.07029,0.09806,0.00054,0.00011,
17.916,5.09500,0.02070,2.56912,2.07029,0.10547,0.00054,0.00011,
17.917,5.10000,0.01986,3.08994,0.24289,0.10131,0.00054,0.00011,
17.918,5.09875,0.01986,1.59102,2.81771,0.10128,0.00054,0.00011,
17.919,5.09750,0.02007,2.20803,0.42139,0.10233,0.00054,0.00011,
17.920,5.09500,0.02091,1.65949,3.03289,0.10654,0.00054,0.00011,
17.921,5.09750,0.02028,1.69535,1.91053,0.10339,0.00054,0.00011,
17.922,5.09750,0.02112,2.93589,2.78674,0.10765,0.00054,0.00011,
17.923,5.09625,0.02112,3.02311,0.81996,0.10763,0.00054,0.00011,
17.924,5.09875,0.02091,1.73855,2.52021,0.10661,0.00054,0.00011,
17.925,5.09750,0.02049,2.20722,0.00652,0.10446,0.00054,0.00011,
17.926,5.09875,0.02028,1.14029,0.20866,0.10342,0.00054,0.00011,
17.927,5.09500,0.02070,1.14029,0.20866,0.10547,0.00054,0.00011,
17.928,5.09750,0.01945,1.77279,0.00489,0.09913,0.00054,0.00011,
17.929,5.09750,0.01903,1.54375,1.57717,0.09700,0.00054,0.00011,
17.930,5.09875,0.02049,2.15914,1.14274,0.10448,0.00054,0.00011,
17.931,5.09875,0.02070,2.17055,0.43036,0.10555,0.00054,0.00011,
17.932,5.09875,0.02070,2.60987,1.84044,0.10555,0.00054,0.00011,
17.933,5.09750,0.01924,3.05328,1.05552,0.09806,0.00054,0.00011,
17.934,5.09500,0.02154,1.51930,1.57473,0.10973,0.00054,0.00011,
17.935,5.10000,0.02091,2.63677,2.83891,0.10664,0.00054,0.00011,
17.936,5.09875,0.02007,1.05389,2.32623,0.10235,0.00054,0.00011,
17.937,5.10000,0.02091,1.11339,1.20224,0.10664,0.00054,0.00011,
17.938,5.09625,0.02133,1.11339,1.20224,0.10869,0.00054,0.00011,
17.939,5.09625,0.02049,1.20060,1.49729,0.10443,0.00054,0.00011,
17.940,5.09625,0.02133,0.75639,1.11910,0.10869,0.00054,0.00011,
17.941,5.09750,0.02133,2.56749,2.08578,0.10872,0.00054,0.00011,
17.942,5.09875,0.02028,2.95546,2.69301,0.10342,0.00054,0.00011,
17.943,5.09625,0.01945,3.05327,0.02282,0.09910,0.00054,0.00011,
17.944,5.10000,0.01966,2.24472,1.82169,0.10024,0.00054,0.00011,
17.945,5.09750,0.02007,1.21609,1.32694,0.10233,0.00054,0.00011,
17.946,5.09875,0.01986,0.70585,2.05806,0.10128,0.00054,0.00011,
17.947,5.09625,0.01966,0.47111,0.90636,0.10017,0.00054,0.00011,
17.948,5.09750,0.02049,1.30004,1.43046,0.10446,0.00054,0.00011,
17.949,5.09750,0.01945,1.30004,1.43046,0.09913,0.00054,0.00011,
17.950,5.09875,0.01945,0.72542,1.76138,0.09915,0.00054,0.00011,
17.951,5.09750,0.01882,2.16647,1.31553,0.09593,0.00054,0.00011,
17.952,5.09625,0.01986,2.85440,2.30096,0.10123,0.00054,0.00011,
17.953,5.09875,0.02070,1.83474,1.08813,0.10555,0.00054,0.00011,
17.954,5.09500,0.02007,1.38563,0.73357,0.10227,0.00054,0.00011,
17.955,5.09750,0.01924,1.39378,0.00326,0.09806,0.00054,0.00011,
17.956,5.10000,0.02049,2.52266,1.71492,0.10451,0.00054,0.00011,
17.957,5.09750,0.02049,2.12164,0.00815,0.10446,0.00054,0.00011,
17.958,5.09750,0.02028,1.38481,0.01060,0.10339,0.00054,0.00011,
17.959,5.09750,0.02028,2.71176,2.02710,0.10339,0.00054,0.00011,
17.960,5.09750,0.02091,2.71176,2.02710,0.10659,0.00054,0.00011,
17.961,5.09875,0.02070,3.06958,0.01060,0.10555,0.00054,0.00011,
17.962,5.09625,0.01945,2.15914,1.97004,0.09910,0.00054,0.00011,
17.963,5.09750,0.01966,3.03535,1.28864,0.10019,0.00054,0.00011,
17.964,5.09875,0.02028,1.39623,1.55598,0.10342,0.00054,0.00011,
17.965,5.09750,0.02007,2.15996,2.94080,0.10233,0.00054,0.00011,
17.966,5.09750,0.01986,1.72226,0.00897,0.10126,0.00054,0.00011,
17.967,5.09750,0.01966,0.61864,2.06459,0.10019,0.00054,0.00011,
17.968,5.09375,0.01966,1.63505,1.88527,0.10012,0.00054,0.00011,
17.969,5.09875,0.02028,1.58533,1.83556,0.10342,0.00054,0.00011,
17.970,5.09875,0.01945,2.80794,2.39959,0.09915,0.00054,0.00011,
17.971,5.09750,0.01882,2.80794,2.39959,0.09593,0.00054,0.00011,
17.972,5.09875,0.02049,1.92847,0.00652,0.10448,0.00054,0.00011,
17.973,5.09625,0.01924,3.05083,0.01875,0.09804,0.00054,0.00011,
17.974,5.09875,0.01966,1.95374,1.24544,0.10022,0.00054,0.00011,
17.975,5.09625,0.02070,0.86887,1.40275,0.10550,0.00054,0.00011,
17.976,5.09750,0.02007,1.39378,1.52256,0.10233,0.00054,0.00011,
17.977,5.09750,0.02007,3.07039,0.00978,0.10233,0.00054,0.00011,
17.978,5.09750,0.02007,2.56341,2.06785,0.10233,0.00054,0.00011,
17.979,5.09875,0.01986,2.27080,1.66520,0.10128,0.00054,0.00011,
17.980,5.09625,0.02007,2.06459,1.09546,0.10230,0.00054,0.00011,
17.981,5.09750,0.02049,1.30005,1.59184,0.10446,0.00054,0.00011,
17.982,5.09750,0.02007,1.30005,1.59184,0.10233,0.00054,0.00011,
17.983,5.09625,0.02049,3.05736,0.01793,0.10443,0.00054,0.00011,
17.984,5.09625,0.01986,1.92848,0.50372,0.10123,0.00054,0.00011,
17.985,5.09500,0.02070,1.57636,1.82333,0.10547,0.00054,0.00011,
17.986,5.09500,0.02112,0.46623,1.00907,0.10760,0.00054,0.00011,
17.987,5.09875,0.02112,2.03281,0.00000,0.10768,0.00054,0.00011,
17.988,5.09750,0.02049,0.44177,0.91207,0.10446,0.00054,0.00011,
17.989,5.09750,0.01986,2.79491,2.43383,0.10126,0.00054,0.00011,
17.990,5.09375,0.02133,3.09486,0.48090,0.10864,0.00054,0.00011,
17.991,5.09500,0.01924,2.32216,1.70433,0.09801,0.00054,0.00011,
17.992,5.09625,0.01945,3.09323,0.74417,0.09910,0.00054,0.00011,
17.993,5.09750,0.02007,3.09323,0.74417,0.10233,0.00054,0.00011,
17.994,5.09625,0.02028,1.97575,0.00245,0.10337,0.00054,0.00011,
17.995,5.09625,0.01945,2.45258,1.63098,0.09910,0.00054,0.00011,
17.996,5.09625,0.01945,0.66511,1.93419,0.09910,0.00054,0.00011,
17.997,5.09500,0.01986,0.66511,1.93419,0.10121,0.00054,0.00011,
17.998,5.09500,0.01924,0.80611,1.21528,0.09801,0.00054,0.00011,
17.999,5.09750,0.01986,2.37759,0.00245,0.10126,0.00054,0.00011,
18.000,5.09500,0.02007,2.25614,1.39053,0.10227,0.00054,0.00011,
18.001,5.09875,0.01986,0.65614,1.93337,0.10128,0.00054,0.00011,
18.002,5.09500,0.01903,1.08243,0.83464,0.09695,0.00054,0.00011,
18.003,5.09625,0.02028,0.45726,0.97158,0.10337,0.00054,0.00011,
18.004,5.09625,0.01986,0.62598,2.03281,0.10123,0.00054,0.00011,
18.005,5.09625,0.01986,0.62598,2.03281,0.10123,0.00054,0.00011,
18.006,5.09500,0.01903,3.08751,0.22252,0.09695,0.00054,0.00011,
18.007,5.09875,0.01966,2.31481,1.70025,0.10022,0.00054,0.00011,
18.008,5.09750,0.01966,1.85919,0.00978,0.10019,0.00054,0.00011,
18.009,5.09500,0.01945,0.93571,1.26092,0.09908,0.00054,0.00011,
18.010,5.09625,0.01966,2.68323,2.25042,0.10017,0.00054,0.00011,
18.011,5.09625,0.02175,1.27559,1.55842,0.11082,0.00054,0.00011,
18.012,5.09500,0.02070,1.72796,1.54620,0.10547,0.00054,0.00011,
18.013,5.09500,0.01966,2.60254,2.83728,0.10014,0.00054,0.00011,
18.014,5.09875,0.01966,2.93264,2.61313,0.10022,0.00054,0.00011,
18.015,5.09625,0.02091,2.79489,2.42893,0.10656,0.00054,0.00011,
18.016,5.09625,0.02112,2.79489,2.42893,0.10763,0.00054,0.00011,
18.017,5.09625,0.01986,1.13946,0.25593,0.10123,0.00054,0.00011,
18.018,5.09875,0.02112,3.06952,0.02853,0.10768,0.00054,0.00011,
18.019,5.09750,0.02112,0.87212,1.95452,0.10765,0.00054,0.00011,
18.020,5.09750,0.01966,2.69133,2.25038,0.10019,0.00054,0.00011,
18.021,5.09750,0.01966,0.74334,2.03276,0.10019,0.00054,0.00011,
18.022,5.09750,0.02070,2.23571,1.72793,0.10552,0.00054,0.00011,
18.023,5.09500,0.02070,3.05241,0.02364,0.10547,0.00054,0.00011,
18.024,5.09625,0.02007,1.25682,1.66599,0.10230,0.00054,0.00011,
18.025,5.09875,0.01966,2.97171,2.71660,0.10022,0.00054,0.00011,
18.026,5.09750,0.02007,1.97326,2.82337,0.10233,0.00054,0.00011,
18.027,5.09625,0.02028,1.97326,2.82337,0.10337,0.00054,0.00011,
18.028,5.09875,0.01966,3.06942,0.02119,0.10022,0.00054,0.00011,
18.029,5.09750,0.01986,2.02291,0.69848,0.10126,0.00054,0.00011,
18.030,5.09625,0.02007,1.74173,0.58112,0.10230,0.00054,0.00011,
18.031,5.09625,0.01882,1.00575,0.60802,0.09591,0.00054,0.00011,
18.032,5.10000,0.01882,2.05715,0.00571,0.09598,0.00054,0.00011,
18.033,5.09750,0.01903,3.05882,0.95440,0.09700,0.00054,0.00011,
18.034,5.09625,0.02007,0.48332,1.03835,0.10230,0.00054,0.00011,
18.035,5.09875,0.01986,0.80362,1.55101,0.10128,0.00054,0.00011,
18.036,5.09500,0.02028,3.07920,0.16790,0.10334,0.00054,0.00011,
18.037,5.09375,0.02133,0.89083,1.31383,0.10864,0.00054,0.00011,
18.038,5.09750,0.02049,0.89083,1.31383,0.10446,0.00054,0.00011,
18.039,5.09750,0.02112,2.94387,1.25921,0.10765,0.00054,0.00011,
18.040,5.09750,0.02154,1.74904,0.57378,0.10979,0.00054,0.00011,
18.041,5.09750,0.02154,2.32608,1.69118,0.10979,0.00054,0.00011,
18.042,5.10000,0.01966,1.37821,0.00734,0.10024,0.00054,0.00011,
18.043,5.09625,0.02007,1.25758,1.36435,0.10230,0.00054,0.00011,
18.044,5.09750,0.02028,1.03101,1.12963,0.10339,0.00054,0.00011,
18.045,5.10125,0.02028,2.41737,0.00734,0.10347,0.00054,0.00011,
18.046,5.10000,0.01945,0.54933,1.04975,0.09918,0.00054,0.00011,
18.047,5.09750,0.01986,1.57544,0.00489,0.10126,0.00054,0.00011,
18.048,5.10125,0.01945,1.77023,0.00000,0.09920,0.00054,0.00011,
18.049,5.10125,0.01903,1.77023,0.00000,0.09707,0.00054,0.00011,
18.050,5.09875,0.01903,3.08080,0.08965,0.09702,0.00054,0.00011,
18.051,5.09750,0.01966,2.17938,1.20135,0.10019,0.00054,0.00011,
18.052,5.09750,0.02070,0.59252,0.97803,0.10552,0.00054,0.00011,
18.053,5.09625,0.02007,2.07995,0.00245,0.10230,0.00054,0.00011,
18.054,5.09625,0.02049,2.10440,1.41652,0.10443,0.00054,0.00011,
18.055,5.09875,0.02112,1.48172,0.01060,0.10768,0.00054,0.00011,
18.056,5.09500,0.02112,2.08158,0.62513,0.10760,0.00054,0.00011,
18.057,5.09250,0.01966,1.85908,0.00245,0.10010,0.00054,0.00011,
18.058,5.09250,0.02049,3.07102,0.03016,0.10435,0.00054,0.00011,
18.059,5.09625,0.02049,2.11255,0.00734,0.10443,0.00054,0.00011,
18.060,5.09875,0.02049,2.11255,0.00734,0.10448,0.00054,0.00011,
18.061,5.09750,0.02007,2.36604,0.00326,0.10233,0.00054,0.00011,
18.062,5.10000,0.01924,2.29676,1.36355,0.09811,0.00054,0.00011,
18.063,5.09625,0.02028,3.05311,0.01630,0.10337,0.00054,0.00011,
18.064,5.09750,0.01903,1.41164,0.00245,0.09700,0.00054,0.00011,
18.065,5.09875,0.01903,1.81915,0.00326,0.09702,0.00054,0.00011,
18.066,5.09875,0.02028,1.50700,0.66914,0.10342,0.00054,0.00011,
18.067,5.09875,0.02007,2.27150,0.00571,0.10235,0.00054,0.00011,
18.068,5.09750,0.02007,1.72950,0.00571,0.10233,0.00054,0.00011,
18.069,5.09875,0.01924,1.03835,0.50858,0.09809,0.00054,0.00011,
18.070,5.10000,0.01986,0.67648,1.88680,0.10131,0.00054,0.00011,
18.071,5.09875,0.02007,0.67648,1.88680,0.10235,0.00054,0.00011,
18.072,5.09500,0.01924,3.07191,0.01956,0.09801,0.00054,0.00011,
18.073,5.09625,0.02007,2.04658,0.00000,0.10230,0.00054,0.00011,
18.074,5.09875,0.02070,2.07266,0.00245,0.10555,0.00054,0.00011,
18.075,5.09750,0.01966,1.53147,0.00000,0.10019,0.00054,0.00011,
18.076,5.09750,0.01986,1.30244,1.70100,0.10126,0.00054,0.00011,
18.077,5.09750,0.01986,1.68959,1.92758,0.10126,0.00054,0.00011,
18.078,5.09875,0.02007,3.09473,0.62759,0.10235,0.00054,0.00011,
18.079,5.09625,0.02028,3.06376,0.01630,0.10337,0.00054,0.00011,
18.080,5.09875,0.02049,1.79799,0.00245,0.10448,0.00054,0.00011,
18.081,5.09875,0.02007,0.45887,1.38639,0.10235,0.00054,0.00011,
18.082,5.09625,0.02175,0.45887,1.38639,0.11082,0.00054,0.00011,
18.083,5.09500,0.02070,3.07201,0.01712,0.10547,0.00054,0.00011,
18.084,5.09500,0.02133,1.93743,1.22424,0.10867,0.00054,0.00011,
18.085,5.09500,0.02112,1.68312,0.00245,0.10760,0.00054,0.00011,
18.086,5.10125,0.02112,1.47283,1.73447,0.10773,0.00054,0.00011,
18.087,5.09750,0.01966,1.90890,0.00652,0.10019,0.00054,0.00011,
18.088,5.09875,0.02049,2.09310,0.00734,0.10448,0.00054,0.00011,
18.089,5.10000,0.02112,1.86081,0.00571,0.10771,0.00054,0.00011,
18.090,5.09750,0.01966,1.55434,1.74670,0.10019,0.00054,0.00011,
18.091,5.09500,0.01924,3.02392,1.60814,0.09801,0.00054,0.00011,
18.092,5.09875,0.02070,1.52663,0.00408,0.10555,0.00054,0.00011,
18.093,5.09875,0.02007,1.52663,0.00408,0.10235,0.00054,0.00011,
18.094,5.09875,0.01966,2.72319,2.27571,0.10022,0.00054,0.00011,
18.095,5.09875,0.01966,2.57892,1.79074,0.10022,0.00054,0.00011,
18.096,5.09625,0.02007,1.47612,1.45166,0.10230,0.00054,0.00011,
18.097,5.09500,0.01986,2.03689,0.00245,0.10121,0.00054,0.00011,
18.098,5.09625,0.01966,3.08183,0.09699,0.10017,0.00054,0.00011,
18.099,5.09875,0.01945,1.39379,0.00326,0.09915,0.00054,0.00011,
18.100,5.09500,0.01986,1.58778,0.00326,0.10121,0.00054,0.00011,
18.101,5.09750,0.02007,1.30006,1.71657,0.10233,0.00054,0.00011,
18.102,5.09500,0.01903,1.20795,1.31554,0.09695,0.00054,0.00011,
18.103,5.09875,0.02091,3.05412,0.02038,0.10661,0.00054,0.00011,
18.104,5.09875,0.02091,3.05412,0.02038,0.10661,0.00054,0.00011,
18.105,5.09750,0.02049,1.68096,2.60948,0.10446,0.00054,0.00011,
18.106,5.09750,0.02007,2.17905,0.00408,0.10233,0.00054,0.00011,
18.107,5.09500,0.02049,0.45815,2.00378,0.10441,0.00054,0.00011,
18.108,5.09750,0.02028,1.51710,0.00000,0.10339,0.00054,0.00011,
18.109,5.09875,0.01966,2.14155,0.00245,0.10022,0.00054,0.00011,
18.110,5.09625,0.02112,1.59536,1.93612,0.10763,0.00054,0.00011,
18.111,5.09875,0.02091,2.63801,2.17579,0.10661,0.00054,0.00011,
18.112,5.09875,0.02028,1.50895,0.00163,0.10342,0.00054,0.00011,
18.113,5.10125,0.02091,3.19399,0.00082,0.10667,0.00054,0.00011,
18.114,5.09750,0.02091,0.58369,1.87906,0.10659,0.00054,0.00011,
18.115,5.09750,0.02091,0.58369,1.87906,0.10659,0.00054,0.00011,
18.116,5.09875,0.02070,0.48423,1.31493,0.10555,0.00054,0.00011,
18.117,5.09875,0.02070,2.97714,1.05488,0.10555,0.00054,0.00011,
18.118,5.09750,0.02112,1.40379,0.15244,0.10765,0.00054,0.00011,
18.119,5.09875,0.01966,0.44510,0.92363,0.10022,0.00054,0.00011,
18.120,5.09625,0.01882,2.73828,2.07878,0.09591,0.00054,0.00011,
18.121,5.09625,0.02028,0.74184,1.69319,0.10337,0.00054,0.00011,
18.122,5.09750,0.02028,1.47553,0.00326,0.10339,0.00054,0.00011,
18.123,5.10125,0.02007,1.94916,0.01141,0.10240,0.00054,0.00011,
18.124,5.09875,0.01966,2.45051,0.00652,0.10022,0.00054,0.00011,
18.125,5.10000,0.02007,1.46004,0.00408,0.10238,0.00054,0.00011,
18.126,5.09875,0.01986,1.46004,0.00408,0.10128,0.00054,0.00011,
18.127,5.09750,0.02007,3.09617,0.43125,0.10233,0.00054,0.00011,
18.128,5.10000,0.02007,1.31820,1.58151,0.10238,0.00054,0.00011,
18.129,5.09875,0.02007,3.06764,0.01630,0.10235,0.00054,0.00011,
18.130,5.09875,0.02007,1.74292,1.25705,0.10235,0.00054,0.00011,
18.131,5.09875,0.02007,2.42281,2.95106,0.10235,0.00054,0.00011,
18.132,5.09625,0.01986,2.75052,2.36819,0.10123,0.00054,0.00011,
18.133,5.09625,0.02070,3.05704,1.77716,0.10550,0.00055,0.00011,
18.134,5.09625,0.02007,3.09128,0.35380,0.10230,0.00055,0.00011,
18.135,5.09500,0.02049,1.42091,0.00245,0.10441,0.00055,0.00011,
18.136,5.09750,0.02028,3.07253,0.05299,0.10339,0.00055,0.00011,
18.137,5.09625,0.02007,3.07253,0.05299,0.10230,0.00055,0.00011,
18.138,5.09625,0.01966,0.59103,1.90025,0.10017,0.00055,0.00011,
18.139,5.09625,0.02007,2.39998,0.00326,0.10230,0.00055,0.00011,
18.140,5.09625,0.01986,0.62200,2.03639,0.10123,0.00055,0.00011,
18.141,5.09625,0.01986,1.71683,1.26439,0.10123,0.00055,0.00011,
18.142,5.09500,0.01924,1.36222,1.54971,0.09801,0.00055,0.00011,
18.143,5.09875,0.02007,3.05785,0.02120,0.10235,0.00055,0.00011,
18.144,5.09750,0.01986,3.09046,1.12417,0.10126,0.00055,0.00011,
18.145,5.09875,0.01924,3.07253,0.04891,0.09809,0.00055,0.00011,
18.146,5.09750,0.01986,0.42635,1.36548,0.10126,0.00055,0.00011,
18.147,5.09500,0.01986,3.07253,0.05870,0.10121,0.00055,0.00011,
18.148,5.09625,0.02007,3.07253,0.05870,0.10230,0.00055,0.00011,
18.149,5.09625,0.02049,1.00026,1.10461,0.10443,0.00055,0.00011,
18.150,5.09875,0.02049,2.24998,0.00245,0.10448,0.00055,0.00011,
18.151,5.09875,0.02049,1.98993,2.95921,0.10448,0.00055,0.00011,
18.152,5.09875,0.02091,2.17335,0.00489,0.10661,0.00055,0.00011,
18.153,5.09750,0.02028,1.72743,0.00734,0.10339,0.00055,0.00011,
18.154,5.09750,0.02049,3.06356,0.01467,0.10446,0.00055,0.00011,
18.155,5.09750,0.02133,2.51003,1.70460,0.10872,0.00055,0.00011,
18.156,5.09625,0.01986,2.32742,2.89318,0.10123,0.00055,0.00011,
18.157,5.09875,0.01986,3.19318,0.00652,0.10128,0.00055,0.00011,
18.158,5.09875,0.02112,3.19318,0.00652,0.10768,0.00055,0.00011,
18.159,5.09750,0.02112,3.07008,0.03424,0.10765,0.00055,0.00011,
18.160,5.09500,0.01924,3.07008,0.03424,0.09801,0.00055,0.00011,
18.161,5.09875,0.02007,1.13885,0.25679,0.10235,0.00055,0.00011,
18.162,5.09750,0.02007,0.96439,1.32146,0.10233,0.00055,0.00011,
18.163,5.09625,0.02049,2.01928,0.00978,0.10443,0.00055,0.00011,
18.164,5.09625,0.02007,1.57254,1.78042,0.10230,0.00055,0.00011,
18.165,5.09625,0.01903,2.04373,0.00000,0.09697,0.00055,0.00011,
18.166,5.09500,0.01986,3.08150,0.09946,0.10121,0.00055,0.00011,
18.167,5.09500,0.01861,0.65869,1.48531,0.09482,0.00055,0.00011,
18.168,5.09625,0.01861,1.61493,0.00978,0.09484,0.00055,0.00011,
18.169,5.09750,0.01903,3.07335,0.01875,0.09700,0.00055,0.00011,
18.170,5.09500,0.02049,1.04429,1.13151,0.10441,0.00055,0.00011,
18.171,5.09375,0.01945,1.04429,1.13151,0.09905,0.00055,0.00011,
18.172,5.09625,0.01945,1.71111,2.10160,0.09910,0.00055,0.00011,
18.173,5.09750,0.02070,2.64779,2.84670,0.10552,0.00055,0.00011,
18.174,5.09750,0.02070,1.81954,0.00408,0.10552,0.00055,0.00011,
18.175,5.09750,0.01903,0.77771,1.61655,0.09700,0.00055,0.00011,
18.176,5.09750,0.02112,0.48749,1.06873,0.10765,0.00055,0.00011,
18.177,5.09750,0.02112,2.70159,2.27198,0.10765,0.00055,0.00011,
18.178,5.09750,0.01986,1.94100,0.00652,0.10126,0.00055,0.00011,
18.179,5.09750,0.02049,2.11138,0.00082,0.10446,0.00055,0.00011,
18.180,5.09625,0.02133,1.47471,0.00489,0.10869,0.00055,0.00011,
18.181,5.09500,0.02112,1.47471,0.00815,0.10760,0.00055,0.00011,
18.182,5.09875,0.02028,1.47471,0.00815,0.10342,0.00055,0.00011,
18.183,5.09875,0.02070,3.05287,0.01956,0.10555,0.00055,0.00011,
18.184,5.09625,0.01966,2.77000,2.37790,0.10017,0.00055,0.00011,
18.185,5.09625,0.01945,1.95726,0.00734,0.09910,0.00055,0.00011,
18.186,5.09625,0.01945,0.68802,2.08280,0.09910,0.00055,0.00011,
18.187,5.09750,0.02028,0.80540,1.55130,0.10339,0.00055,0.00011,
18.188,5.09750,0.02049,1.32060,1.60836,0.10446,0.00055,0.00011,
18.189,5.09750,0.02007,1.99395,1.19751,0.10233,0.00055,0.00011,
18.190,5.09750,0.01945,0.48993,0.91382,0.09913,0.00055,0.00011,
18.191,5.10125,0.01986,0.90323,1.32223,0.10133,0.00055,0.00011,
18.192,5.09625,0.01924,1.92058,0.00326,0.09804,0.00055,0.00011,
18.193,5.09750,0.01924,1.92058,0.00326,0.09806,0.00055,0.00011,
18.194,5.09750,0.02070,2.22210,2.49517,0.10552,0.00055,0.00011,
18.195,5.09750,0.02070,0.65375,2.08515,0.10552,0.00055,0.00011,
18.196,5.09625,0.01966,2.00201,0.00815,0.10017,0.00055,0.00011,
18.197,5.09625,0.01945,2.59136,2.50251,0.09910,0.00055,0.00011,
18.198,5.09875,0.01903,3.08697,1.09312,0.09702,0.00055,0.00011,
18.199,5.09750,0.02007,2.80900,1.86995,0.10233,0.00055,0.00011,
18.200,5.09875,0.01966,1.88462,0.00489,0.10022,0.00055,0.00011,
18.201,5.09625,0.01986,1.15833,1.46971,0.10123,0.00055,0.00011,
18.202,5.09625,0.02007,1.23251,1.35315,0.10230,0.00055,0.00011,
18.203,5.09625,0.01945,3.08534,0.20134,0.09910,0.00055,0.00011,
18.204,5.09625,0.01945,3.08534,0.20134,0.09910,0.00055,0.00011,
18.205,5.09500,0.02007,0.61299,0.81678,0.10227,0.00055,0.00011,
18.206,5.09875,0.02112,2.48213,2.53267,0.10768,0.00055,0.00011,
18.207,5.09875,0.02049,2.20335,0.42062,0.10448,0.00055,0.00011,
18.208,5.09750,0.02112,3.06252,0.01386,0.10765,0.00055,0.00011,
18.209,5.09750,0.02070,3.10491,0.02608,0.10552,0.00055,0.00011,
18.210,5.09625,0.02112,3.06497,0.01304,0.10763,0.00055,0.00011,
18.211,5.09750,0.01966,1.98408,0.00245,0.10019,0.00055,0.00011,
18.212,5.09750,0.02154,1.55694,1.38494,0.10979,0.00055,0.00011,
18.213,5.09500,0.02154,3.08697,0.01304,0.10973,0.00055,0.00011,
18.214,5.09500,0.02070,3.07638,0.04728,0.10547,0.00055,0.00011,
18.215,5.09375,0.02049,3.07638,0.04728,0.10438,0.00055,0.00011,
18.216,5.09750,0.02112,3.19785,0.00571,0.10765,0.00055,0.00011,
18.217,5.09875,0.01986,1.95719,2.13244,0.10128,0.00055,0.00011,
18.218,5.09625,0.02007,3.07232,0.01060,0.10230,0.00055,0.00011,
18.219,5.09875,0.02007,2.77316,2.06805,0.10235,0.00055,0.00011,
18.220,5.09875,0.02049,3.08455,0.29346,0.10448,0.00055,0.00011,
18.221,5.09875,0.01966,0.85591,1.19665,0.10022,0.00055,0.00011,
18.222,5.09625,0.01966,2.12266,2.66066,0.10017,0.00055,0.00011,
18.223,5.09625,0.01924,3.05520,0.01549,0.09804,0.00055,0.00011,
18.224,5.09625,0.02049,3.06743,0.01304,0.10443,0.00055,0.00011,
18.225,5.09375,0.01986,3.06824,0.03016,0.10118,0.00055,0.00011,
18.226,5.09750,0.01986,3.06824,0.03016,0.10126,0.00055,0.00011,
18.227,5.09625,0.01966,3.06742,0.01223,0.10017,0.00055,0.00011,
18.228,5.09750,0.02091,3.07394,0.01141,0.10659,0.00055,0.00011,
18.229,5.09750,0.01986,3.18970,0.01467,0.10126,0.00055,0.00011,
18.230,5.09750,0.01966,2.92396,1.31566,0.10019,0.00055,0.00011,
18.231,5.09500,0.01966,2.26857,2.87912,0.10014,0.00055,0.00011,
18.232,5.09750,0.02049,0.61300,1.38984,0.10446,0.00055,0.00011,
18.233,5.09375,0.02007,3.05601,0.96025,0.10225,0.00055,0.00011,
18.234,5.09500,0.01966,3.08046,0.17607,0.10014,0.00055,0.00011,
18.235,5.09875,0.02091,3.17339,0.01304,0.10661,0.00055,0.00011,
18.236,5.09875,0.02091,0.39779,1.26349,0.10661,0.00055,0.00011,
18.237,5.09750,0.02049,0.39779,1.26349,0.10446,0.00055,0.00011,
18.238,5.09625,0.01986,1.75503,0.33992,0.10123,0.00055,0.00011,
18.239,5.09625,0.02049,2.30933,1.83002,0.10443,0.00055,0.00011,
18.240,5.09875,0.02049,3.07476,0.09945,0.10448,0.00055,0.00011,
18.241,5.09750,0.01986,3.06254,0.01060,0.10126,0.00055,0.00011,
18.242,5.10125,0.02049,0.68473,1.37354,0.10453,0.00055,0.00011,
18.243,5.09875,0.02028,3.07395,0.07662,0.10342,0.00055,0.00011,
18.244,5.09625,0.01903,3.06254,1.45261,0.09697,0.00055,0.00011,
18.245,5.09625,0.02028,3.06906,0.02527,0.10337,0.00055,0.00011,
18.246,5.09875,0.02070,1.40533,0.71408,0.10555,0.00055,0.00011,
18.247,5.09625,0.01986,2.63947,2.18054,0.10123,0.00055,0.00011,
18.248,5.09625,0.01986,2.63947,2.18054,0.10123,0.00055,0.00011,
18.249,5.09625,0.01986,2.33298,2.91338,0.10123,0.00055,0.00011,
18.250,5.09500,0.02070,3.06418,0.02364,0.10547,0.00055,0.00011,
18.251,5.09625,0.02154,3.16200,0.00571,0.10976,0.00055,0.00011,
18.252,5.09750,0.02007,1.72977,0.00408,0.10233,0.00055,0.00011,
18.253,5.09750,0.02175,3.06663,0.02853,0.11085,0.00055,0.00011,
18.254,5.09625,0.02091,1.77379,0.56246,0.10656,0.00055,0.00011,
18.255,5.09500,0.01986,1.66537,0.00245,0.10121,0.00055,0.00011,
18.256,5.09750,0.01986,2.14713,0.00326,0.10126,0.00055,0.00011,
18.257,5.09750,0.02028,3.09434,0.72060,0.10339,0.00055,0.00011,
18.258,5.09750,0.02028,2.80007,1.92622,0.10339,0.00055,0.00011,
18.259,5.09500,0.02007,2.80007,1.92622,0.10227,0.00055,0.00011,
18.260,5.09500,0.01966,0.82413,0.91624,0.10014,0.00055,0.00011,
18.261,5.09750,0.02133,0.61218,1.01487,0.10872,0.00055,0.00011,
18.262,5.09875,0.01966,3.00875,0.89260,0.10022,0.00055,0.00011,
18.263,5.09625,0.01966,3.05114,0.02038,0.10017,0.00055,0.00011,
18.264,5.09625,0.02049,0.64968,2.06398,0.10443,0.00055,0.00011,
18.265,5.09750,0.01924,2.88566,0.00652,0.09806,0.00055,0.00011,
18.266,5.09500,0.01966,2.11452,0.00489,0.10014,0.00055,0.00011,
18.267,5.09500,0.01966,1.70531,1.93682,0.10014,0.00055,0.00011,
18.268,5.09625,0.02007,3.06826,0.02690,0.10230,0.00055,0.00011,
18.269,5.09750,0.01924,3.09679,0.64234,0.09806,0.00055,0.00011,
18.270,5.09875,0.01986,3.09679,0.64234,0.10128,0.00055,0.00011,
18.271,5.09875,0.01945,3.08783,0.15080,0.09915,0.00055,0.00011,
18.272,5.09625,0.02007,2.52781,2.03138,0.10230,0.00055,0.00011,
18.273,5.09750,0.01966,2.81638,1.83330,0.10019,0.00055,0.00011,
18.274,5.09625,0.01966,1.71917,0.00245,0.10017,0.00055,0.00011,
18.275,5.09625,0.02049,3.07234,0.00978,0.10443,0.00055,0.00011,
18.276,5.09625,0.01924,3.07071,0.03994,0.09804,0.00055,0.00011,
18.277,5.09625,0.01924,0.97330,1.29774,0.09804,0.00055,0.00011,
18.278,5.10125,0.01903,0.86896,2.23272,0.09707,0.00055,0.00011,
18.279,5.10000,0.02070,2.83839,1.75504,0.10557,0.00055,0.00011,
18.280,5.09875,0.02028,3.06582,0.01956,0.10342,0.00055,0.00011,
18.281,5.09750,0.02007,3.06582,0.01956,0.10233,0.00055,0.00011,
18.282,5.09875,0.02112,1.31975,0.00489,0.10768,0.00055,0.00011,
18.283,5.09750,0.02133,3.05524,0.44916,0.10872,0.00055,0.00011,
18.284,5.09875,0.02070,3.06666,0.02446,0.10555,0.00055,0.00011,
18.285,5.09875,0.02154,3.08052,0.18015,0.10981,0.00055,0.00011,
18.286,5.09875,0.02154,3.11068,0.00897,0.10981,0.00055,0.00011,
18.287,5.09625,0.02049,2.78787,2.42757,0.10443,0.00055,0.00011,
18.288,5.09875,0.02049,1.94010,0.00408,0.10448,0.00055,0.00011,
18.289,5.09625,0.01945,1.71919,0.00489,0.09910,0.00055,0.00011,
18.290,5.10000,0.02049,3.08052,0.18260,0.10451,0.00055,0.00011,
18.291,5.09750,0.01924,1.52518,0.00652,0.09806,0.00055,0.00011,
18.292,5.09625,0.01945,1.52518,0.00652,0.09910,0.00055,0.00011,
18.293,5.09625,0.02028,0.38639,1.24639,0.10337,0.00055,0.00011,
18.294,5.09750,0.01945,3.08622,0.18015,0.09913,0.00055,0.00011,
18.295,5.09750,0.01945,1.57979,0.00489,0.09913,0.00055,0.00011,
18.296,5.09500,0.01945,2.22622,0.00245,0.09908,0.00055,0.00011,
18.297,5.09625,0.02049,2.80988,2.59467,0.10443,0.00055,0.00011,
18.298,5.09750,0.01986,2.16916,0.00326,0.10126,0.00055,0.00011,
18.299,5.09500,0.01966,3.09192,0.47361,0.10014,0.00055,0.00011,
18.300,5.09750,0.02070,3.08214,0.17118,0.10552,0.00055,0.00011,
18.301,5.09750,0.01986,3.08051,0.10597,0.10126,0.00055,0.00011,
18.302,5.09750,0.02007,1.12982,0.28938,0.10233,0.00055,0.00011,
18.303,5.09750,0.01924,1.12982,0.28938,0.09806,0.00055,0.00011,
18.304,5.09750,0.01924,1.20726,1.19585,0.09806,0.00055,0.00011,
18.305,5.09625,0.01966,0.53638,1.18525,0.10017,0.00055,0.00011,
18.306,5.09625,0.01986,3.06339,0.01141,0.10123,0.00055,0.00011,
18.307,5.09875,0.01882,1.39475,1.66294,0.09595,0.00055,0.00011,
18.308,5.09875,0.01986,3.09029,0.65702,0.10128,0.00055,0.00011,
18.309,5.09625,0.02007,2.76341,2.06807,0.10230,0.00055,0.00011,
18.310,5.10000,0.01924,3.09111,0.63746,0.09811,0.00055,0.00011,
18.311,5.09750,0.02007,3.06828,0.01630,0.10233,0.00055,0.00011,
18.312,5.09750,0.02070,0.72876,1.45833,0.10552,0.00055,0.00011,
18.313,5.09875,0.02070,3.07888,0.11249,0.10555,0.00055,0.00011,
18.314,5.09625,0.01945,3.07888,0.11249,0.09910,0.00055,0.00011,
18.315,5.09875,0.02133,1.92950,2.10557,0.10875,0.00055,0.00011,
18.316,5.09750,0.02112,0.63338,2.08764,0.10765,0.00055,0.00011,
18.317,5.09500,0.02070,1.75179,2.72265,0.10547,0.00055,0.00011,
18.318,5.09625,0.02112,3.07318,0.06929,0.10763,0.00055,0.00011,
18.319,5.09750,0.02154,3.07318,0.06929,0.10979,0.00055,0.00011,
18.320,5.09875,0.02028,2.88324,1.51458,0.10342,0.00055,0.00011,
18.321,5.09875,0.02112,1.20074,1.21704,0.10768,0.00055,0.00011,
18.322,5.09750,0.02112,1.85124,2.76749,0.10765,0.00055,0.00011,
18.323,5.09625,0.02070,3.08866,0.29101,0.10550,0.00055,0.00011,
18.324,5.09500,0.02028,1.77543,0.00815,0.10334,0.00055,0.00011,
18.325,5.09750,0.02028,2.35583,0.00652,0.10339,0.00055,0.00011,
18.326,5.09625,0.02070,2.35583,0.00652,0.10550,0.00055,0.00011,
18.327,5.09875,0.02007,0.93988,2.24415,0.10235,0.00055,0.00011,
18.328,5.10000,0.01966,1.12656,0.28368,0.10024,0.00055,0.00011,
18.329,5.09625,0.02028,2.17812,0.00652,0.10337,0.00055,0.00011,
18.330,5.09625,0.01986,3.18077,0.00652,0.10123,0.00055,0.00011,
18.331,5.09750,0.01986,3.08865,0.23477,0.10126,0.00055,0.00011,
18.332,5.09625,0.02112,1.68576,0.00489,0.10763,0.00055,0.00011,
18.333,5.09625,0.01966,3.06338,0.00489,0.10017,0.00055,0.00011,
18.334,5.09625,0.01966,3.07806,0.02935,0.10017,0.00055,0.00011,
18.335,5.10000,0.01966,1.76564,0.00734,0.10024,0.00055,0.00011,
18.336,5.09375,0.01945,1.99226,0.03668,0.09905,0.00055,0.00011,
18.337,5.09625,0.02028,1.99226,0.03668,0.10337,0.00055,0.00011,
18.338,5.09625,0.01903,3.09432,1.11268,0.09697,0.00055,0.00011,
18.339,5.09625,0.01966,1.46483,1.62052,0.10017,0.00055,0.00011,
18.340,5.09875,0.01966,3.07312,0.02935,0.10022,0.00055,0.00011,
18.341,5.09875,0.02049,1.64905,0.00652,0.10448,0.00055,0.00011,
18.342,5.09875,0.01966,1.86262,0.00571,0.10022,0.00055,0.00011,
18.343,5.09750,0.02133,3.05356,0.01956,0.10872,0.00055,0.00011,
18.344,5.09750,0.02112,1.33114,0.00000,0.10765,0.00055,0.00011,
18.345,5.09750,0.01945,2.00038,0.00245,0.09913,0.00055,0.00011,
18.346,5.09875,0.02049,1.20072,1.59362,0.10448,0.00055,0.00011,
18.347,5.09750,0.01966,2.38840,0.00734,0.10019,0.00055,0.00011,
18.348,5.09750,0.02070,2.38840,0.00734,0.10552,0.00055,0.00011,
18.349,5.09625,0.02070,2.72578,1.90413,0.10550,0.00055,0.00011,
18.350,5.09625,0.01966,1.73214,0.00489,0.10017,0.00055,0.00011,
18.351,5.09625,0.02007,2.02070,0.00000,0.10230,0.00055,0.00011,
18.352,5.09750,0.02070,0.46625,0.98956,0.10552,0.00055,0.00011,
18.353,5.09875,0.02112,2.14378,0.00652,0.10768,0.00055,0.00011,
18.354,5.09875,0.01966,0.44506,0.90805,0.10022,0.00055,0.00011,
18.355,5.10000,0.02112,1.43381,0.00489,0.10771,0.00055,0.00011,
18.356,5.10000,0.02070,3.09666,1.28953,0.10557,0.00055,0.00011,
18.357,5.10000,0.02028,3.06569,0.01712,0.10344,0.00055,0.00011,
18.358,5.09500,0.02028,0.61460,1.56260,0.10334,0.00055,0.00011,
18.359,5.09875,0.02091,0.61460,1.56260,0.10661,0.00055,0.00011,
18.360,5.09750,0.02133,2.10289,0.28283,0.10872,0.00055,0.00011,
18.361,5.09875,0.02028,3.06712,0.02038,0.10342,0.00055,0.00011,
18.362,5.09875,0.02175,1.80865,0.90147,0.11088,0.00055,0.00011,
18.363,5.09750,0.02154,3.08750,0.35700,0.10979,0.00055,0.00011,
18.364,5.09500,0.02028,0.76454,1.13214,0.10334,0.00055,0.00011,
18.365,5.09875,0.02154,3.09402,0.52735,0.10981,0.00055,0.00011,
18.366,5.09875,0.02175,2.36861,0.00163,0.11088,0.00055,0.00011,
18.367,5.09875,0.02175,3.04104,1.04737,0.11088,0.00055,0.00011,
18.368,5.09625,0.01924,0.60152,1.37258,0.09804,0.00055,0.00011,
18.369,5.09875,0.02049,1.84370,0.00408,0.10448,0.00055,0.00011,
18.370,5.09875,0.02007,1.84370,0.00408,0.10235,0.00055,0.00011,
18.371,5.09500,0.01966,1.18594,1.29271,0.10014,0.00055,0.00011,
18.372,5.09875,0.01986,2.17381,0.00489,0.10128,0.00055,0.00011,
18.373,5.09875,0.02070,3.06713,0.02282,0.10555,0.00055,0.00011,
18.374,5.09500,0.01966,3.07529,0.06847,0.10014,0.00055,0.00011,
18.375,5.09500,0.01966,3.07529,1.87957,0.10014,0.00055,0.00011,
18.376,5.09875,0.01966,3.14457,0.00652,0.10022,0.00055,0.00011,
18.377,5.09875,0.02070,1.85838,2.68649,0.10555,0.00055,0.00011,
18.378,5.09750,0.02028,3.07773,0.13204,0.10339,0.00055,0.00011,
18.379,5.09625,0.02070,1.92358,0.00489,0.10550,0.00055,0.00011,
18.380,5.09875,0.01986,2.90901,1.39134,0.10128,0.00055,0.00011,
18.381,5.09750,0.02070,2.90901,1.39134,0.10552,0.00055,0.00011,
18.382,5.09750,0.02154,3.08020,0.07988,0.10979,0.00055,0.00011,
18.383,5.10000,0.02007,3.04841,0.01793,0.10238,0.00055,0.00011,
18.384,5.10000,0.02133,0.86236,1.22996,0.10877,0.00055,0.00011,
18.385,5.09750,0.02133,2.14367,0.00815,0.10872,0.00055,0.00011,
18.386,5.09750,0.02070,3.08101,0.20948,0.10552,0.00055,0.00011,
18.387,5.09875,0.02007,3.01825,0.82242,0.10235,0.00055,0.00011,
18.388,5.09750,0.02112,3.06797,0.02445,0.10765,0.00055,0.00011,
18.389,5.09250,0.02112,1.89344,0.00326,0.10755,0.00055,0.00011,
18.390,5.09625,0.01966,3.01173,0.87621,0.10017,0.00055,0.00011,
18.391,5.09875,0.02070,1.62772,2.04178,0.10555,0.00055,0.00011,
18.392,5.09750,0.02070,1.62772,2.04178,0.10552,0.00055,0.00011,
18.393,5.09875,0.01966,1.23079,1.17780,0.10022,0.00055,0.00011,
18.394,5.09625,0.02112,2.81287,2.23009,0.10763,0.00055,0.00011,
18.395,5.09625,0.02112,3.08756,0.31462,0.10763,0.00055,0.00011,
18.396,5.09875,0.02112,3.08837,0.44993,0.10768,0.00055,0.00011,
18.397,5.09750,0.02049,3.03784,0.91942,0.10446,0.00055,0.00011,
18.398,5.09625,0.02028,3.06637,0.02364,0.10337,0.00055,0.00011,
18.399,5.09750,0.02070,1.94073,0.00408,0.10552,0.00055,0.00011,
18.400,5.09625,0.02049,0.42059,1.32452,0.10443,0.00055,0.00011,
18.401,5.09625,0.02070,3.07941,1.72473,0.10550,0.00055,0.00011,
18.402,5.09625,0.02091,3.06881,0.04320,0.10656,0.00055,0.00011,
18.403,5.09750,0.01986,3.06881,0.04320,0.10126,0.00055,0.00011,
18.404,5.09875,0.01986,3.06968,0.02934,0.10128,0.00055,0.00011,
18.405,5.09875,0.01986,1.93505,2.10460,0.10128,0.00055,0.00011,
18.406,5.10000,0.02112,2.08829,1.10854,0.10771,0.00055,0.00011,
18.407,5.09875,0.01903,0.68713,0.76864,0.09702,0.00055,0.00011,
18.408,5.10000,0.01924,3.08598,0.29507,0.09811,0.00055,0.00011,
18.409,5.09750,0.02091,3.06886,0.01467,0.10659,0.00055,0.00011,
18.410,5.09625,0.01945,3.04359,1.01806,0.09910,0.00055,0.00011,
18.411,5.09875,0.02007,3.04767,1.15256,0.10235,0.00055,0.00011,
18.412,5.09875,0.02007,1.58945,0.03342,0.10235,0.00055,0.00011,
18.413,5.09375,0.01945,2.25783,0.00734,0.09905,0.00055,0.00011,
18.414,5.09625,0.02154,2.25783,0.00734,0.10976,0.00055,0.00011,
18.415,5.09750,0.02070,2.49516,2.98587,0.10552,0.00055,0.00011,
18.416,5.09875,0.01945,2.29463,0.00326,0.09915,0.00055,0.00011,
18.417,5.09875,0.02112,3.07880,0.11004,0.10768,0.00055,0.00011,
18.418,5.10000,0.02133,3.17906,0.00815,0.10877,0.00055,0.00011,
18.419,5.09500,0.01986,0.65456,1.46645,0.10121,0.00055,0.00011,
18.420,5.09500,0.02154,0.51517,1.64089,0.10973,0.00055,0.00011,
18.421,5.09500,0.02154,2.56200,2.89621,0.10973,0.00055,0.00011,
18.422,5.09750,0.02112,2.50086,2.71362,0.10765,0.00055,0.00011,
18.423,5.10000,0.02028,3.05516,0.02445,0.10344,0.00055,0.00011,
18.424,5.09875,0.02112,0.63907,1.03116,0.10768,0.00055,0.00011,
18.425,5.09500,0.02070,0.63907,1.03116,0.10547,0.00055,0.00011,
18.426,5.09625,0.02028,1.60190,1.02554,0.10337,0.00055,0.00011,
18.427,5.09875,0.02112,3.07254,0.09375,0.10768,0.00055,0.00011,
18.428,5.09500,0.02070,3.07662,0.01141,0.10547,0.00055,0.00011,
18.429,5.09875,0.02028,3.20135,0.00815,0.10342,0.00055,0.00011,
18.430,5.09875,0.02133,2.41793,2.95026,0.10875,0.00055,0.00011,
18.431,5.09875,0.02133,2.79782,1.93614,0.10875,0.00055,0.00011,
18.432,5.09750,0.02028,3.06276,0.01141,0.10339,0.00055,0.00011,
18.433,5.09750,0.01966,3.05624,1.46657,0.10019,0.00055,0.00011,
18.434,5.09875,0.02007,2.00054,0.00245,0.10235,0.00055,0.00011,
18.435,5.09875,0.02070,2.01032,0.00978,0.10555,0.00055,0.00011,
18.436,5.09625,0.01945,2.01032,0.00978,0.09910,0.00055,0.00011,
18.437,5.09625,0.01903,0.62282,1.29130,0.09697,0.00055,0.00011,
18.438,5.09500,0.01966,2.40651,0.00000,0.10014,0.00055,0.00011,
18.439,5.09500,0.02007,0.96114,0.71576,0.10227,0.00055,0.00011,
18.440,5.09750,0.02007,0.58614,1.87173,0.10233,0.00055,0.00011,
18.441,5.09750,0.01986,0.95217,1.06793,0.10126,0.00055,0.00011,
18.442,5.10000,0.02091,3.08559,1.57092,0.10664,0.00055,0.00011,
18.443,5.09750,0.01945,3.08722,1.13885,0.09913,0.00055,0.00011,
18.444,5.09500,0.01945,3.06847,0.02935,0.09908,0.00055,0.00011,
18.445,5.09750,0.02091,1.46168,1.10135,0.10659,0.00055,0.00011,
18.446,5.09500,0.02049,1.43396,1.92309,0.10441,0.00055,0.00011,
18.447,5.09625,0.02112,1.43396,1.92309,0.10763,0.00055,0.00011,
18.448,5.09625,0.02070,1.71032,1.60190,0.10550,0.00055,0.00011,
18.449,5.09500,0.02070,1.90597,0.00489,0.10547,0.00055,0.00011,
18.450,5.09750,0.02049,1.40706,0.02364,0.10446,0.00055,0.00011,
18.451,5.09750,0.02070,3.06684,0.02120,0.10552,0.00055,0.00011,
18.452,5.09875,0.01945,3.08803,0.36685,0.09915,0.00055,0.00011,
18.453,5.09750,0.01945,2.59157,2.81004,0.09913,0.00055,0.00011,
18.454,5.09500,0.02007,2.18477,1.91738,0.10227,0.00055,0.00011,
18.455,5.09625,0.01966,2.20434,0.00326,0.10017,0.00055,0.00011,
18.456,5.09500,0.01945,3.07010,0.05788,0.09908,0.00055,0.00011,
18.457,5.09500,0.02112,2.59646,2.75216,0.10760,0.00055,0.00011,
18.458,5.09625,0.02112,2.59646,2.75216,0.10763,0.00055,0.00011,
18.459,5.10000,0.02070,3.09049,0.23560,0.10557,0.00055,0.00011,
18.460,5.09875,0.01986,0.93261,1.50815,0.10128,0.00055,0.00011,
18.461,5.09875,0.02091,1.13315,2.35027,0.10661,0.00055,0.00011,
18.462,5.09875,0.02091,3.06603,0.01875,0.10661,0.00055,0.00011,
18.463,5.09875,0.02049,3.04973,0.01875,0.10448,0.00055,0.00011,
18.464,5.09750,0.02091,1.85462,1.99402,0.10659,0.00055,0.00011,
18.465,5.09875,0.02049,2.07636,0.08804,0.10448,0.00055,0.00011,
18.466,5.09875,0.02049,3.03750,0.94321,0.10448,0.00055,0.00011,
18.467,5.09875,0.02049,2.78804,0.92120,0.10448,0.00055,0.00011,
18.468,5.09875,0.02154,3.07011,0.04484,0.10981,0.00055,0.00011,
18.469,5.09500,0.02112,3.07011,0.04484,0.10760,0.00055,0.00011,
18.470,5.09875,0.02070,2.82962,0.92772,0.10555,0.00055,0.00011,
18.471,5.09625,0.02154,2.19782,0.00734,0.10976,0.00055,0.00011,
18.472,5.09875,0.02007,0.49891,1.24973,0.10235,0.00055,0.00011,
18.473,5.09625,0.01986,3.08886,0.33505,0.10123,0.00055,0.00011,
18.474,5.09750,0.01903,1.16168,1.48043,0.09700,0.00055,0.00011,
18.475,5.09750,0.02049,3.07744,1.60272,0.10446,0.00055,0.00011,
18.476,5.09625,0.02049,2.31114,2.56630,0.10443,0.00055,0.00011,
18.477,5.09625,0.01945,2.20598,2.92989,0.09910,0.00055,0.00011,
18.478,5.09750,0.01945,3.08315,0.23478,0.09913,0.00055,0.00011,
18.479,5.09625,0.01924,3.06685,0.02772,0.09804,0.00055,0.00011,
18.480,5.09750,0.02007,3.06685,0.02772,0.10233,0.00055,0.00011,
18.481,5.09875,0.02049,3.06685,0.02772,0.10448,0.00055,0.00011,
18.482,5.09750,0.02007,1.83098,2.68044,0.10233,0.00056,0.00011,
18.483,5.09625,0.02070,3.07094,0.03913,0.10550,0.00056,0.00011,
18.484,5.09625,0.02070,1.77881,0.00326,0.10550,0.00056,0.00011,
18.485,5.09875,0.02070,1.63696,3.03099,0.10555,0.00056,0.00011,
18.486,5.09750,0.02007,1.97446,2.74811,0.10233,0.00056,0.00011,
18.487,5.10000,0.02133,3.07094,0.03098,0.10877,0.00056,0.00011,
18.488,5.09625,0.02133,3.07909,0.10435,0.10869,0.00056,0.00011,
18.489,5.09625,0.02007,3.08235,0.19076,0.10230,0.00056,0.00011,
18.490,5.09500,0.02175,2.86468,1.62392,0.11080,0.00056,0.00011,
18.491,5.09375,0.02091,2.67637,2.45707,0.10651,0.00056,0.00011,
18.492,5.09750,0.02049,2.67637,2.45707,0.10446,0.00056,0.00011,
18.493,5.09750,0.02133,1.89945,0.03342,0.10872,0.00056,0.00011,
18.494,5.09750,0.02112,1.95896,1.56032,0.10765,0.00056,0.00011,
18.495,5.09750,0.02112,2.18152,0.00897,0.10765,0.00056,0.00011,
18.496,5.09625,0.02028,2.20516,2.64700,0.10337,0.00056,0.00011,
18.497,5.10000,0.02091,3.08722,0.20543,0.10664,0.00056,0.00011,
18.498,5.09750,0.02112,3.09293,1.00271,0.10765,0.00056,0.00011,
18.499,5.09500,0.01966,3.08885,0.33505,0.10014,0.00056,0.00011,
18.500,5.09750,0.02154,2.06413,0.03668,0.10979,0.00056,0.00011,
18.501,5.09750,0.02175,1.53342,1.96956,0.11085,0.00056,0.00011,
18.502,5.09750,0.02028,0.88451,0.83641,0.10339,0.00056,0.00011,
18.503,5.09625,0.02028,0.88451,0.83641,0.10337,0.00056,0.00011,
18.504,5.09750,0.02028,2.49941,2.70729,0.10339,0.00056,0.00011,
18.505,5.09625,0.02112,1.93692,0.00326,0.10763,0.00056,0.00011,
18.506,5.09750,0.01903,3.09533,0.81031,0.09700,0.00056,0.00011,
18.507,5.09750,0.01966,3.08962,0.25760,0.10019,0.00056,0.00011,
18.508,5.09500,0.02049,2.41463,2.94451,0.10441,0.00056,0.00011,
18.509,5.09875,0.01986,3.07005,0.03098,0.10128,0.00056,0.00011,
18.510,5.09750,0.02070,0.58695,0.96275,0.10552,0.00056,0.00011,
18.511,5.09750,0.01986,3.07984,0.07500,0.10126,0.00056,0.00011,
18.512,5.09750,0.01986,0.49564,2.03149,0.10126,0.00056,0.00011,
18.513,5.09750,0.02091,3.07005,0.02283,0.10659,0.00056,0.00011,
18.514,5.09750,0.02091,3.07005,0.02283,0.10659,0.00056,0.00011,
18.515,5.09750,0.01945,0.62198,1.99557,0.09913,0.00056,0.00011,
18.516,5.09625,0.02091,2.32001,1.82356,0.10656,0.00056,0.00011,
18.517,5.10000,0.02070,1.67439,0.02446,0.10557,0.00056,0.00011,
18.518,5.09750,0.02007,0.57470,0.96599,0.10233,0.00056,0.00011,
18.519,5.09750,0.02133,2.28088,0.24455,0.10872,0.00056,0.00011,
18.520,5.09750,0.02154,2.41457,2.94607,0.10979,0.00056,0.00011,
18.521,5.10125,0.02154,2.00372,2.33794,0.10987,0.00056,0.00011,
18.522,5.09875,0.02007,3.09036,0.46384,0.10235,0.00056,0.00011,
18.523,5.09750,0.02091,3.06101,1.78117,0.10659,0.00056,0.00011,
18.524,5.09625,0.02112,3.09199,0.64318,0.10763,0.00056,0.00011,
18.525,5.09875,0.02007,3.09199,0.64318,0.10235,0.00056,0.00011,
18.526,5.09750,0.02070,1.55701,1.82276,0.10552,0.00056,0.00011,
18.527,5.09500,0.02028,1.31408,0.00734,0.10334,0.00056,0.00011,
18.528,5.09750,0.01945,2.75289,2.12519,0.09913,0.00056,0.00011,
18.529,5.09750,0.02028,3.04880,1.48609,0.10339,0.00056,0.00011,
18.530,5.09875,0.02028,2.35344,2.59800,0.10342,0.00056,0.00011,
18.531,5.09875,0.02028,3.07815,0.07337,0.10342,0.00056,0.00011,
18.532,5.10000,0.01945,3.15151,0.00734,0.09918,0.00056,0.00011,
18.533,5.09750,0.02049,3.06510,0.01141,0.10446,0.00056,0.00011,
18.534,5.10000,0.02007,2.39176,1.87575,0.10238,0.00056,0.00011,
18.535,5.09875,0.02070,1.30022,1.42413,0.10555,0.00056,0.00011,
18.536,5.10000,0.01903,1.30022,1.42413,0.09704,0.00056,0.00011,
18.537,5.09750,0.02007,0.40678,1.65077,0.10233,0.00056,0.00011,
18.538,5.09750,0.02028,3.07409,0.05951,0.10339,0.00056,0.00011,
18.539,5.09750,0.02028,2.12847,2.82057,0.10339,0.00056,0.00011,
18.540,5.09625,0.01861,0.57797,2.09341,0.09484,0.00056,0.00011,
18.541,5.10000,0.01986,1.17388,1.69234,0.10131,0.00056,0.00011,
18.542,5.09875,0.02007,2.39015,0.00326,0.10235,0.00056,0.00011,
18.543,5.09750,0.02091,3.05371,0.02201,0.10659,0.00056,0.00011,
18.544,5.09625,0.02007,1.32306,1.80402,0.10230,0.00056,0.00011,
18.545,5.10125,0.02133,2.14396,0.01793,0.10880,0.00056,0.00011,
18.546,5.09750,0.02091,3.04556,0.00245,0.10659,0.00056,0.00011,
18.547,5.09750,0.02070,3.04556,0.00245,0.10552,0.00056,0.00011,
18.548,5.09625,0.02070,2.16355,0.11739,0.10550,0.00056,0.00011,
18.549,5.09750,0.02070,1.47144,0.13858,0.10552,0.00056,0.00011,
18.550,5.10000,0.02133,2.03149,1.01330,0.10877,0.00056,0.00011,
18.551,5.09500,0.02007,3.09125,1.06629,0.10227,0.00056,0.00011,
18.552,5.09875,0.02028,3.07658,0.07907,0.10342,0.00056,0.00011,
18.553,5.09750,0.02007,2.23529,2.51327,0.10233,0.00056,0.00011,
18.554,5.10000,0.02070,1.02716,0.97580,0.10557,0.00056,0.00011,
18.555,5.09875,0.01986,2.11953,0.00978,0.10128,0.00056,0.00011,
18.556,5.09625,0.02175,2.90213,1.43802,0.11082,0.00056,0.00011,
18.557,5.09625,0.02175,3.09044,0.00978,0.11082,0.00056,0.00011,
18.558,5.09500,0.01966,3.09044,0.00978,0.10014,0.00056,0.00011,
18.559,5.09875,0.01986,1.48123,0.07174,0.10128,0.00056,0.00011,
18.560,5.09750,0.02154,2.83203,1.49509,0.10979,0.00056,0.00011,
18.561,5.09500,0.02091,0.83722,0.81602,0.10654,0.00056,0.00011,
18.562,5.09750,0.02070,2.54589,2.92986,0.10552,0.00056,0.00011,
18.563,5.09750,0.02133,2.92252,1.33694,0.10872,0.00056,0.00011,
18.564,5.09750,0.02112,0.94157,1.22689,0.10765,0.00056,0.00011,
18.565,5.09750,0.02049,3.06926,0.02201,0.10446,0.00056,0.00011,
18.566,5.09750,0.02112,0.76793,1.98666,0.10765,0.00056,0.00011,
18.567,5.10000,0.02112,3.09127,0.46874,0.10771,0.00056,0.00011,
18.568,5.09500,0.02049,0.39293,1.16901,0.10441,0.00056,0.00011,
18.569,5.09875,0.02007,0.39293,1.16901,0.10235,0.00056,0.00011,
18.570,5.09750,0.01986,1.53427,0.13777,0.10126,0.00056,0.00011,
18.571,5.09750,0.02028,3.09707,0.64648,0.10339,0.00056,0.00011,
18.572,5.09750,0.01966,3.08158,0.15734,0.10019,0.00056,0.00011,
18.573,5.09750,0.01945,1.14866,0.05217,0.09913,0.00056,0.00011,
18.574,5.09625,0.02133,2.01770,2.35032,0.10869,0.00056,0.00011,
18.575,5.09625,0.02112,3.08892,0.88371,0.10763,0.00056,0.00011,
18.576,5.09750,0.02112,3.08892,0.21767,0.10765,0.00056,0.00011,
18.577,5.09500,0.02070,3.07506,0.03913,0.10547,0.00056,0.00011,
18.578,5.09750,0.02028,0.41903,1.17964,0.10339,0.00056,0.00011,
18.579,5.09625,0.02091,1.99732,2.32749,0.10656,0.00056,0.00011,
18.580,5.09875,0.02007,1.99732,2.32749,0.10235,0.00056,0.00011,
18.581,5.09625,0.01966,1.68101,1.74215,0.10017,0.00056,0.00011,
18.582,5.09750,0.02070,2.67314,2.45303,0.10552,0.00056,0.00011,
18.583,5.09875,0.02154,3.04896,0.01875,0.10981,0.00056,0.00011,
18.584,5.09875,0.01966,0.90980,1.70220,0.10022,0.00056,0.00011,
18.585,5.09500,0.01966,2.79624,0.00408,0.10014,0.00056,0.00011,
18.586,5.09500,0.02112,3.08809,0.22908,0.10760,0.00056,0.00011,
18.587,5.09750,0.02112,3.08320,0.16549,0.10765,0.00056,0.00011,
18.588,5.09625,0.01966,2.02585,0.99051,0.10017,0.00056,0.00011,
18.589,5.09875,0.02070,0.43207,1.18290,0.10555,0.00056,0.00011,
18.590,5.09500,0.02133,2.02422,1.61660,0.10867,0.00056,0.00011,
18.591,5.09750,0.02049,2.02422,1.61660,0.10446,0.00056,0.00011,
18.592,5.09625,0.02028,0.86822,2.21335,0.10337,0.00056,0.00011,
18.593,5.09625,0.02112,0.51604,1.15600,0.10763,0.00056,0.00011,
18.594,5.09500,0.02028,1.59215,2.02340,0.10334,0.00056,0.00011,
18.595,5.09500,0.02028,3.06853,0.02364,0.10334,0.00056,0.00011,
18.596,5.09875,0.02196,2.18400,2.83782,0.11195,0.00056,0.00011,
18.597,5.09500,0.02007,1.59133,2.56961,0.10227,0.00056,0.00011,
18.598,5.09750,0.01986,1.14703,1.27991,0.10126,0.00056,0.00011,
18.599,5.09625,0.02049,2.61119,2.31526,0.10443,0.00056,0.00011,
18.600,5.09875,0.02007,1.92639,2.28591,0.10235,0.00056,0.00011,
18.601,5.09875,0.01945,1.30355,0.14919,0.09915,0.00056,0.00011,
18.602,5.09875,0.01966,1.30355,0.14919,0.10022,0.00056,0.00011,
18.603,5.09500,0.01966,2.14487,0.66604,0.10014,0.00056,0.00011,
18.604,5.09875,0.01986,3.07831,0.09294,0.10128,0.00056,0.00011,
18.605,5.09625,0.01966,3.15576,0.00734,0.10017,0.00056,0.00011,
18.606,5.09750,0.01945,0.95953,1.55057,0.09913,0.00056,0.00011,
18.607,5.09625,0.01986,2.89244,1.25709,0.10123,0.00056,0.00011,
18.608,5.09625,0.02133,0.97012,1.59051,0.10869,0.00056,0.00011,
18.609,5.10000,0.02112,3.05141,1.19268,0.10771,0.00056,0.00011,
18.610,5.09875,0.01966,1.22692,0.22174,0.10022,0.00056,0.00011,
18.611,5.09875,0.02154,0.36278,1.83182,0.10981,0.00056,0.00011,
18.612,5.09750,0.02154,2.40167,2.94298,0.10979,0.00056,0.00011,
18.613,5.09875,0.02049,2.40167,2.94298,0.10448,0.00056,0.00011,
18.614,5.09750,0.02049,1.99977,0.09783,0.10446,0.00056,0.00011,
18.615,5.09750,0.02070,2.74326,2.35847,0.10552,0.00056,0.00011,
18.616,5.09875,0.02028,0.69213,2.16200,0.10342,0.00056,0.00011,
18.617,5.10000,0.02028,3.09381,0.87393,0.10344,0.00056,0.00011,
18.618,5.09625,0.02133,2.24678,2.52885,0.10869,0.00056,0.00011,
18.619,5.09875,0.02154,1.23589,1.36796,0.10981,0.00056,0.00011,
18.620,5.09875,0.02070,0.46387,1.47639,0.10555,0.00056,0.00011,
18.621,5.09625,0.02070,0.98806,1.36307,0.10550,0.00056,0.00011,
18.622,5.09375,0.02070,2.05683,0.00326,0.10545,0.00056,0.00011,
18.623,5.09750,0.02154,3.05142,0.01712,0.10979,0.00056,0.00011,
18.624,5.09625,0.01945,3.05142,0.01712,0.09910,0.00056,0.00011,
18.625,5.09500,0.02028,0.50707,2.03156,0.10334,0.00056,0.00011,
18.626,5.10000,0.02049,3.06854,0.01223,0.10451,0.00056,0.00011,
18.627,5.09625,0.02007,3.06202,0.01141,0.10230,0.00056,0.00011,
18.628,5.09750,0.01945,1.87014,1.49921,0.09913,0.00056,0.00011,
18.629,5.09750,0.02070,0.80953,1.42747,0.10552,0.00056,0.00011,
18.630,5.09625,0.02070,2.41227,1.64351,0.10550,0.00056,0.00011,
18.631,5.09875,0.01903,3.08892,1.63373,0.09702,0.00056,0.00011,
18.632,5.09500,0.01945,3.08077,0.01060,0.09908,0.00056,0.00011,
18.633,5.09625,0.02007,3.06283,0.00978,0.10230,0.00056,0.00011,
18.634,5.09625,0.02028,1.29541,1.78455,0.10337,0.00056,0.00011,
18.635,5.09875,0.02007,1.29541,1.78455,0.10235,0.00056,0.00011,
18.636,5.09625,0.02049,3.07589,0.06277,0.10443,0.00056,0.00011,
18.637,5.09625,0.02028,1.59705,0.00326,0.10337,0.00056,0.00011,
18.638,5.09625,0.01945,2.75632,0.85845,0.09910,0.00056,0.00011,
18.639,5.09875,0.01945,0.42392,1.56118,0.09915,0.00056,0.00011,
18.640,5.09875,0.01945,0.39458,1.26036,0.09915,0.00056,0.00011,
18.641,5.09500,0.02133,2.50034,2.71067,0.10867,0.00056,0.00011,
18.642,5.09875,0.02028,3.06693,0.01794,0.10342,0.00056,0.00011,
18.643,5.10000,0.02007,1.14215,2.34789,0.10238,0.00056,0.00011,
18.644,5.09625,0.02070,1.14215,2.34789,0.10550,0.00056,0.00011,
18.645,5.09625,0.02133,1.92396,2.26962,0.10869,0.00056,0.00011,
18.646,5.09625,0.02007,3.07426,0.05951,0.10230,0.00056,0.00011,
18.647,5.09625,0.02133,3.07426,0.05951,0.10869,0.00056,0.00011,
18.648,5.09625,0.02133,1.23182,0.05544,0.10869,0.00056,0.00011,
18.649,5.09625,0.02028,3.09709,0.87801,0.10337,0.00056,0.00011,
18.650,5.09625,0.01986,0.54702,1.03617,0.10123,0.00056,0.00011,
18.651,5.09750,0.02112,2.50359,2.49544,0.10765,0.00056,0.00011,
18.652,5.09625,0.02091,2.47669,2.69191,0.10656,0.00056,0.00011,
18.653,5.09750,0.02007,1.24487,0.05462,0.10233,0.00056,0.00011,
18.654,5.09750,0.02028,0.73616,1.43400,0.10339,0.00056,0.00011,
18.655,5.09750,0.02007,2.24353,2.42452,0.10233,0.00056,0.00011,
18.656,5.09750,0.02007,1.45438,2.50604,0.10233,0.00056,0.00011,
18.657,5.10000,0.02007,2.37805,2.61365,0.10238,0.00056,0.00011,
18.658,5.09250,0.01903,2.37805,2.61365,0.09690,0.00056,0.00011,
18.659,5.09875,0.01966,1.16577,1.26605,0.10022,0.00056,0.00011,
18.660,5.09750,0.01945,3.09134,0.29674,0.09913,0.00056,0.00011,
18.661,5.09625,0.02049,1.44947,2.50356,0.10443,0.00056,0.00011,
18.662,5.09500,0.02112,1.05327,0.20055,0.10760,0.00056,0.00011,
18.663,5.09500,0.02112,3.05384,0.02038,0.10760,0.00056,0.00011,
18.664,5.09875,0.01945,3.07422,1.77393,0.09915,0.00056,0.00011,
18.665,5.09875,0.02175,3.07340,0.01630,0.11088,0.00056,0.00011,
18.666,5.09750,0.02175,2.46606,2.68454,0.11085,0.00056,0.00011,
18.667,5.09750,0.02112,3.07259,0.03750,0.10765,0.00056,0.00011,
18.668,5.09500,0.02007,0.49403,1.25137,0.10227,0.00056,0.00011,
18.669,5.09875,0.01924,0.49403,1.25137,0.09809,0.00056,0.00011,
18.670,5.09875,0.02049,2.24343,0.20951,0.10448,0.00056,0.00011,
18.671,5.09500,0.01986,2.92820,1.31003,0.10121,0.00056,0.00011,
18.672,5.09625,0.02007,3.09206,0.70841,0.10230,0.00056,0.00011,
18.673,5.09750,0.02028,1.08992,1.37280,0.10339,0.00056,0.00011,
18.674,5.09750,0.02112,2.45131,2.61435,0.10765,0.00056,0.00011,
18.675,5.09500,0.02112,2.10485,0.00326,0.10760,0.00056,0.00011,
18.676,5.09750,0.02070,1.57986,2.58908,0.10552,0.00056,0.00011,
18.677,5.09750,0.02028,0.52173,1.17797,0.10339,0.00056,0.00011,
18.678,5.09625,0.02112,1.29128,1.13068,0.10763,0.00056,0.00011,
18.679,5.09750,0.02028,0.38722,1.71111,0.10339,0.00056,0.00011,
18.680,5.09875,0.02007,0.38722,1.71111,0.10235,0.00056,0.00011,
18.681,5.10000,0.02154,2.03625,2.05908,0.10984,0.00056,0.00011,
18.682,5.10000,0.02028,0.62033,1.98734,0.10344,0.00056,0.00011,
18.683,5.09750,0.02049,3.06334,0.00489,0.10446,0.00056,0.00011,
18.684,5.09750,0.02049,3.06742,0.01630,0.10446,0.00056,0.00011,
18.685,5.09875,0.02154,3.08128,0.18096,0.10981,0.00056,0.00011,
18.686,5.09875,0.02154,2.21640,1.75502,0.10981,0.00056,0.00011,
18.687,5.09750,0.02028,0.64479,1.50803,0.10339,0.00056,0.00011,
18.688,5.09750,0.02112,2.86282,1.61400,0.10765,0.00056,0.00011,
18.689,5.09750,0.02112,3.07068,0.03750,0.10765,0.00056,0.00011,
18.690,5.09875,0.02091,0.65701,2.05745,0.10661,0.00056,0.00011,
18.691,5.09750,0.02028,0.65701,2.05745,0.10339,0.00056,0.00011,
18.692,5.09750,0.02112,1.61808,1.78111,0.10765,0.00056,0.00011,
18.693,5.09875,0.02049,1.43385,1.97756,0.10448,0.00056,0.00011,
18.694,5.09750,0.01986,2.24248,2.86526,0.10126,0.00056,0.00011,
18.695,5.09750,0.01986,2.91498,1.35804,0.10126,0.00056,0.00011,
18.696,5.09875,0.02070,0.50621,1.61074,0.10555,0.00056,0.00011,
18.697,5.09500,0.01945,1.75258,0.41736,0.09908,0.00056,0.00011,
18.698,5.09750,0.01986,1.61237,1.00671,0.10126,0.00056,0.00011,
18.699,5.10000,0.02070,3.08942,0.36274,0.10557,0.00056,0.00011,
18.700,5.09750,0.01945,1.04258,1.13877,0.09913,0.00056,0.00011,
18.701,5.10000,0.01945,2.32563,0.22580,0.09918,0.00056,0.00011,
18.702,5.10000,0.01945,2.32563,0.22580,0.09918,0.00056,0.00011,
18.703,5.09875,0.02007,3.05438,0.02201,0.10235,0.00056,0.00011,
18.704,5.10000,0.02070,1.86996,0.00408,0.10557,0.00056,0.00011,
18.705,5.09625,0.02007,3.06987,0.03016,0.10230,0.00056,0.00011,
18.706,5.09625,0.02007,1.89768,2.23923,0.10230,0.00056,0.00011,
18.707,5.09875,0.02091,0.68473,2.06805,0.10661,0.00056,0.00011,
18.708,5.09750,0.02070,0.42388,1.56347,0.10552,0.00056,0.00011,
18.709,5.10125,0.01986,3.06009,1.50559,0.10133,0.00056,0.00011,
18.710,5.09500,0.02070,2.21641,0.97003,0.10547,0.00056,0.00011,
18.711,5.09500,0.02070,1.40370,1.13062,0.10547,0.00056,0.00011,
18.712,5.09625,0.02070,3.11389,1.13877,0.10550,0.00056,0.00011,
18.713,5.09500,0.02007,3.11389,1.13877,0.10227,0.00056,0.00011,
18.714,5.09875,0.02112,0.88934,1.73058,0.10768,0.00056,0.00011,
18.715,5.09625,0.02091,2.06724,0.00408,0.10656,0.00056,0.00011,
18.716,5.09625,0.02007,0.82820,1.85286,0.10230,0.00056,0.00011,
18.717,5.09500,0.02070,0.66354,1.37273,0.10547,0.00056,0.00011,
18.718,5.09500,0.02007,1.01324,1.31404,0.10227,0.00056,0.00011,
18.719,5.09875,0.02049,2.94028,1.24556,0.10448,0.00056,0.00011,
18.720,5.09875,0.02070,0.57876,1.86916,0.10555,0.00056,0.00011,
18.721,5.09750,0.02070,1.33360,0.03016,0.10552,0.00056,0.00011,
18.722,5.09750,0.02091,2.95088,1.99469,0.10659,0.00056,0.00011,
18.723,5.10000,0.01986,1.23741,1.75178,0.10131,0.00056,0.00011,
18.724,5.10000,0.01945,1.23741,1.75178,0.09918,0.00056,0.00011,
18.725,5.09625,0.02070,1.86675,0.64154,0.10550,0.00056,0.00011,
18.726,5.09500,0.02007,0.76056,1.04016,0.10227,0.00056,0.00011,
18.727,5.09750,0.01966,0.51030,1.63524,0.10019,0.00056,0.00011,
18.728,5.09625,0.01986,1.30510,2.43330,0.10123,0.00056,0.00011,
18.729,5.09625,0.02070,1.55373,2.54498,0.10550,0.00056,0.00011,
18.730,5.10000,0.02070,2.89958,2.76915,0.10557,0.00056,0.00011,
18.731,5.09750,0.01986,2.20913,0.18586,0.10126,0.00056,0.00011,
18.732,5.09750,0.02049,2.14391,0.10027,0.10446,0.00056,0.00011,
18.733,5.10000,0.02007,3.06669,0.01141,0.10238,0.00056,0.00011,
18.734,5.09750,0.01986,2.21483,2.48710,0.10126,0.00056,0.00011,
18.735,5.10125,0.01986,2.21483,2.48710,0.10133,0.00056,0.00011,
18.736,5.09875,0.02049,1.15511,1.46651,0.10448,0.00056,0.00011,
18.737,5.09875,0.01966,1.58471,0.02772,0.10022,0.00056,0.00011,
18.738,5.09875,0.02070,1.96214,0.02609,0.10555,0.00056,0.00011,
18.739,5.09250,0.02070,0.37498,1.90019,0.10542,0.00056,0.00011,
18.740,5.09750,0.02091,1.68172,0.96518,0.10659,0.00056,0.00011,
18.741,5.09750,0.02091,2.70885,2.32245,0.10659,0.00056,0.00011,
18.742,5.09875,0.01945,2.36647,1.62140,0.09915,0.00056,0.00011,
18.743,5.09875,0.02133,3.05123,0.02283,0.10875,0.00056,0.00011,
18.744,5.09875,0.02070,2.22952,0.20950,0.10555,0.00056,0.00011,
18.745,5.09750,0.02028,0.88936,0.95376,0.10339,0.00056,0.00011,
18.746,5.09625,0.02112,0.88936,0.95376,0.10763,0.00056,0.00011,
18.747,5.09625,0.02070,1.96140,0.17690,0.10550,0.00056,0.00011,
18.748,5.10000,0.02070,2.71221,2.31520,0.10557,0.00056,0.00011,
18.749,5.09875,0.01986,1.83912,2.00950,0.10128,0.00056,0.00011,
18.750,5.09875,0.02028,0.80543,1.42010,0.10342,0.00056,0.00011,
18.751,5.09625,0.02028,0.62771,1.44781,0.10337,0.00056,0.00011,
18.752,5.10000,0.01966,2.35596,0.77690,0.10024,0.00056,0.00011,
18.753,5.09750,0.02070,0.44347,1.41521,0.10552,0.00056,0.00011,
18.754,5.09875,0.02028,3.02688,0.83396,0.10342,0.00056,0.00011,
18.755,5.09750,0.01924,3.09210,0.48424,0.09806,0.00056,0.00011,
18.756,5.09750,0.02007,2.39754,1.89700,0.10233,0.00056,0.00011,
18.757,5.09625,0.02007,2.39754,1.89700,0.10230,0.00056,0.00011,
18.758,5.10000,0.02007,1.46013,1.95499,0.10238,0.00056,0.00011,
18.759,5.09500,0.01986,1.86368,1.48540,0.10121,0.00056,0.00011,
18.760,5.09875,0.01966,0.63427,2.01369,0.10022,0.00056,0.00011,
18.761,5.09875,0.01986,2.06587,0.03343,0.10128,0.00056,0.00011,
18.762,5.10000,0.02028,2.18001,1.17887,0.10344,0.00056,0.00011,
18.763,5.09750,0.02049,2.10745,0.03750,0.10446,0.00056,0.00011,
18.764,5.10000,0.02112,2.29985,2.46372,0.10771,0.00056,0.00011,
18.765,5.10000,0.02154,3.08576,0.35138,0.10984,0.00056,0.00011,
18.766,5.09625,0.02154,1.27507,0.02690,0.10976,0.00056,0.00011,
18.767,5.09750,0.02028,1.77401,0.12881,0.10339,0.00056,0.00011,
18.768,5.10125,0.02007,1.77401,0.12881,0.10240,0.00056,0.00011,
18.769,5.09750,0.02028,1.81329,2.17203,0.10339,0.00056,0.00011,
18.770,5.09250,0.02007,2.31634,2.56583,0.10222,0.00056,0.00011,
18.771,5.10000,0.02007,1.70566,0.02772,0.10238,0.00056,0.00011,
18.772,5.09750,0.01945,2.00407,0.13208,0.09913,0.00056,0.00011,
18.773,5.09875,0.02049,0.91480,1.40725,0.10448,0.00056,0.00011,
18.774,5.09875,0.02049,0.65308,0.77211,0.10448,0.00056,0.00011,
18.775,5.09625,0.02049,3.07541,0.03832,0.10443,0.00056,0.00011,
18.776,5.10000,0.01945,0.63188,1.42601,0.09918,0.00056,0.00011,
18.777,5.09875,0.02154,1.43824,0.04077,0.10981,0.00056,0.00011,
18.778,5.09625,0.02112,0.61068,1.96575,0.10763,0.00056,0.00011,
18.779,5.09750,0.01986,0.61068,1.96575,0.10126,0.00056,0.00011,
18.780,5.09625,0.02091,1.80594,0.12719,0.10656,0.00056,0.00011,
18.781,5.09750,0.02091,2.47613,1.76273,0.10659,0.00056,0.00011,
18.782,5.09500,0.01986,2.67344,1.21157,0.10121,0.00056,0.00011,
18.783,5.09500,0.02154,3.05094,0.02201,0.10973,0.00056,0.00011,
18.784,5.09875,0.02154,2.99957,1.64369,0.10981,0.00056,0.00011,
18.785,5.09875,0.02070,3.07784,1.84589,0.10555,0.00056,0.00011,
18.786,5.10125,0.02070,0.40277,1.27516,0.10560,0.00056,0.00011,
18.787,5.09750,0.02091,0.57480,1.84018,0.10659,0.00056,0.00011,
18.788,5.09625,0.02070,0.50713,1.18956,0.10550,0.00056,0.00011,
18.789,5.09875,0.02007,0.89522,1.00692,0.10235,0.00056,0.00011,
18.790,5.09625,0.02112,0.89522,1.00692,0.10763,0.00056,0.00011,
18.791,5.09625,0.02070,2.64980,1.16591,0.10550,0.00056,0.00011,
18.792,5.09625,0.02007,1.17977,1.71055,0.10230,0.00056,0.00011,
18.793,5.09500,0.02007,2.15898,0.11088,0.10227,0.00056,0.00011,
18.794,5.09750,0.02112,3.09334,0.57806,0.10765,0.00056,0.00011,
18.795,5.09750,0.02112,3.07703,1.88503,0.10765,0.00056,0.00011,
18.796,5.09750,0.01966,1.11781,1.29066,0.10019,0.00056,0.00011,
18.797,5.09875,0.01945,1.91764,0.18019,0.09915,0.00056,0.00011,
18.798,5.09625,0.02049,1.50998,1.06237,0.10443,0.00056,0.00011,
18.799,5.09750,0.02007,1.38116,1.13085,0.10233,0.00056,0.00011,
18.800,5.10000,0.01903,1.85323,2.20871,0.09704,0.00056,0.00011,
18.801,5.10000,0.02112,1.85323,2.20871,0.10771,0.00056,0.00011,
18.802,5.09750,0.02112,1.68038,0.98817,0.10765,0.00056,0.00011,
18.803,5.09625,0.01903,2.10191,1.66571,0.09697,0.00056,0.00011,
18.804,5.09625,0.02007,1.03139,1.12515,0.10230,0.00056,0.00011,
18.805,5.09625,0.01966,3.08519,0.26906,0.10017,0.00056,0.00011,
18.806,5.09750,0.02091,3.08519,0.26906,0.10659,0.00056,0.00011,
18.807,5.09875,0.02070,1.61434,0.15491,0.10555,0.00056,0.00011,
18.808,5.09875,0.02049,2.61475,0.66694,0.10448,0.00056,0.00011,
18.809,5.09750,0.02112,2.26823,0.22340,0.10765,0.00056,0.00011,
18.810,5.09750,0.02091,0.67509,2.06685,0.10659,0.00056,0.00011,
18.811,5.09875,0.02091,1.91764,1.19934,0.10661,0.00056,0.00011,
18.812,5.09875,0.02007,0.53159,1.11210,0.10235,0.00056,0.00011,
18.813,5.09750,0.02091,0.53159,1.11210,0.10659,0.00056,0.00011,
18.814,5.09750,0.02070,2.62208,2.48103,0.10552,0.00056,0.00011,
18.815,5.09625,0.01986,0.48430,1.04361,0.10123,0.00056,0.00011,
18.816,5.09875,0.02028,2.65632,0.61801,0.10342,0.00056,0.00011,
18.817,5.09750,0.02091,0.77863,1.94210,0.10659,0.00056,0.00011,
18.818,5.09875,0.02070,2.98897,1.79045,0.10555,0.00056,0.00011,
18.819,5.09875,0.02070,0.92295,1.68935,0.10555,0.00056,0.00011,
18.820,5.09625,0.02070,2.56093,0.69710,0.10550,0.00056,0.00011,
18.821,5.09875,0.01986,0.52914,2.03994,0.10128,0.00056,0.00011,
18.822,5.09750,0.02091,2.80471,1.90541,0.10659,0.00056,0.00011,
18.823,5.09875,0.01986,3.05257,0.02364,0.10128,0.00056,0.00011,
18.824,5.09375,0.02091,3.05257,0.02364,0.10651,0.00056,0.00011,
18.825,5.09625,0.01966,1.47327,1.91843,0.10017,0.00056,0.00011,
18.826,5.09625,0.02049,2.80141,1.63796,0.10443,0.00056,0.00011,
18.827,5.10000,0.02007,2.26167,0.24052,0.10238,0.00057,0.00011,
18.828,5.10000,0.02007,2.13938,0.11088,0.10238,0.00057,0.00011,
18.829,5.09625,0.02007,2.24455,1.77819,0.10230,0.00057,0.00011,
18.830,5.09750,0.01924,2.46876,2.67993,0.09806,0.00057,0.00011,
18.831,5.10000,0.01966,0.62290,2.01300,0.10024,0.00057,0.00011,
18.832,5.09750,0.02070,2.77043,2.04643,0.10552,0.00057,0.00011,
18.833,5.10000,0.01966,3.05415,2.50300,0.10024,0.00057,0.00011,
18.834,5.09875,0.02028,1.57192,1.03626,0.10342,0.00057,0.00011,
18.835,5.09625,0.02028,1.57192,1.03626,0.10337,0.00057,0.00011,
18.836,5.09625,0.02049,2.11809,0.00652,0.10443,0.00057,0.00011,
18.837,5.09625,0.02007,1.61914,2.59014,0.10230,0.00057,0.00011,
18.838,5.09625,0.02007,2.07081,0.02935,0.10230,0.00057,0.00011,
18.839,5.09875,0.02133,0.59841,1.63952,0.10875,0.00057,0.00011,
18.840,5.09625,0.02154,1.29711,1.78546,0.10976,0.00057,0.00011,
18.841,5.09750,0.02070,0.63347,1.42511,0.10552,0.00057,0.00011,
18.842,5.09750,0.02133,2.01129,0.19730,0.10872,0.00057,0.00011,
18.843,5.09875,0.02133,3.05729,0.01631,0.10875,0.00057,0.00011,
18.844,5.09875,0.02049,2.44176,1.47973,0.10448,0.00057,0.00011,
18.845,5.09875,0.02070,3.19263,0.02446,0.10555,0.00057,0.00011,
18.846,5.09875,0.02112,3.19263,0.02446,0.10768,0.00057,0.00011,
18.847,5.09875,0.02112,2.19218,1.17721,0.10768,0.00057,0.00011,
18.848,5.09750,0.01945,1.43971,1.89543,0.09913,0.00057,0.00011,
18.849,5.09875,0.02112,1.40384,0.07011,0.10768,0.00057,0.00011,
18.850,5.09750,0.02175,1.88891,0.03342,0.11085,0.00057,0.00011,
18.851,5.10000,0.01924,3.05389,1.27422,0.09811,0.00057,0.00011,
18.852,5.09750,0.02007,1.94842,0.60817,0.10233,0.00057,0.00011,
18.853,5.10000,0.02049,3.05797,0.02283,0.10451,0.00057,0.00011,
18.854,5.09500,0.01966,2.01772,0.03587,0.10014,0.00057,0.00011,
18.855,5.09500,0.01945,2.06582,0.00326,0.09908,0.00057,0.00011,
18.856,5.09500,0.02070,2.17017,1.23835,0.10547,0.00057,0.00011,
18.857,5.09625,0.02070,2.17017,1.23835,0.10550,0.00057,0.00011,
18.858,5.09625,0.01861,0.89677,1.15764,0.09484,0.00057,0.00011,
18.859,5.09500,0.01966,0.42311,1.18047,0.10014,0.00057,0.00011,
18.860,5.09750,0.01986,2.22724,1.33292,0.10126,0.00057,0.00011,
18.861,5.09625,0.02070,3.07184,1.83919,0.10550,0.00057,0.00011,
18.862,5.09625,0.01986,1.92642,0.19566,0.10123,0.00057,0.00011,
18.863,5.09875,0.01924,3.05553,0.02609,0.09809,0.00057,0.00011,
18.864,5.09875,0.02049,2.93569,2.01936,0.10448,0.00057,0.00011,
18.865,5.09875,0.01966,3.16477,0.00571,0.10022,0.00057,0.00011,
18.866,5.09625,0.01966,2.10822,2.42046,0.10017,0.00057,0.00011,
18.867,5.09875,0.01986,1.50738,0.16386,0.10128,0.00057,0.00011,
18.868,5.09625,0.01986,1.50738,0.16386,0.10123,0.00057,0.00011,
18.869,5.09750,0.02091,1.14379,1.51636,0.10659,0.00057,0.00011,
18.870,5.09875,0.01986,2.02099,0.66524,0.10128,0.00057,0.00011,
18.871,5.09875,0.02007,0.97177,1.27504,0.10235,0.00057,0.00011,
18.872,5.09875,0.02070,2.17018,2.93814,0.10555,0.00057,0.00011,
18.873,5.09500,0.02112,3.05391,0.01386,0.10760,0.00057,0.00011,
18.874,5.09500,0.02049,1.39244,1.49353,0.10441,0.00057,0.00011,
18.875,5.09625,0.02049,1.12015,1.20982,0.10443,0.00057,0.00011,
18.876,5.09625,0.02112,1.18618,0.03098,0.10763,0.00057,0.00011,
18.877,5.09625,0.02070,2.05279,0.68644,0.10550,0.00057,0.00011,
18.878,5.09625,0.01986,3.01315,1.65087,0.10123,0.00057,0.00011,
18.879,5.09875,0.02091,3.01315,1.65087,0.10661,0.00057,0.00011,
18.880,5.09875,0.02112,2.64142,1.17071,0.10768,0.00057,0.00011,
18.881,5.09750,0.01986,0.50709,1.35006,0.10126,0.00057,0.00011,
18.882,5.09500,0.02070,2.03651,1.12424,0.10547,0.00057,0.00011,
18.883,5.09500,0.02154,3.05639,0.01467,0.10973,0.00057,0.00011,
18.884,5.09875,0.02154,2.65773,0.61470,0.10981,0.00057,0.00011,
18.885,5.09750,0.01966,1.66149,1.87998,0.10019,0.00057,0.00011,
18.886,5.10125,0.02091,1.89954,0.88781,0.10667,0.00057,0.00011,
18.887,5.10000,0.02112,0.97586,1.57263,0.10771,0.00057,0.00011,
18.888,5.09625,0.02007,1.45604,1.82454,0.10230,0.00057,0.00011,
18.889,5.09500,0.02112,2.16205,1.64681,0.10760,0.00057,0.00011,
18.890,5.09750,0.02070,2.16205,1.64681,0.10552,0.00057,0.00011,
18.891,5.09625,0.01903,1.34028,0.13696,0.09697,0.00057,0.00011,
18.892,5.09625,0.02091,1.85307,0.18262,0.10656,0.00057,0.00011,
18.893,5.09500,0.02091,3.05638,0.01386,0.10654,0.00057,0.00011,
18.894,5.10125,0.02049,2.53870,0.88210,0.10453,0.00057,0.00011,
18.895,5.09625,0.02049,3.07106,1.83350,0.10443,0.00057,0.00011,
18.896,5.09750,0.01966,2.15798,1.22206,0.10019,0.00057,0.00011,
18.897,5.09625,0.02028,2.67892,0.67748,0.10337,0.00057,0.00011,
18.898,5.09625,0.01924,2.73681,1.39816,0.09804,0.00057,0.00011,
18.899,5.09500,0.01986,2.73028,1.34435,0.10121,0.00057,0.00011,
18.900,5.09875,0.02028,2.08297,0.03098,0.10342,0.00057,0.00011,
18.901,5.09875,0.02112,2.08297,0.03098,0.10768,0.00057,0.00011,
18.902,5.10125,0.02112,2.66099,1.92563,0.10773,0.00057,0.00011,
18.903,5.09500,0.02049,3.05475,0.01631,0.10441,0.00057,0.00011,
18.904,5.09875,0.02028,2.21749,1.16744,0.10342,0.00057,0.00011,
18.905,5.09875,0.02070,1.92155,0.00326,0.10555,0.00057,0.00011,
18.906,5.09750,0.02091,0.75656,1.01418,0.10659,0.00057,0.00011,
18.907,5.09750,0.02007,2.15716,0.12066,0.10233,0.00057,0.00011,
18.908,5.09625,0.02091,1.86856,0.08968,0.10656,0.00057,0.00011,
18.909,5.09750,0.02091,2.50364,2.51180,0.10659,0.00057,0.00011,
18.910,5.09750,0.02112,2.05851,0.03098,0.10765,0.00057,0.00011,
18.911,5.10000,0.02112,1.56447,1.74301,0.10771,0.00057,0.00011,
18.912,5.09625,0.02091,1.56447,1.74301,0.10656,0.00057,0.00011,
18.913,5.09875,0.02133,3.05720,0.02201,0.10875,0.00057,0.00011,
18.914,5.09500,0.01986,2.00715,2.04384,0.10121,0.00057,0.00011,
18.915,5.09500,0.02154,1.77970,0.04484,0.10973,0.00057,0.00011,
18.916,5.10000,0.02133,0.95548,1.63132,0.10877,0.00057,0.00011,
18.917,5.09750,0.02007,1.68676,2.81670,0.10233,0.00057,0.00011,
18.918,5.09375,0.02091,1.22533,0.05055,0.10651,0.00057,0.00011,
18.919,5.09375,0.02112,2.42538,0.70764,0.10758,0.00057,0.00011,
18.920,5.09625,0.02112,1.85959,0.12555,0.10763,0.00057,0.00011,
18.921,5.09750,0.01945,2.34793,1.05331,0.09913,0.00057,0.00011,
18.922,5.10125,0.02091,0.87151,1.11445,0.10667,0.00057,0.00011,
18.923,5.09875,0.02007,0.87151,1.11445,0.10235,0.00057,0.00011,
18.924,5.09750,0.01924,1.63867,1.71204,0.09806,0.00057,0.00011,
18.925,5.09875,0.01966,3.09227,0.64650,0.10022,0.00057,0.00011,
18.926,5.09625,0.02112,0.69623,2.06668,0.10763,0.00057,0.00011,
18.927,5.09875,0.01945,2.98221,1.76259,0.09915,0.00057,0.00011,
18.928,5.09875,0.01966,1.25876,1.38594,0.10022,0.00057,0.00011,
18.929,5.09625,0.01966,2.91536,2.10500,0.10017,0.00057,0.00011,
18.930,5.09750,0.02091,1.76992,1.42426,0.10659,0.00057,0.00011,
18.931,5.09625,0.02007,0.93429,1.64682,0.10230,0.00057,0.00011,
18.932,5.09875,0.01924,3.12814,1.06880,0.09809,0.00057,0.00011,
18.933,5.09750,0.01966,3.05314,0.02283,0.10019,0.00057,0.00011,
18.934,5.10125,0.02070,3.05314,0.02283,0.10560,0.00057,0.00011,
18.935,5.09625,0.02112,3.16972,0.00815,0.10763,0.00057,0.00011,
18.936,5.09750,0.01945,1.84493,1.30034,0.09913,0.00057,0.00011,
18.937,5.09750,0.02133,2.17755,0.64895,0.10872,0.00057,0.00011,
18.938,5.09500,0.02133,1.88161,1.95988,0.10867,0.00057,0.00011,
18.939,5.09625,0.02112,1.82455,0.03913,0.10763,0.00057,0.00011,
18.940,5.09750,0.01986,2.32838,0.22583,0.10126,0.00057,0.00011,
18.941,5.09750,0.02133,1.69574,0.95141,0.10872,0.00057,0.00011,
18.942,5.10125,0.02133,2.33897,0.23806,0.10880,0.00057,0.00011,
18.943,5.09750,0.02007,3.05396,0.02283,0.10233,0.00057,0.00011,
18.944,5.09875,0.02154,1.67454,1.60932,0.10981,0.00057,0.00011,
18.945,5.09875,0.02175,1.67454,1.60932,0.11088,0.00057,0.00011,
18.946,5.09875,0.02049,3.06700,0.00978,0.10448,0.00057,0.00011,
18.947,5.09750,0.02049,1.98760,2.31860,0.10446,0.00057,0.00011,
18.948,5.09750,0.02070,2.30148,1.72183,0.10552,0.00057,0.00011,
18.949,5.09625,0.02175,3.08657,1.31583,0.11082,0.00057,0.00011,
18.950,5.09625,0.01986,1.98026,1.29952,0.10123,0.00057,0.00011,
18.951,5.09625,0.02070,1.21881,1.73813,0.10550,0.00057,0.00011,
18.952,5.10000,0.02049,2.50855,0.83238,0.10451,0.00057,0.00011,
18.953,5.09750,0.02028,3.05559,0.01060,0.10339,0.00057,0.00011,
18.954,5.09500,0.02028,2.46453,0.92532,0.10334,0.00057,0.00011,
18.955,5.09500,0.02091,3.07026,0.05870,0.10654,0.00057,0.00011,
18.956,5.09625,0.02091,3.07026,0.05870,0.10656,0.00057,0.00011,
18.957,5.09500,0.01903,1.36719,0.66851,0.09695,0.00057,0.00011,
18.958,5.09875,0.01986,1.38920,0.81607,0.10128,0.00057,0.00011,
18.959,5.09625,0.01966,1.96314,2.72052,0.10017,0.00057,0.00011,
18.960,5.09875,0.01986,3.11266,0.93918,0.10128,0.00057,0.00011,
18.961,5.09625,0.02007,1.63296,0.04321,0.10230,0.00057,0.00011,
18.962,5.09625,0.01986,1.73813,1.65579,0.10123,0.00057,0.00011,
18.963,5.09750,0.01861,3.05559,0.02446,0.09486,0.00057,0.00011,
18.964,5.09750,0.01966,1.63378,1.76748,0.10019,0.00057,0.00011,
18.965,5.09375,0.01966,1.92401,0.00326,0.10012,0.00057,0.00011,
18.966,5.09750,0.01882,1.02070,0.24784,0.09593,0.00057,0.00011,
18.967,5.09750,0.02154,1.02070,0.24784,0.10979,0.00057,0.00011,
18.968,5.09750,0.02112,1.02070,0.24784,0.10765,0.00057,0.00011,
18.969,5.09875,0.01924,2.20284,1.14300,0.09809,0.00057,0.00011,
18.970,5.09625,0.02112,2.76700,1.46829,0.10763,0.00057,0.00011,
18.971,5.09875,0.02154,0.72885,1.11773,0.10981,0.00057,0.00011,
18.972,5.09500,0.01924,1.37616,0.06685,0.09801,0.00057,0.00011,
18.973,5.09750,0.02070,1.96560,1.39002,0.10552,0.00057,0.00011,
18.974,5.09750,0.02070,2.07892,1.07370,0.10552,0.00057,0.00011,
18.975,5.10000,0.02070,1.66884,0.00571,0.10557,0.00057,0.00011,
18.976,5.09625,0.02049,1.58243,0.07256,0.10443,0.00057,0.00011,
18.977,5.09875,0.02007,1.72510,0.59596,0.10235,0.00057,0.00011,
18.978,5.09625,0.02049,2.15719,0.11332,0.10443,0.00057,0.00011,
18.979,5.09875,0.02070,2.15719,0.11332,0.10555,0.00057,0.00011,
18.980,5.09875,0.01966,2.14820,1.22288,0.10022,0.00057,0.00011,
18.981,5.09375,0.02112,2.06341,0.02935,0.10758,0.00057,0.00011,
18.982,5.09375,0.02112,1.73324,0.94488,0.10758,0.00057,0.00011,
18.983,5.09750,0.01966,3.05640,0.02120,0.10019,0.00057,0.00011,
18.984,5.09750,0.01966,2.69850,1.28077,0.10019,0.00057,0.00011,
18.985,5.09625,0.02112,3.07759,0.02690,0.10763,0.00057,0.00011,
18.986,5.09625,0.02154,3.13466,1.11527,0.10976,0.00057,0.00011,
18.987,5.09625,0.02007,2.17184,0.70112,0.10230,0.00057,0.00011,
18.988,5.09625,0.02112,3.14526,0.99706,0.10763,0.00057,0.00011,
18.989,5.09875,0.02112,1.26202,1.16256,0.10768,0.00057,0.00011,
18.990,5.09500,0.01986,1.26202,1.16256,0.10121,0.00057,0.00011,
18.991,5.09750,0.02112,2.50524,0.85600,0.10765,0.00057,0.00011,
18.992,5.09750,0.02112,2.20278,1.72587,0.10765,0.00057,0.00011,
18.993,5.09750,0.02112,2.46773,0.77774,0.10765,0.00057,0.00011,
18.994,5.09625,0.02091,1.59787,0.07337,0.10656,0.00057,0.00011,
18.995,5.09750,0.02091,2.12941,0.00571,0.10659,0.00057,0.00011,
18.996,5.09875,0.02112,1.70222,0.02935,0.10768,0.00057,0.00011,
18.997,5.09625,0.01903,2.19218,1.19514,0.09697,0.00057,0.00011,
18.998,5.09875,0.02007,2.58676,2.85416,0.10235,0.00057,0.00011,
18.999,5.09375,0.01966,3.05552,1.43564,0.10012,0.00057,0.00011,
19.000,5.09750,0.02133,1.91582,0.08723,0.10872,0.00057,0.00011,
19.001,5.09750,0.02133,1.91582,0.08723,0.10872,0.00057,0.00011,
19.002,5.09750,0.02028,1.82038,1.31820,0.10339,0.00057,0.00011,
19.003,5.09500,0.01945,1.22445,0.05870,0.09908,0.00057,0.00011,
19.004,5.09625,0.02091,2.90787,2.73342,0.10656,0.00057,0.00011,
19.005,5.09625,0.02049,3.07825,0.10435,0.10443,0.00057,0.00011,
19.006,5.09625,0.02007,2.33478,0.24456,0.10230,0.00057,0.00011,
19.007,5.09750,0.02175,2.59075,1.81141,0.11085,0.00057,0.00011,
19.008,5.09875,0.02049,2.30706,1.05163,0.10448,0.00057,0.00011,
19.009,5.09875,0.02049,1.98668,2.04130,0.10448,0.00057,0.00011,
19.010,5.09875,0.02154,2.24673,2.62173,0.10981,0.00057,0.00011,
19.011,5.09625,0.02154,2.89320,2.04130,0.10976,0.00057,0.00011,
19.012,5.09750,0.02070,2.89320,2.04130,0.10552,0.00057,0.00011,
19.013,5.09625,0.02028,2.32173,1.70380,0.10337,0.00057,0.00011,
19.014,5.09625,0.02070,2.88097,0.92364,0.10550,0.00057,0.00011,
19.015,5.09750,0.02112,3.07988,0.12147,0.10765,0.00057,0.00011,
19.016,5.09500,0.02070,2.30298,1.71032,0.10547,0.00057,0.00011,
19.017,5.09875,0.02112,1.30108,0.15326,0.10768,0.00057,0.00011,
19.018,5.09500,0.02112,1.22608,0.05217,0.10760,0.00057,0.00011,
19.019,5.09500,0.02007,2.68206,0.71984,0.10227,0.00057,0.00011,
19.020,5.09875,0.02007,1.42418,1.50815,0.10235,0.00057,0.00011,
19.021,5.09750,0.02091,1.62880,1.71929,0.10659,0.00057,0.00011,
19.022,5.09500,0.02049,1.23668,1.04755,0.10441,0.00057,0.00011,
19.023,5.09875,0.01945,1.23668,1.04755,0.09915,0.00057,0.00011,
19.024,5.09750,0.01986,3.07827,1.88479,0.10126,0.00057,0.00011,
19.025,5.09500,0.02112,3.06768,0.01141,0.10760,0.00057,0.00011,
19.026,5.09375,0.01945,1.36223,0.16467,0.09905,0.00057,0.00011,
19.027,5.09750,0.01966,1.36876,2.03968,0.10019,0.00057,0.00011,
19.028,5.09750,0.02028,1.79919,0.13859,0.10339,0.00057,0.00011,
19.029,5.09500,0.02028,3.00816,1.62147,0.10334,0.00057,0.00011,
19.030,5.09625,0.02007,2.65925,0.60979,0.10230,0.00057,0.00011,
19.031,5.09625,0.02049,2.34621,1.03533,0.10443,0.00057,0.00011,
19.032,5.09750,0.01924,1.62881,0.04973,0.09806,0.00057,0.00011,
19.033,5.09625,0.02091,2.26957,2.88344,0.10656,0.00057,0.00011,
19.034,5.10000,0.02112,2.26957,2.88344,0.10771,0.00057,0.00011,
19.035,5.10000,0.01966,2.87773,1.32637,0.10024,0.00057,0.00011,
19.036,5.09750,0.02133,3.07828,0.17364,0.10872,0.00057,0.00011,
19.037,5.09750,0.02112,1.85545,1.72338,0.10765,0.00057,0.00011,
19.038,5.09750,0.02112,2.33561,0.21033,0.10765,0.00057,0.00011,
19.039,5.09750,0.02007,2.07066,1.28805,0.10233,0.00057,0.00011,
19.040,5.10000,0.02196,1.53995,1.86034,0.11197,0.00057,0.00011,
19.041,5.09625,0.02049,2.10898,1.23262,0.10443,0.00057,0.00011,
19.042,5.09875,0.02028,2.33643,0.24457,0.10342,0.00057,0.00011,
19.043,5.09875,0.02133,1.30109,0.15408,0.10875,0.00057,0.00011,
19.044,5.09875,0.02175,2.20191,0.45652,0.11088,0.00057,0.00011,
19.045,5.10125,0.01986,2.20191,0.45652,0.10133,0.00057,0.00011,
19.046,5.10125,0.02070,1.12664,0.08478,0.10560,0.00057,0.00011,
19.047,5.09625,0.02070,1.99729,0.08478,0.10550,0.00057,0.00011,
19.048,5.09500,0.02091,2.98616,1.79512,0.10654,0.00057,0.00011,
19.049,5.09625,0.02070,1.95572,1.33941,0.10550,0.00057,0.00011,
19.050,5.09875,0.02091,1.77311,1.85381,0.10661,0.00057,0.00011,
19.051,5.09625,0.02007,0.48995,1.05327,0.10230,0.00057,0.00011,
19.052,5.09875,0.02049,2.11142,0.09375,0.10448,0.00057,0.00011,
19.053,5.09625,0.02091,2.11958,1.28479,0.10656,0.00057,0.00011,
19.054,5.09750,0.02049,2.34295,1.85952,0.10446,0.00057,0.00011,
19.055,5.09750,0.02049,3.07338,0.03505,0.10446,0.00057,0.00011,
19.056,5.09625,0.02049,3.07338,0.03505,0.10443,0.00057,0.00011,
19.057,5.09750,0.01924,1.57256,1.52365,0.09806,0.00057,0.00011,
19.058,5.09875,0.02049,1.71523,1.37609,0.10448,0.00057,0.00011,
19.059,5.09875,0.01903,1.44946,1.90680,0.09702,0.00057,0.00011,
19.060,5.09750,0.02028,1.69974,1.60273,0.10339,0.00057,0.00011,
19.061,5.09750,0.01966,1.52773,1.87419,0.10019,0.00057,0.00011,
19.062,5.09750,0.01966,2.06903,0.10924,0.10019,0.00057,0.00011,
19.063,5.10000,0.02007,3.05382,0.01712,0.10238,0.00057,0.00011,
19.064,5.10000,0.02007,2.83371,2.25409,0.10238,0.00057,0.00011,
19.065,5.09625,0.02007,3.09050,0.83886,0.10230,0.00057,0.00011,
19.066,5.09875,0.02154,1.25626,1.68262,0.10981,0.00057,0.00011,
19.067,5.09875,0.02196,1.25626,1.68262,0.11195,0.00057,0.00011,
19.068,5.09750,0.01966,1.34838,1.77474,0.10019,0.00057,0.00011,
19.069,5.09500,0.02112,1.69403,0.03016,0.10760,0.00057,0.00011,
19.070,5.09750,0.02070,1.54974,1.64349,0.10552,0.00057,0.00011,
19.071,5.09750,0.02007,1.54974,1.77474,0.10233,0.00057,0.00011,
19.072,5.09500,0.02070,0.95952,1.25300,0.10547,0.00057,0.00011,
19.073,5.09500,0.02091,3.13290,1.05327,0.10654,0.00057,0.00011,
19.074,5.09750,0.02091,0.84539,0.75245,0.10659,0.00057,0.00011,
19.075,5.09250,0.01945,2.12202,0.00408,0.09903,0.00057,0.00011,
19.076,5.09875,0.01945,0.77039,1.62881,0.09915,0.00057,0.00011,
19.077,5.09875,0.02007,2.91523,2.64295,0.10235,0.00057,0.00011,
19.078,5.09750,0.02007,2.91523,2.64295,0.10233,0.00057,0.00011,
19.079,5.09500,0.02007,1.77719,1.51387,0.10227,0.00057,0.00011,
19.080,5.10000,0.02070,1.56278,0.16060,0.10557,0.00057,0.00011,
19.081,5.09750,0.02091,2.06170,1.30028,0.10659,0.00057,0.00011,
19.082,5.09750,0.02112,1.22528,0.05625,0.10765,0.00057,0.00011,
19.083,5.09625,0.02112,2.31116,2.53127,0.10763,0.00057,0.00011,
19.084,5.09875,0.02070,2.54513,0.00815,0.10555,0.00057,0.00011,
19.085,5.10000,0.02133,3.08073,0.16468,0.10877,0.00057,0.00011,
19.086,5.09875,0.01986,2.03317,1.34023,0.10128,0.00057,0.00011,
19.087,5.09750,0.02112,1.99567,0.31305,0.10765,0.00057,0.00011,
19.088,5.09625,0.02049,1.90029,0.12717,0.10443,0.00057,0.00011,
19.089,5.09750,0.02028,1.90029,0.12717,0.10339,0.00057,0.00011,
19.090,5.09625,0.02070,2.42451,2.87289,0.10550,0.00057,0.00011,
19.091,5.09625,0.02049,0.87556,1.08508,0.10443,0.00057,0.00011,
19.092,5.09875,0.02049,2.39027,1.59052,0.10448,0.00057,0.00011,
19.093,5.09875,0.01945,2.08537,0.27881,0.09915,0.00057,0.00011,
19.094,5.09625,0.02049,2.59408,0.68643,0.10443,0.00057,0.00011,
19.095,5.09875,0.02049,2.72859,2.24353,0.10448,0.00057,0.00011,
19.096,5.09625,0.01966,1.88645,0.34892,0.10017,0.00057,0.00011,
19.097,5.09625,0.01903,1.14704,1.30275,0.09697,0.00057,0.00011,
19.098,5.09750,0.01945,2.10820,0.10435,0.09913,0.00057,0.00011,
19.099,5.09625,0.02091,0.65137,1.05899,0.10656,0.00057,0.00011,
19.100,5.09625,0.02070,0.65137,1.05899,0.10550,0.00057,0.00011,
19.101,5.09625,0.02070,1.07204,1.15356,0.10550,0.00057,0.00011,
19.102,5.09625,0.01924,2.57452,0.82421,0.09804,0.00057,0.00011,
19.103,5.09625,0.02133,3.05470,0.01957,0.10869,0.00057,0.00011,
19.104,5.09625,0.02133,2.77262,0.53561,0.10869,0.00057,0.00011,
19.105,5.09625,0.02007,3.06611,0.01304,0.10230,0.00057,0.00011,
19.106,5.09750,0.02028,2.44164,0.93345,0.10339,0.00057,0.00011,
19.107,5.09625,0.02112,0.86252,1.07774,0.10763,0.00057,0.00011,
19.108,5.09375,0.02007,2.03076,0.03506,0.10225,0.00057,0.00011,
19.109,5.09375,0.02091,2.51990,0.74839,0.10651,0.00057,0.00011,
19.110,5.09500,0.02091,1.92722,1.16416,0.10654,0.00057,0.00011,
19.111,5.09625,0.02112,1.92722,1.16416,0.10763,0.00057,0.00011,
19.112,5.09750,0.02028,2.21828,0.00000,0.10339,0.00057,0.00011,
19.113,5.09500,0.02112,2.24762,1.37939,0.10760,0.00057,0.00011,
19.114,5.09750,0.02070,2.27779,1.07368,0.10552,0.00057,0.00011,
19.115,5.09625,0.02007,2.71965,2.28513,0.10230,0.00057,0.00011,
19.116,5.09625,0.02133,1.59462,1.75033,0.10869,0.00057,0.00011,
19.117,5.09875,0.02070,2.54356,1.30357,0.10555,0.00057,0.00011,
19.118,5.09875,0.02070,2.14898,0.10272,0.10555,0.00057,0.00011,
19.119,5.09750,0.02070,1.82614,1.51472,0.10552,0.00057,0.00011,
19.120,5.09625,0.02028,0.98726,1.29134,0.10337,0.00057,0.00011,
19.121,5.09750,0.02133,2.23132,1.08753,0.10872,0.00057,0.00011,
19.122,5.09750,0.01966,2.23132,1.08753,0.10019,0.00057,0.00011,
19.123,5.09500,0.02049,2.69941,0.59126,0.10441,0.00057,0.00011,
19.124,5.09875,0.02112,1.73545,1.37662,0.10768,0.00057,0.00011,
19.125,5.10000,0.01986,1.31953,0.00652,0.10131,0.00057,0.00011,
19.126,5.10000,0.01966,2.10162,2.05840,0.10024,0.00057,0.00011,
19.127,5.09500,0.02049,2.27859,1.01452,0.10441,0.00057,0.00011,
19.128,5.09500,0.02049,2.03394,1.35134,0.10441,0.00057,0.00011,
19.129,5.09875,0.01986,1.47856,1.40435,0.10128,0.00057,0.00011,
19.130,5.09875,0.01986,1.47856,1.40435,0.10128,0.00057,0.00011,
19.131,5.09750,0.01966,2.77362,0.64182,0.10019,0.00057,0.00011,
19.132,5.10000,0.02070,1.31708,1.44675,0.10557,0.00057,0.00011,
19.133,5.09875,0.02028,2.32345,1.83739,0.10342,0.00057,0.00011,
19.134,5.09750,0.02007,2.32345,1.83739,0.10233,0.00057,0.00011,
19.135,5.09625,0.01986,3.09002,0.18920,0.10123,0.00057,0.00011,
19.136,5.10000,0.02175,2.96769,2.71080,0.11091,0.00057,0.00011,
19.137,5.10000,0.02175,1.61392,1.69140,0.11091,0.00057,0.00011,
19.138,5.09750,0.01986,1.82433,1.30892,0.10126,0.00057,0.00011,
19.139,5.09875,0.02091,1.77050,1.62371,0.10661,0.00057,0.00011,
19.140,5.09625,0.02112,2.12607,1.22818,0.10763,0.00057,0.00011,
19.141,5.09875,0.02007,2.77034,0.53417,0.10235,0.00057,0.00011,
19.142,5.09500,0.02070,0.95987,1.29913,0.10547,0.00057,0.00011,
19.143,5.09625,0.02216,3.05495,0.02039,0.11296,0.00057,0.00011,
19.144,5.10000,0.01986,1.17354,1.30402,0.10131,0.00057,0.00011,
19.145,5.09500,0.02112,1.17354,1.30402,0.10760,0.00057,0.00011,
19.146,5.09500,0.02091,3.08834,1.67016,0.10654,0.00057,0.00011,
19.147,5.09750,0.02091,1.32520,1.42796,0.10659,0.00057,0.00011,
19.148,5.09875,0.02049,2.08771,1.30971,0.10448,0.00057,0.00011,
19.149,5.09625,0.02112,0.65975,1.90095,0.10763,0.00057,0.00011,
19.150,5.09500,0.02070,2.92197,2.63247,0.10547,0.00057,0.00011,
19.151,5.09625,0.01945,0.85302,1.07974,0.09910,0.00057,0.00011,
19.152,5.09875,0.01966,0.99900,1.32113,0.10022,0.00057,0.00011,
19.153,5.09750,0.02049,2.29566,1.04222,0.10446,0.00057,0.00011,
19.154,5.09500,0.01903,2.10075,0.17697,0.09695,0.00057,0.00011,
19.155,5.09500,0.02007,1.47118,0.00816,0.10227,0.00057,0.00011,
19.156,5.09625,0.02007,1.47118,0.00816,0.10230,0.00057,0.00011,
19.157,5.09500,0.02028,2.17322,0.41997,0.10334,0.00057,0.00011,
19.158,5.09750,0.01966,1.66519,1.74429,0.10019,0.00057,0.00011,
19.159,5.09625,0.01966,2.40890,1.52493,0.10017,0.00057,0.00011,
19.160,5.09750,0.01903,0.85053,1.06500,0.09700,0.00057,0.00011,
19.161,5.09750,0.02070,1.97344,1.40424,0.10552,0.00057,0.00011,
19.162,5.09625,0.02070,0.86277,1.09110,0.10550,0.00057,0.00011,
19.163,5.09500,0.02007,1.73206,1.63094,0.10227,0.00057,0.00011,
19.164,5.09500,0.02112,2.82968,1.71819,0.10760,0.00057,0.00011,
19.165,5.09875,0.02112,3.07432,0.02283,0.10768,0.00057,0.00011,
19.166,5.09750,0.02049,2.38443,0.83422,0.10446,0.00057,0.00011,
19.167,5.09625,0.02007,2.38443,0.83422,0.10230,0.00057,0.00011,
19.168,5.09875,0.02112,1.27855,1.61531,0.10768,0.00057,0.00011,
19.169,5.09750,0.02112,1.91374,0.56670,0.10765,0.00057,0.00011,
19.170,5.09500,0.02112,2.87673,1.94228,0.10760,0.00057,0.00011,
19.171,5.09625,0.02091,2.08171,1.17907,0.10656,0.00057,0.00011,
19.172,5.09750,0.02028,2.16815,1.32747,0.10339,0.00058,0.00011,
19.173,5.09750,0.02007,2.15428,0.43461,0.10233,0.00058,0.00011,
19.174,5.09500,0.02007,0.52022,1.14156,0.10227,0.00058,0.00011,
19.175,5.09625,0.02049,1.34785,0.00000,0.10443,0.00058,0.00011,
19.176,5.09625,0.02049,2.00425,1.15216,0.10443,0.00058,0.00011,
19.177,5.09750,0.02007,2.13308,1.19945,0.10233,0.00058,0.00011,
19.178,5.09750,0.01945,2.13308,1.19945,0.09913,0.00058,0.00011,
19.179,5.09750,0.01966,1.98947,2.71025,0.10019,0.00058,0.00011,
19.180,5.09625,0.01924,1.39834,0.06115,0.09804,0.00058,0.00011,
19.181,5.09625,0.01861,1.25076,1.67801,0.09484,0.00058,0.00011,
19.182,5.09625,0.02007,2.18190,1.20510,0.10230,0.00058,0.00011,
19.183,5.09750,0.02007,3.05107,0.02283,0.10233,0.00058,0.00011,
19.184,5.09875,0.01945,2.01149,0.67186,0.09915,0.00058,0.00011,
19.185,5.09750,0.02070,1.52227,0.00571,0.10552,0.00058,0.00011,
19.186,5.10125,0.01986,2.02127,0.96375,0.10133,0.00058,0.00011,
19.187,5.09875,0.02112,1.98051,2.03758,0.10768,0.00058,0.00011,
19.188,5.09750,0.01966,1.87940,1.48151,0.10019,0.00058,0.00011,
19.189,5.09500,0.02133,1.87940,1.48151,0.10867,0.00058,0.00011,
19.190,5.09375,0.02175,1.70247,2.60263,0.11077,0.00058,0.00011,
19.191,5.09375,0.02007,2.63035,2.15907,0.10225,0.00058,0.00011,
19.192,5.09875,0.02007,1.99356,1.17575,0.10235,0.00058,0.00011,
19.193,5.09875,0.02070,0.66289,1.05018,0.10555,0.00058,0.00011,
19.194,5.09625,0.02112,3.03314,1.47743,0.10763,0.00058,0.00011,
19.195,5.09750,0.01986,0.63517,1.42607,0.10126,0.00058,0.00011,
19.196,5.09500,0.01945,2.06857,0.46476,0.09908,0.00058,0.00011,
19.197,5.09875,0.01966,2.75429,0.53243,0.10022,0.00058,0.00011,
19.198,5.09625,0.02049,2.70047,2.28953,0.10443,0.00058,0.00011,
19.199,5.09750,0.02028,2.69150,1.26462,0.10339,0.00058,0.00011,
19.200,5.09750,0.01966,2.69150,1.26462,0.10019,0.00058,0.00011,
19.201,5.09750,0.01966,1.16189,1.25728,0.10019,0.00058,0.00011,
19.202,5.09500,0.02007,1.54266,1.83456,0.10227,0.00058,0.00011,
19.203,5.09625,0.02133,2.44119,1.61686,0.10869,0.00058,0.00011,
19.204,5.09625,0.01903,2.20636,1.05834,0.09697,0.00058,0.00011,
19.205,5.09625,0.02028,0.84797,1.45786,0.10337,0.00058,0.00011,
19.206,5.09625,0.02070,1.83048,2.55534,0.10550,0.00058,0.00011,
19.207,5.09500,0.02049,1.54429,1.76688,0.10441,0.00058,0.00011,
19.208,5.09750,0.02070,1.47662,1.60870,0.10552,0.00058,0.00011,
19.209,5.09750,0.02112,2.70781,1.29398,0.10765,0.00058,0.00011,
19.210,5.09500,0.02112,2.48032,0.92869,0.10760,0.00058,0.00011,
19.211,5.09625,0.01966,2.48032,0.92869,0.10017,0.00058,0.00011,
19.212,5.09625,0.02154,0.75013,1.40812,0.10976,0.00058,0.00011,
19.213,5.09500,0.02133,2.37513,0.85286,0.10867,0.00058,0.00011,
19.214,5.09500,0.02028,2.15254,1.18471,0.10334,0.00058,0.00011,
19.215,5.09875,0.02154,1.86227,1.38121,0.10981,0.00058,0.00011,
19.216,5.09750,0.02154,2.23733,1.69675,0.10979,0.00058,0.00011,
19.217,5.09750,0.02049,2.23244,0.95152,0.10446,0.00058,0.00011,
19.218,5.09750,0.02070,1.30049,2.09628,0.10552,0.00058,0.00011,
19.219,5.09500,0.02070,2.93446,1.97887,0.10547,0.00058,0.00011,
19.220,5.09875,0.02091,2.63360,0.75502,0.10661,0.00058,0.00011,
19.221,5.09875,0.02112,2.26424,1.09258,0.10768,0.00058,0.00011,
19.222,5.09875,0.02007,2.26424,1.09258,0.10235,0.00058,0.00011,
19.223,5.09500,0.02133,3.05922,0.01631,0.10867,0.00058,0.00011,
19.224,5.09750,0.01924,2.34986,1.66007,0.09806,0.00058,0.00011,
19.225,5.09875,0.02028,1.98213,0.00978,0.10342,0.00058,0.00011,
19.226,5.09750,0.02091,2.06611,1.97153,0.10659,0.00058,0.00011,
19.227,5.09750,0.02007,2.43955,0.79497,0.10233,0.00058,0.00011,
19.228,5.09875,0.02007,2.20472,0.44274,0.10235,0.00058,0.00011,
19.229,5.09625,0.02007,0.48840,1.06730,0.10230,0.00058,0.00011,
19.230,5.09500,0.02007,2.14765,1.95359,0.10227,0.00058,0.00011,
19.231,5.09750,0.02007,1.42361,1.99273,0.10233,0.00058,0.00011,
19.232,5.10000,0.02070,1.61848,1.76688,0.10557,0.00058,0.00011,
19.233,5.10000,0.01924,1.61848,1.76688,0.09811,0.00058,0.00011,
19.234,5.09375,0.02175,2.00089,2.70210,0.11077,0.00058,0.00011,
19.235,5.09625,0.02112,2.33437,0.87977,0.10763,0.00058,0.00011,
19.236,5.09625,0.02091,3.08287,0.15003,0.10656,0.00058,0.00011,
19.237,5.09625,0.02091,2.08569,1.10563,0.10656,0.00058,0.00011,
19.238,5.09500,0.02112,2.11178,1.42117,0.10760,0.00058,0.00011,
19.239,5.09875,0.02112,0.75747,1.11541,0.10768,0.00058,0.00011,
19.240,5.09625,0.02007,2.02861,1.31680,0.10230,0.00058,0.00011,
19.241,5.09875,0.02070,1.42199,0.84145,0.10555,0.00058,0.00011,
19.242,5.09500,0.02133,1.69758,0.99963,0.10867,0.00058,0.00011,
19.243,5.09875,0.02049,1.55734,1.33963,0.10448,0.00058,0.00011,
19.244,5.09500,0.02112,1.55734,1.33963,0.10760,0.00058,0.00011,
19.245,5.09500,0.02175,2.43057,2.66051,0.11080,0.00058,0.00011,
19.246,5.09750,0.02175,2.31479,2.57326,0.11085,0.00058,0.00011,
19.247,5.09625,0.02070,2.05551,1.99028,0.10550,0.00058,0.00011,
19.248,5.09750,0.02112,2.25690,1.80927,0.10765,0.00058,0.00011,
19.249,5.09875,0.02175,2.76569,0.54629,0.11088,0.00058,0.00011,
19.250,5.09500,0.01986,1.96908,2.02127,0.10121,0.00058,0.00011,
19.251,5.09875,0.02091,2.19901,1.35186,0.10661,0.00058,0.00011,
19.252,5.09750,0.02154,2.06856,1.97887,0.10979,0.00058,0.00011,
19.253,5.09625,0.02028,3.05269,0.01794,0.10337,0.00058,0.00011,
19.254,5.09625,0.02049,1.75301,2.49417,0.10443,0.00058,0.00011,
19.255,5.09625,0.02049,1.75301,2.49417,0.10443,0.00058,0.00011,
19.256,5.09750,0.02070,1.01267,1.14721,0.10552,0.00058,0.00011,
19.257,5.09625,0.01966,1.92098,1.39833,0.10017,0.00058,0.00011,
19.258,5.09875,0.02070,1.80520,2.39959,0.10555,0.00058,0.00011,
19.259,5.09875,0.02112,2.69393,0.70854,0.10768,0.00058,0.00011,
19.260,5.09625,0.02028,2.02371,1.32821,0.10337,0.00058,0.00011,
19.261,5.09500,0.01986,2.64991,0.53406,0.10121,0.00058,0.00011,
19.262,5.09750,0.02028,2.60914,0.66778,0.10339,0.00058,0.00011,
19.263,5.09625,0.02091,3.04943,0.01223,0.10656,0.00058,0.00011,
19.264,5.09625,0.02091,1.76443,2.77466,0.10656,0.00058,0.00011,
19.265,5.09500,0.02049,3.06737,0.00815,0.10441,0.00058,0.00011,
19.266,5.09625,0.02091,3.06737,0.00815,0.10656,0.00058,0.00011,
19.267,5.09500,0.02091,3.09426,1.09828,0.10654,0.00058,0.00011,
19.268,5.09750,0.02070,2.08730,1.06811,0.10552,0.00058,0.00011,
19.269,5.09875,0.02007,0.47127,1.00614,0.10235,0.00058,0.00011,
19.270,5.09625,0.02175,1.86145,0.00734,0.11082,0.00058,0.00011,
19.271,5.09875,0.02070,2.66213,0.61396,0.10555,0.00058,0.00011,
19.272,5.09875,0.02007,1.41953,1.66495,0.10235,0.00058,0.00011,
19.273,5.09750,0.02175,2.45584,1.62989,0.11085,0.00058,0.00011,
19.274,5.09625,0.02175,1.65272,1.70001,0.11082,0.00058,0.00011,
19.275,5.09875,0.02091,1.95195,0.00000,0.10661,0.00058,0.00011,
19.276,5.09500,0.02007,1.89569,2.97522,0.10227,0.00058,0.00011,
19.277,5.09875,0.02049,1.89569,2.97522,0.10448,0.00058,0.00011,
19.278,5.09500,0.02091,3.08040,1.88183,0.10654,0.00058,0.00011,
19.279,5.09500,0.01945,1.04691,1.37631,0.09908,0.00058,0.00011,
19.280,5.10000,0.02028,2.70045,0.69794,0.10344,0.00058,0.00011,
19.281,5.09875,0.02049,2.37512,0.00815,0.10448,0.00058,0.00011,
19.282,5.09875,0.02049,1.32495,2.04409,0.10448,0.00058,0.00011,
19.283,5.09625,0.02007,2.65968,0.74523,0.10230,0.00058,0.00011,
19.284,5.09625,0.02028,1.02653,0.52427,0.10337,0.00058,0.00011,
19.285,5.09625,0.02049,2.32865,0.01305,0.10443,0.00058,0.00011,
19.286,5.09500,0.02007,3.18069,0.00978,0.10227,0.00058,0.00011,
19.287,5.09500,0.02007,1.85493,1.47416,0.10227,0.00058,0.00011,
19.288,5.09750,0.02154,1.85493,1.47416,0.10979,0.00058,0.00011,
19.289,5.09750,0.02133,2.87981,2.55449,0.10872,0.00058,0.00011,
19.290,5.09875,0.01986,2.65804,1.17736,0.10128,0.00058,0.00011,
19.291,5.09875,0.02112,1.51655,1.82801,0.10768,0.00058,0.00011,
19.292,5.09750,0.02112,1.51655,1.82801,0.10765,0.00058,0.00011,
19.293,5.09625,0.02007,2.19410,0.41583,0.10230,0.00058,0.00011,
19.294,5.09500,0.02028,0.76806,1.31923,0.10334,0.00058,0.00011,
19.295,5.09625,0.01945,2.92139,2.77381,0.09910,0.00058,0.00011,
19.296,5.09750,0.01966,2.92139,2.77381,0.10019,0.00058,0.00011,
19.297,5.09500,0.02091,1.79866,1.49209,0.10654,0.00058,0.00011,
19.298,5.09375,0.01861,1.80110,0.00245,0.09479,0.00058,0.00011,
19.299,5.09750,0.02070,2.13458,0.43540,0.10552,0.00058,0.00011,
19.300,5.09750,0.02091,3.19616,0.00734,0.10659,0.00058,0.00011,
19.301,5.09500,0.02091,3.19616,0.00734,0.10654,0.00058,0.00011,
19.302,5.09750,0.01966,0.64983,1.96660,0.10019,0.00058,0.00011,
19.303,5.09750,0.02070,3.05346,0.02038,0.10552,0.00058,0.00011,
19.304,5.09500,0.02133,3.13825,0.01141,0.10867,0.00058,0.00011,
19.305,5.09500,0.02112,3.09667,0.01141,0.10760,0.00058,0.00011,
19.306,5.09750,0.02049,2.41993,0.80882,0.10446,0.00058,0.00011,
19.307,5.09500,0.02091,0.91074,1.31841,0.10654,0.00058,0.00011,
19.308,5.09750,0.02070,2.23404,2.62866,0.10552,0.00058,0.00011,
19.309,5.09750,0.02028,1.35917,2.01960,0.10339,0.00058,0.00011,
19.310,5.09750,0.02028,3.18880,0.00326,0.10339,0.00058,0.00011,
19.311,5.09750,0.02091,1.06973,1.40891,0.10659,0.00058,0.00011,
19.312,5.09625,0.02133,1.06973,1.40891,0.10869,0.00058,0.00011,
19.313,5.09875,0.02007,0.44434,0.91641,0.10235,0.00058,0.00011,
19.314,5.09875,0.02091,2.00647,1.28085,0.10661,0.00058,0.00011,
19.315,5.09875,0.02133,1.35912,0.00408,0.10875,0.00058,0.00011,
19.316,5.09750,0.01966,2.19807,1.14551,0.10019,0.00058,0.00011,
19.317,5.10000,0.02154,0.95717,1.20339,0.10984,0.00058,0.00011,
19.318,5.10000,0.02112,2.59675,2.48832,0.10771,0.00058,0.00011,
19.319,5.09500,0.02112,1.34363,1.62491,0.10760,0.00058,0.00011,
19.320,5.09625,0.02028,2.10512,1.99750,0.10337,0.00058,0.00011,
19.321,5.09875,0.02070,2.05131,2.15730,0.10555,0.00058,0.00011,
19.322,5.10000,0.02070,2.55925,0.69301,0.10557,0.00058,0.00011,
19.323,5.09375,0.01986,2.55925,0.69301,0.10118,0.00058,0.00011,
19.324,5.09750,0.02049,2.31687,1.46333,0.10446,0.00058,0.00011,
19.325,5.09625,0.01966,1.61822,1.86686,0.10017,0.00058,0.00011,
19.326,5.09875,0.01986,2.71877,2.22882,0.10128,0.00058,0.00011,
19.327,5.09875,0.01924,1.36142,0.64729,0.09809,0.00058,0.00011,
19.328,5.09750,0.01924,2.02013,0.48098,0.09806,0.00058,0.00011,
19.329,5.09875,0.01966,2.23208,1.59132,0.10022,0.00058,0.00011,
19.330,5.09625,0.02028,1.67039,2.82720,0.10337,0.00058,0.00011,
19.331,5.10000,0.01945,1.60110,2.76687,0.09918,0.00058,0.00011,
19.332,5.09625,0.01986,2.04377,1.31496,0.10123,0.00058,0.00011,
19.333,5.10000,0.02154,1.98996,0.09375,0.10984,0.00058,0.00011,
19.334,5.09500,0.02070,1.98996,0.09375,0.10547,0.00058,0.00011,
19.335,5.09625,0.01945,0.42793,1.54870,0.09910,0.00058,0.00011,
19.336,5.09625,0.02070,1.73455,0.00326,0.10550,0.00058,0.00011,
19.337,5.09750,0.02070,1.92283,1.22836,0.10552,0.00058,0.00011,
19.338,5.09625,0.02133,0.84853,1.06616,0.10869,0.00058,0.00011,
19.339,5.09875,0.02070,1.45659,1.61880,0.10555,0.00058,0.00011,
19.340,5.09500,0.02112,2.29289,2.60019,0.10760,0.00058,0.00011,
19.341,5.09750,0.02028,2.34751,2.58389,0.10339,0.00058,0.00011,
19.342,5.09875,0.02070,2.72653,0.67654,0.10555,0.00058,0.00011,
19.343,5.09625,0.02112,3.05257,0.01793,0.10763,0.00058,0.00011,
19.344,5.09625,0.02112,2.89689,2.61160,0.10763,0.00058,0.00011,
19.345,5.09625,0.02028,2.89689,2.61160,0.10337,0.00058,0.00011,
19.346,5.09750,0.02028,1.99376,2.04267,0.10339,0.00058,0.00011,
19.347,5.09875,0.02133,2.41680,2.56597,0.10875,0.00058,0.00011,
19.348,5.09875,0.02175,1.57235,1.84541,0.11088,0.00058,0.00011,
19.349,5.09875,0.02007,2.19754,2.63525,0.10235,0.00058,0.00011,
19.350,5.09500,0.02091,0.93575,1.24141,0.10654,0.00058,0.00011,
19.351,5.09875,0.02049,2.69639,2.44778,0.10448,0.00058,0.00011,
19.352,5.09875,0.01966,2.70535,0.59340,0.10022,0.00058,0.00011,
19.353,5.09500,0.02007,1.31396,0.00734,0.10227,0.00058,0.00011,
19.354,5.09500,0.02091,2.38501,1.61881,0.10654,0.00058,0.00011,
19.355,5.09750,0.02091,3.07460,0.04891,0.10659,0.00058,0.00011,
19.356,5.09625,0.01903,3.07460,0.04891,0.09697,0.00058,0.00011,
19.357,5.09500,0.01986,0.43445,1.50469,0.10121,0.00058,0.00011,
19.358,5.09500,0.01986,2.32469,1.70684,0.10121,0.00058,0.00011,
19.359,5.09875,0.02133,2.67518,1.95055,0.10875,0.00058,0.00011,
19.360,5.09625,0.02112,0.96835,0.70588,0.10763,0.00058,0.00011,
19.361,5.09625,0.02007,0.56976,1.29032,0.10230,0.00058,0.00011,
19.362,5.09500,0.02112,1.98153,1.19984,0.10760,0.00058,0.00011,
19.363,5.09500,0.02196,2.30268,1.05556,0.11186,0.00058,0.00011,
19.364,5.10125,0.02196,2.84473,2.37033,0.11200,0.00058,0.00011,
19.365,5.09625,0.01966,3.06807,1.64081,0.10017,0.00058,0.00011,
19.366,5.09750,0.02133,1.76471,1.23326,0.10872,0.00058,0.00011,
19.367,5.09875,0.02049,1.76471,1.23326,0.10448,0.00058,0.00011,
19.368,5.09875,0.02007,2.70943,2.28475,0.10235,0.00058,0.00011,
19.369,5.09750,0.02070,1.70684,1.13137,0.10552,0.00058,0.00011,
19.370,5.09750,0.02133,2.44207,1.89432,0.10872,0.00058,0.00011,
19.371,5.09875,0.02007,1.91143,1.13545,0.10235,0.00058,0.00011,
19.372,5.09875,0.02049,1.64000,1.47535,0.10448,0.00058,0.00011,
19.373,5.09500,0.02049,1.69706,1.58702,0.10441,0.00058,0.00011,
19.374,5.09625,0.02070,2.83006,2.38746,0.10550,0.00058,0.00011,
19.375,5.09625,0.02091,3.06644,0.02445,0.10656,0.00058,0.00011,
19.376,5.09875,0.02007,0.84527,1.96605,0.10235,0.00058,0.00011,
19.377,5.09875,0.02070,2.56271,0.70344,0.10555,0.00058,0.00011,
19.378,5.09750,0.01882,2.56271,0.70344,0.09593,0.00058,0.00011,
19.379,5.09500,0.01945,0.76620,1.66201,0.09908,0.00058,0.00011,
19.380,5.09625,0.02007,2.14374,1.20229,0.10230,0.00058,0.00011,
19.381,5.09625,0.02007,2.36056,1.03764,0.10230,0.00058,0.00011,
19.382,5.09750,0.02007,1.34004,1.77939,0.10233,0.00058,0.00011,
19.383,5.09625,0.01924,3.05341,0.02201,0.09804,0.00058,0.00011,
19.384,5.09750,0.02028,2.41354,1.61963,0.10339,0.00058,0.00011,
19.385,5.09875,0.02028,3.06808,0.01630,0.10342,0.00058,0.00011,
19.386,5.09625,0.01882,2.25134,2.90750,0.09591,0.00058,0.00011,
19.387,5.09750,0.02007,0.63742,1.02785,0.10233,0.00058,0.00011,
19.388,5.09750,0.02112,1.94322,1.38161,0.10765,0.00058,0.00011,
19.389,5.09625,0.02028,1.94322,1.38161,0.10337,0.00058,0.00011,
19.390,5.09625,0.02007,1.65223,0.00000,0.10230,0.00058,0.00011,
19.391,5.09875,0.02007,1.93100,2.17880,0.10235,0.00058,0.00011,
19.392,5.09500,0.02112,1.91877,1.13627,0.10760,0.00058,0.00011,
19.393,5.10125,0.01945,2.63444,0.62682,0.09920,0.00058,0.00011,
19.394,5.09750,0.01945,2.58717,1.80710,0.09913,0.00058,0.00011,
19.395,5.09625,0.01966,3.06890,0.02771,0.10017,0.00058,0.00011,
19.396,5.09750,0.02091,1.93589,2.17227,0.10659,0.00058,0.00011,
19.397,5.09500,0.02007,2.58472,0.67980,0.10227,0.00058,0.00011,
19.398,5.09500,0.01903,1.68647,2.85452,0.09695,0.00058,0.00011,
19.399,5.09500,0.02028,3.07297,0.05380,0.10334,0.00058,0.00011,
19.400,5.09750,0.02028,3.07297,0.05380,0.10339,0.00058,0.00011,
19.401,5.09750,0.02007,1.39873,0.00000,0.10233,0.00058,0.00011,
19.402,5.09500,0.01966,2.36464,0.85098,0.10014,0.00058,0.00011,
19.403,5.09750,0.02112,2.10788,1.05720,0.10765,0.00058,0.00011,
19.404,5.09750,0.02070,2.94255,2.68253,0.10552,0.00058,0.00011,
19.405,5.09750,0.01966,3.07297,0.06276,0.10019,0.00058,0.00011,
19.406,5.09625,0.02133,1.04090,1.13790,0.10869,0.00058,0.00011,
19.407,5.09625,0.02175,2.25867,1.60495,0.11082,0.00058,0.00011,
19.408,5.09625,0.02091,2.30351,1.60006,0.10656,0.00058,0.00011,
19.409,5.09875,0.02091,2.28313,1.74108,0.10661,0.00058,0.00011,
19.410,5.09625,0.02070,1.36205,1.55279,0.10550,0.00058,0.00011,
19.411,5.09625,0.02112,1.36205,1.55279,0.10763,0.00058,0.00011,
19.412,5.09750,0.02049,2.84475,1.69788,0.10446,0.00058,0.00011,
19.413,5.09500,0.02133,2.59532,0.78006,0.10867,0.00058,0.00011,
19.414,5.09625,0.02154,0.58444,0.97162,0.10976,0.00058,0.00011,
19.415,5.09750,0.01986,3.07461,0.06276,0.10126,0.00058,0.00011,
19.416,5.09625,0.02091,0.46706,1.01889,0.10656,0.00058,0.00011,
19.417,5.09875,0.02049,1.85438,1.28543,0.10448,0.00058,0.00011,
19.418,5.09875,0.02049,2.96620,2.72737,0.10448,0.00058,0.00011,
19.419,5.09875,0.01966,3.06646,0.03097,0.10022,0.00058,0.00011,
19.420,5.09750,0.02007,1.04090,1.81037,0.10233,0.00058,0.00011,
19.421,5.09500,0.02070,2.90996,2.76405,0.10547,0.00058,0.00011,
19.422,5.09500,0.01966,2.90996,2.76405,0.10014,0.00058,0.00011,
19.423,5.09750,0.01903,3.05587,0.01956,0.09700,0.00058,0.00011,
19.424,5.09500,0.02007,1.44520,0.69529,0.10227,0.00058,0.00011,
19.425,5.09875,0.02028,3.08440,0.36110,0.10342,0.00058,0.00011,
19.426,5.09625,0.02112,1.64002,1.33761,0.10763,0.00058,0.00011,
19.427,5.09625,0.02112,1.14116,1.45417,0.10763,0.00058,0.00011,
19.428,5.09875,0.02049,2.53012,0.73116,0.10448,0.00058,0.00011,
19.429,5.09625,0.02070,2.88714,2.58555,0.10550,0.00058,0.00011,
19.430,5.09750,0.02091,1.87314,0.00163,0.10659,0.00058,0.00011,
19.431,5.09750,0.01986,1.81037,3.00941,0.10126,0.00058,0.00011,
19.432,5.09625,0.02049,2.31575,1.04335,0.10443,0.00058,0.00011,
19.433,5.09875,0.02154,2.31575,1.04335,0.10981,0.00058,0.00011,
19.434,5.10000,0.01966,3.07629,0.06929,0.10024,0.00058,0.00011,
19.435,5.09625,0.02133,2.17150,0.00489,0.10869,0.00058,0.00011,
19.436,5.09625,0.02196,3.08036,0.14998,0.11189,0.00058,0.00011,
19.437,5.09750,0.02196,1.60091,1.36860,0.11192,0.00058,0.00011,
19.438,5.09750,0.02049,1.73459,1.38816,0.10446,0.00058,0.00011,
19.439,5.09625,0.02133,2.32556,1.67916,0.10869,0.00058,0.00011,
19.440,5.09750,0.02007,0.63009,2.01662,0.10233,0.00058,0.00011,
19.441,5.09875,0.01966,2.34920,1.75415,0.10022,0.00058,0.00011,
19.442,5.09500,0.02175,1.63596,2.99478,0.11080,0.00058,0.00011,
19.443,5.09875,0.02049,2.76572,0.53065,0.10448,0.00058,0.00011,
19.444,5.09625,0.01986,2.76572,0.53065,0.10123,0.00058,0.00011,
19.445,5.09625,0.02091,2.24323,2.50570,0.10656,0.00058,0.00011,
19.446,5.09875,0.02091,0.71487,1.46234,0.10661,0.00058,0.00011,
19.447,5.09625,0.02028,2.10466,0.00652,0.10337,0.00058,0.00011,
19.448,5.09750,0.01966,1.82507,0.00734,0.10019,0.00058,0.00011,
19.449,5.09750,0.01945,3.08200,0.15895,0.09913,0.00058,0.00011,
19.450,5.09875,0.02028,0.82002,1.51614,0.10342,0.00058,0.00011,
19.451,5.09500,0.01945,0.51190,1.13710,0.09908,0.00058,0.00011,
19.452,5.09625,0.02028,1.33029,1.71421,0.10337,0.00058,0.00011,
19.453,5.09875,0.02049,1.72400,1.10368,0.10448,0.00058,0.00011,
19.454,5.09875,0.02112,2.17313,1.20802,0.10768,0.00058,0.00011,
19.455,5.09750,0.02112,2.17313,1.20802,0.10765,0.00058,0.00011,
19.456,5.09500,0.02028,2.17313,1.20802,0.10334,0.00058,0.00011,
19.457,5.09375,0.02007,2.34773,2.91591,0.10225,0.00058,0.00011,
19.458,5.09625,0.02028,1.77221,1.57167,0.10337,0.00058,0.00011,
19.459,5.09625,0.02112,2.59391,2.10969,0.10763,0.00058,0.00011,
19.460,5.09750,0.02007,1.67520,2.64446,0.10233,0.00058,0.00011,
19.461,5.09750,0.02091,2.87841,2.57516,0.10659,0.00058,0.00011,
19.462,5.09750,0.02112,2.44392,1.61651,0.10765,0.00058,0.00011,
19.463,5.09750,0.02028,3.05286,0.01793,0.10339,0.00058,0.00011,
19.464,5.09500,0.02028,3.07080,0.02119,0.10334,0.00058,0.00011,
19.465,5.09500,0.02133,3.06998,0.02935,0.10867,0.00058,0.00011,
19.466,5.09750,0.02175,2.61103,1.85862,0.11085,0.00058,0.00011,
19.467,5.09875,0.02007,2.61103,1.85862,0.10235,0.00058,0.00011,
19.468,5.09750,0.02154,3.08056,1.83089,0.10979,0.00058,0.00011,
19.469,5.09875,0.02154,1.59286,2.83682,0.10981,0.00058,0.00011,
19.470,5.09875,0.02028,2.16593,1.32303,0.10342,0.00058,0.00011,
19.471,5.09875,0.01924,3.20120,0.00734,0.09809,0.00058,0.00011,
19.472,5.09875,0.02091,1.74937,3.00964,0.10661,0.00058,0.00011,
19.473,5.09750,0.02091,2.40803,1.84393,0.10659,0.00058,0.00011,
19.474,5.09625,0.01945,1.46161,1.45020,0.09910,0.00058,0.00011,
19.475,5.09625,0.02007,1.08419,1.66704,0.10230,0.00058,0.00011,
19.476,5.09750,0.01945,3.06670,0.01304,0.09913,0.00058,0.00011,
19.477,5.09875,0.02028,1.66215,1.73877,0.10342,0.00058,0.00011,
19.478,5.09750,0.01945,1.66215,1.73877,0.09913,0.00058,0.00011,
19.479,5.09625,0.02007,2.39658,1.79499,0.10230,0.00058,0.00011,
19.480,5.09625,0.02028,2.77319,0.53638,0.10337,0.00058,0.00011,
19.481,5.09625,0.01986,2.31343,1.57571,0.10123,0.00058,0.00011,
19.482,5.09500,0.01986,2.14551,1.23660,0.10121,0.00058,0.00011,
19.483,5.09500,0.01924,1.52843,1.84879,0.09801,0.00058,0.00011,
19.484,5.09500,0.02091,1.52680,1.77298,0.10654,0.00058,0.00011,
19.485,5.09625,0.02091,1.81700,0.00000,0.10656,0.00058,0.00011,
19.486,5.09625,0.02070,2.59956,2.48706,0.10550,0.00058,0.00011,
19.487,5.09375,0.02112,3.07154,0.03587,0.10758,0.00058,0.00011,
19.488,5.09750,0.02133,3.03485,0.88038,0.10872,0.00058,0.00011,
19.489,5.09875,0.01945,3.03485,0.88038,0.09915,0.00058,0.00011,
19.490,5.09875,0.02007,1.99382,0.01467,0.10235,0.00058,0.00011,
19.491,5.09625,0.02007,2.25467,1.59604,0.10230,0.00058,0.00011,
19.492,5.09875,0.02028,1.91231,1.14608,0.10342,0.00058,0.00011,
19.493,5.09500,0.02007,0.78661,1.59522,0.10227,0.00058,0.00011,
19.494,5.09500,0.01945,1.64821,0.00652,0.09908,0.00058,0.00011,
19.495,5.09750,0.01966,2.05740,0.00326,0.10019,0.00058,0.00011,
19.496,5.10000,0.01966,1.80471,1.21129,0.10024,0.00058,0.00011,
19.497,5.09625,0.02007,2.72908,2.80815,0.10230,0.00058,0.00011,
19.498,5.09500,0.01840,1.56099,0.00408,0.09375,0.00058,0.00011,
19.499,5.09500,0.02133,0.74748,1.69141,0.10867,0.00058,0.00011,
19.500,5.09625,0.02133,0.74748,1.69141,0.10869,0.00058,0.00011,
19.501,5.09625,0.02007,3.08694,0.15651,0.10230,0.00058,0.00011,
19.502,5.09625,0.02154,1.97101,0.49887,0.10976,0.00058,0.00011,
19.503,5.09750,0.02091,3.05352,0.02445,0.10659,0.00058,0.00011,
19.504,5.09625,0.02007,1.03360,1.81613,0.10230,0.00058,0.00011,
19.505,5.09625,0.02091,0.96431,1.87564,0.10656,0.00058,0.00011,
19.506,5.09875,0.02154,3.08775,1.25043,0.10981,0.00058,0.00011,
19.507,5.09750,0.02007,0.92029,1.26836,0.10233,0.00058,0.00011,
19.508,5.09750,0.02091,0.41002,1.31319,0.10659,0.00058,0.00011,
19.509,5.09875,0.02091,2.67203,1.20967,0.10661,0.00058,0.00011,
19.510,5.09750,0.02091,2.00769,2.06557,0.10659,0.00058,0.00011,
19.511,5.09750,0.01986,2.00769,2.06557,0.10126,0.00058,0.00011,
19.512,5.09625,0.01966,0.84123,1.81614,0.10017,0.00058,0.00011,
19.513,5.09750,0.02028,3.08940,0.50458,0.10339,0.00058,0.00011,
19.514,5.09625,0.01966,2.34354,0.00897,0.10017,0.00058,0.00011,
19.515,5.09875,0.01986,1.81288,0.00000,0.10128,0.00058,0.00011,
19.516,5.09750,0.02007,1.15669,1.44118,0.10233,0.00058,0.00011,
19.517,5.09750,0.02007,2.21883,0.00489,0.10233,0.00059,0.00011,
19.518,5.09750,0.02007,2.11367,0.00489,0.10233,0.00059,0.00011,
19.519,5.09500,0.01924,2.78372,2.41283,0.09801,0.00059,0.00011,
19.520,5.10000,0.02091,1.63029,0.62522,0.10664,0.00059,0.00011,
19.521,5.09750,0.02070,0.92030,0.83063,0.10552,0.00059,0.00011,
19.522,5.09875,0.02133,0.92030,0.83063,0.10875,0.00059,0.00011,
19.523,5.09875,0.02028,1.68656,0.04565,0.10342,0.00059,0.00011,
19.524,5.09625,0.02112,2.61095,1.85204,0.10763,0.00059,0.00011,
19.525,5.09625,0.02091,0.88689,0.95292,0.10656,0.00059,0.00011,
19.526,5.09625,0.02049,1.80395,0.00000,0.10443,0.00059,0.00011,
19.527,5.09625,0.02049,1.27898,0.01712,0.10443,0.00059,0.00011,
19.528,5.09625,0.02091,1.22437,1.18524,0.10656,0.00059,0.00011,
19.529,5.09500,0.02133,1.48929,1.65640,0.10867,0.00059,0.00011,
19.530,5.09750,0.02070,1.40207,0.72794,0.10552,0.00059,0.00011,
19.531,5.09625,0.02112,2.69981,2.36314,0.10763,0.00059,0.00011,
19.532,5.09750,0.02070,0.62523,2.07376,0.10552,0.00059,0.00011,
19.533,5.09750,0.02007,0.62523,2.07376,0.10233,0.00059,0.00011,
19.534,5.09750,0.02070,3.07804,0.07662,0.10552,0.00059,0.00011,
19.535,5.09750,0.02070,1.60260,1.50234,0.10552,0.00059,0.00011,
19.536,5.09750,0.02070,0.38068,1.90829,0.10552,0.00059,0.00011,
19.537,5.09750,0.01986,0.46790,0.90157,0.10126,0.00059,0.00011,
19.538,5.09625,0.02154,0.91705,1.24801,0.10976,0.00059,0.00011,
19.539,5.09875,0.02070,2.73567,2.81637,0.10555,0.00059,0.00011,
19.540,5.10000,0.01882,2.19278,1.51130,0.09598,0.00059,0.00011,
19.541,5.09625,0.02007,2.92805,2.65905,0.10230,0.00059,0.00011,
19.542,5.09750,0.02070,2.92805,2.64111,0.10552,0.00059,0.00011,
19.543,5.09500,0.01966,3.05358,0.00652,0.10014,0.00059,0.00011,
19.544,5.09500,0.01986,3.05358,0.00652,0.10121,0.00059,0.00011,
19.545,5.09625,0.01986,2.41125,0.00245,0.10123,0.00059,0.00011,
19.546,5.09625,0.01986,1.33198,0.15651,0.10123,0.00059,0.00011,
19.547,5.09375,0.02028,3.08539,0.01141,0.10331,0.00059,0.00011,
19.548,5.09375,0.01945,3.09517,1.21541,0.09905,0.00059,0.00011,
19.549,5.09625,0.01903,1.32872,0.00000,0.09697,0.00059,0.00011,
19.550,5.09875,0.02007,1.68902,0.58610,0.10235,0.00059,0.00011,
19.551,5.09500,0.01945,1.38496,1.52761,0.09908,0.00059,0.00011,
19.552,5.09500,0.01903,1.36051,1.50234,0.09695,0.00059,0.00011,
19.553,5.09875,0.02154,2.23355,0.00408,0.10981,0.00059,0.00011,
19.554,5.09875,0.02154,1.81537,1.21296,0.10981,0.00059,0.00011,
19.555,5.09875,0.02070,1.81537,1.21296,0.10555,0.00059,0.00011,
19.556,5.09875,0.02091,1.63196,0.00326,0.10661,0.00059,0.00011,
19.557,5.10125,0.02154,2.06888,2.68270,0.10987,0.00059,0.00012,
19.558,5.09750,0.02112,1.47055,0.01060,0.10765,0.00059,0.00012,
19.559,5.09250,0.01966,3.09191,0.49154,0.10010,0.00059,0.00012,
19.560,5.09750,0.02091,1.60587,1.69717,0.10659,0.00059,0.00012,
19.561,5.09750,0.02091,1.85531,0.00815,0.10659,0.00059,0.00012,
19.562,5.09750,0.02049,1.42490,0.00000,0.10446,0.00059,0.00012,
19.563,5.09750,0.01966,0.98961,1.08824,0.10019,0.00059,0.00012,
19.564,5.09750,0.01966,2.71531,1.33850,0.10019,0.00059,0.00012,
19.565,5.09375,0.02175,1.12900,0.27145,0.11077,0.00059,0.00012,
19.566,5.09875,0.01986,1.12900,0.27145,0.10128,0.00059,0.00012,
19.567,5.10000,0.01945,3.07480,0.03098,0.09918,0.00059,0.00012,
19.568,5.09625,0.02070,2.30039,0.00489,0.10550,0.00059,0.00012,
19.569,5.09875,0.02028,1.49664,0.00082,0.10342,0.00059,0.00012,
19.570,5.09750,0.01882,1.57490,1.72326,0.09593,0.00059,0.00012,
19.571,5.09625,0.02091,0.61952,1.02221,0.10656,0.00059,0.00012,
19.572,5.09625,0.02091,1.26921,1.57000,0.10656,0.00059,0.00012,
19.573,5.09750,0.01986,1.68413,0.00489,0.10126,0.00059,0.00012,
19.574,5.10125,0.01986,1.80314,2.18219,0.10133,0.00059,0.00012,
19.575,5.09625,0.02007,2.13980,2.82373,0.10230,0.00059,0.00012,
19.576,5.09250,0.01945,3.19789,0.00978,0.09903,0.00059,0.00012,
19.577,5.09875,0.01966,3.19789,0.00978,0.10022,0.00059,0.00012,
19.578,5.09875,0.02070,3.09354,0.34155,0.10555,0.00059,0.00012,
19.579,5.09875,0.02007,2.03465,0.46627,0.10235,0.00059,0.00012,
19.580,5.09625,0.01986,2.85389,2.34196,0.10123,0.00059,0.00012,
19.581,5.09625,0.02007,1.46811,1.62870,0.10230,0.00059,0.00012,
19.582,5.09750,0.02007,1.67516,0.60567,0.10233,0.00059,0.00012,
19.583,5.09500,0.02007,3.05360,0.01630,0.10227,0.00059,0.00012,
19.584,5.09625,0.02091,1.51131,1.76564,0.10656,0.00059,0.00012,
19.585,5.09625,0.01986,2.22132,0.00163,0.10123,0.00059,0.00012,
19.586,5.09625,0.02091,0.85348,1.07765,0.10656,0.00059,0.00012,
19.587,5.09750,0.02112,0.51844,1.14856,0.10765,0.00059,0.00012,
19.588,5.09625,0.01861,0.51844,1.14856,0.09484,0.00059,0.00012,
19.589,5.09500,0.02007,1.41105,1.88792,0.10227,0.00059,0.00012,
19.590,5.09500,0.02112,2.90932,2.62483,0.10760,0.00059,0.00012,
19.591,5.09750,0.02112,1.07928,1.16080,0.10765,0.00059,0.00012,
19.592,5.09625,0.01924,0.57143,1.30753,0.09804,0.00059,0.00012,
19.593,5.09500,0.01986,3.07154,0.03587,0.10121,0.00059,0.00012,
19.594,5.09875,0.02007,2.21480,0.01060,0.10235,0.00059,0.00012,
19.595,5.09875,0.01924,1.57082,0.00326,0.09809,0.00059,0.00012,
19.596,5.09750,0.01966,3.17588,0.01060,0.10019,0.00059,0.00012,
19.597,5.09500,0.02028,0.64480,1.47871,0.10334,0.00059,0.00012,
19.598,5.09625,0.01945,2.01916,0.01141,0.09910,0.00059,0.00012,
19.599,5.09625,0.01966,2.01916,0.01141,0.10017,0.00059,0.00012,
19.600,5.09625,0.01966,2.06482,0.00734,0.10017,0.00059,0.00012,
19.601,5.10000,0.01986,2.85472,2.32568,0.10131,0.00059,0.00012,
19.602,5.09750,0.02091,1.41024,0.00000,0.10659,0.00059,0.00012,
19.603,5.09625,0.01986,3.07726,0.07989,0.10123,0.00059,0.00012,
19.604,5.09625,0.01924,3.06504,0.01386,0.09804,0.00059,0.00012,
19.605,5.09875,0.02112,1.72490,2.62077,0.10768,0.00059,0.00012,
19.606,5.09875,0.02007,3.08134,0.29102,0.10235,0.00059,0.00012,
19.607,5.09750,0.02007,1.94010,0.00163,0.10233,0.00059,0.00012,
19.608,5.09750,0.02028,3.08215,0.14347,0.10339,0.00059,0.00012,
19.609,5.09375,0.02028,1.71919,1.94092,0.10331,0.00059,0.00012,
19.610,5.09750,0.02007,1.71919,1.94092,0.10233,0.00059,0.00012,
19.611,5.09625,0.02007,3.09526,0.39292,0.10230,0.00059,0.00012,
19.612,5.09750,0.02070,2.57354,2.07546,0.10552,0.00059,0.00012,
19.613,5.09500,0.02007,2.14801,0.00652,0.10227,0.00059,0.00012,
19.614,5.09750,0.02028,0.66845,1.50402,0.10339,0.00059,0.00012,
19.615,5.09750,0.01945,0.53476,1.19017,0.09913,0.00059,0.00012,
19.616,5.09875,0.01945,1.49750,0.00815,0.09915,0.00059,0.00012,
19.617,5.09875,0.01924,1.49750,0.00815,0.09809,0.00059,0.00012,
19.618,5.09750,0.01924,1.74939,0.00326,0.09806,0.00059,0.00012,
19.619,5.09750,0.01986,3.07896,0.06685,0.10126,0.00059,0.00012,
19.620,5.09250,0.02070,1.75020,1.03284,0.10542,0.00059,0.00012,
19.621,5.09750,0.02091,1.60999,1.82357,0.10659,0.00059,0.00012,
19.622,5.09625,0.02049,1.60999,1.82357,0.10443,0.00059,0.00012,
19.623,5.09500,0.02133,3.05531,0.01386,0.10867,0.00059,0.00012,
19.624,5.09625,0.02049,3.09199,0.49237,0.10443,0.00059,0.00012,
19.625,5.09875,0.02007,1.04588,0.47444,0.10235,0.00059,0.00012,
19.626,5.09875,0.02133,1.52358,0.00326,0.10875,0.00059,0.00012,
19.627,5.09750,0.02133,1.71352,1.95074,0.10872,0.00059,0.00012,
19.628,5.10000,0.02091,1.65564,1.87492,0.10664,0.00059,0.00012,
19.629,5.09750,0.01986,3.19715,0.00734,0.10126,0.00059,0.00012,
19.630,5.09625,0.02112,2.15616,0.00408,0.10763,0.00059,0.00012,
19.631,5.09500,0.02091,2.31186,2.89798,0.10654,0.00059,0.00012,
19.632,5.09750,0.01966,0.54862,1.24234,0.10019,0.00059,0.00012,
19.633,5.09875,0.02049,0.54862,1.24234,0.10448,0.00059,0.00012,
19.634,5.09375,0.02028,1.18036,1.25699,0.10331,0.00059,0.00012,
19.635,5.09375,0.01986,2.86695,2.53843,0.10118,0.00059,0.00012,
19.636,5.09750,0.01986,1.97597,2.30530,0.10126,0.00059,0.00012,
19.637,5.10000,0.01924,2.13737,1.27900,0.09811,0.00059,0.00012,
19.638,5.09625,0.02070,3.07726,0.08722,0.10550,0.00059,0.00012,
19.639,5.09750,0.01903,1.82924,0.00326,0.09700,0.00059,0.00012,
19.640,5.09625,0.02007,0.67496,1.49746,0.10230,0.00059,0.00012,
19.641,5.09625,0.01986,1.78522,2.43083,0.10123,0.00059,0.00012,
19.642,5.09625,0.01924,2.02488,0.00000,0.09804,0.00059,0.00012,
19.643,5.09500,0.02007,1.36704,0.00978,0.10227,0.00059,0.00012,
19.644,5.09500,0.02091,1.36704,0.00978,0.10654,0.00059,0.00012,
19.645,5.09625,0.02091,3.08933,0.33257,0.10656,0.00059,0.00012,
19.646,5.09750,0.02007,0.97082,1.59439,0.10233,0.00059,0.00012,
19.647,5.09500,0.01966,2.94343,1.14688,0.10014,0.00059,0.00012,
19.648,5.09875,0.01903,3.09096,0.32198,0.09702,0.00059,0.00012,
19.649,5.09625,0.01945,2.15031,0.00734,0.09910,0.00059,0.00012,
19.650,5.09875,0.01966,1.88947,0.00326,0.10022,0.00059,0.00012,
19.651,5.09875,0.02049,2.26361,1.79980,0.10448,0.00059,0.00012,
19.652,5.09750,0.02112,0.96919,1.86746,0.10765,0.00059,0.00012,
19.653,5.09750,0.02133,3.08281,0.30975,0.10872,0.00059,0.00012,
19.654,5.09625,0.02133,1.44685,1.62292,0.10869,0.00059,0.00012,
19.655,5.09625,0.01986,1.44685,1.62292,0.10123,0.00059,0.00012,
19.656,5.10000,0.02070,3.07851,0.07499,0.10557,0.00059,0.00012,
19.657,5.09875,0.02112,3.07688,0.10188,0.10768,0.00059,0.00012,
19.658,5.09500,0.02028,3.07443,0.07417,0.10334,0.00059,0.00012,
19.659,5.09375,0.02049,3.09481,0.72296,0.10438,0.00059,0.00012,
19.660,5.09625,0.02154,1.39132,0.00000,0.10976,0.00059,0.00012,
19.661,5.09500,0.01986,0.45481,0.96912,0.10121,0.00059,0.00012,
19.662,5.09500,0.02091,2.42890,1.61465,0.10654,0.00059,0.00012,
19.663,5.09750,0.02091,3.04835,0.02038,0.10659,0.00059,0.00012,
19.664,5.09375,0.02049,1.46386,0.00245,0.10438,0.00059,0.00012,
19.665,5.09625,0.02007,1.54618,1.03514,0.10230,0.00059,0.00012,
19.666,5.09750,0.02007,1.54618,1.03514,0.10233,0.00059,0.00012,
19.667,5.09750,0.01924,2.10206,0.00652,0.09806,0.00059,0.00012,
19.668,5.09625,0.02028,1.15332,1.44349,0.10337,0.00059,0.00012,
19.669,5.09625,0.02028,3.09482,1.08812,0.10337,0.00059,0.00012,
19.670,5.09875,0.02007,2.38163,0.75801,0.10235,0.00059,0.00012,
19.671,5.09875,0.01966,1.59835,1.85021,0.10022,0.00059,0.00012,
19.672,5.09625,0.01966,1.65215,1.31145,0.10017,0.00059,0.00012,
19.673,5.09750,0.01986,3.14128,0.00815,0.10126,0.00059,0.00012,
19.674,5.09875,0.02070,3.07037,0.01956,0.10555,0.00059,0.00012,
19.675,5.09625,0.01924,3.17388,0.00652,0.09804,0.00059,0.00012,
19.676,5.10000,0.01903,3.06466,0.01386,0.09704,0.00059,0.00012,
19.677,5.09750,0.01986,3.06466,0.01386,0.10126,0.00059,0.00012,
19.678,5.09500,0.01966,3.09647,0.60071,0.10014,0.00059,0.00012,
19.679,5.09875,0.01986,1.64075,0.00652,0.10128,0.00059,0.00012,
19.680,5.09875,0.02028,3.09240,0.70993,0.10342,0.00059,0.00012,
19.681,5.09625,0.02028,1.71166,0.00000,0.10337,0.00059,0.00012,
19.682,5.09750,0.02007,0.85175,1.43046,0.10233,0.00059,0.00012,
19.683,5.09875,0.02028,2.54874,2.86499,0.10342,0.00059,0.00012,
19.684,5.09625,0.01986,1.86652,0.00815,0.10123,0.00059,0.00012,
19.685,5.09875,0.02112,3.07691,0.10840,0.10768,0.00059,0.00012,
19.686,5.09750,0.02091,2.28873,0.00326,0.10659,0.00059,0.00012,
19.687,5.09875,0.02007,0.59582,1.34487,0.10235,0.00059,0.00012,
19.688,5.09500,0.02091,0.59582,1.34487,0.10654,0.00059,0.00012,
19.689,5.09500,0.02007,1.53642,2.02628,0.10227,0.00059,0.00012,
19.690,5.09750,0.02007,0.49557,1.06449,0.10233,0.00059,0.00012,
19.691,5.09875,0.01966,2.86743,1.59999,0.10022,0.00059,0.00012,
19.692,5.09625,0.01986,1.07427,1.77849,0.10123,0.00059,0.00012,
19.693,5.09875,0.02070,2.21700,0.00815,0.10555,0.00059,0.00012,
19.694,5.09625,0.01986,3.06794,0.01793,0.10123,0.00059,0.00012,
19.695,5.09625,0.01945,3.05735,1.42068,0.09910,0.00059,0.00012,
19.696,5.09750,0.02154,1.46713,1.64808,0.10979,0.00059,0.00012,
19.697,5.09875,0.01882,1.00988,0.59174,0.09595,0.00059,0.00012,
19.698,5.09875,0.02007,1.62852,0.00815,0.10235,0.00059,0.00012,
19.699,5.09625,0.02007,1.62852,0.00815,0.10230,0.00059,0.00012,
19.700,5.09875,0.02070,3.09566,0.52002,0.10555,0.00059,0.00012,
19.701,5.09625,0.01986,2.49658,1.69210,0.10123,0.00059,0.00012,
19.702,5.10000,0.01986,1.73530,1.26500,0.10131,0.00059,0.00012,
19.703,5.09875,0.01945,3.04676,0.01223,0.09915,0.00059,0.00012,
19.704,5.09750,0.02007,3.09077,1.45084,0.10233,0.00059,0.00012,
19.705,5.09875,0.01945,3.08914,0.29098,0.09915,0.00059,0.00012,
19.706,5.09750,0.01945,0.62027,2.04829,0.09913,0.00059,0.00012,
19.707,5.09750,0.02070,2.54793,2.04584,0.10552,0.00059,0.00012,
19.708,5.09750,0.02070,1.40112,0.00489,0.10552,0.00059,0.00012,
19.709,5.09750,0.02070,3.07854,0.07662,0.10552,0.00059,0.00012,
19.710,5.09750,0.01945,3.07854,0.07662,0.09913,0.00059,0.00012,
19.711,5.09750,0.02112,3.07531,0.05624,0.10765,0.00059,0.00012,
19.712,5.09750,0.02028,1.88610,2.27326,0.10339,0.00059,0.00012,
19.713,5.09500,0.01966,1.63098,0.00163,0.10014,0.00059,0.00012,
19.714,5.09625,0.01986,3.07123,0.04809,0.10123,0.00059,0.00012,
19.715,5.09625,0.01924,3.06960,0.02445,0.09804,0.00059,0.00012,
19.716,5.09625,0.01986,3.17393,0.00000,0.10123,0.00059,0.00012,
19.717,5.09500,0.01986,1.33184,0.00734,0.10121,0.00059,0.00012,
19.718,5.09750,0.01945,3.08264,0.20866,0.09913,0.00059,0.00012,
19.719,5.09875,0.02112,3.08346,1.56903,0.10768,0.00059,0.00012,
19.720,5.09750,0.02070,3.05493,1.40846,0.10552,0.00059,0.00012,
19.721,5.09750,0.01986,3.05493,1.40846,0.10126,0.00059,0.00012,
19.722,5.09500,0.02091,3.06801,0.00897,0.10654,0.00059,0.00012,
19.723,5.09875,0.02070,2.12332,0.00489,0.10555,0.00059,0.00012,
19.724,5.09500,0.01986,3.08676,1.51118,0.10121,0.00059,0.00012,
19.725,5.09750,0.02112,1.73452,0.07988,0.10765,0.00059,0.00012,
19.726,5.09750,0.02112,0.70506,1.46961,0.10765,0.00059,0.00012,
19.727,5.09625,0.02028,2.01247,0.00408,0.10337,0.00059,0.00012,
19.728,5.09750,0.01986,3.07372,0.06765,0.10126,0.00059,0.00012,
19.729,5.09500,0.02112,1.89428,2.70611,0.10760,0.00059,0.00012,
19.730,5.09875,0.02049,3.06068,0.01304,0.10448,0.00059,0.00012,
19.731,5.09750,0.02007,3.06312,0.00815,0.10233,0.00059,0.00012,
19.732,5.10000,0.02112,3.06312,0.00815,0.10771,0.00059,0.00012,
19.733,5.09625,0.02070,3.10876,0.01141,0.10550,0.00059,0.00012,
19.734,5.09500,0.02007,3.07208,0.04401,0.10227,0.00059,0.00012,
19.735,5.09500,0.02154,3.18375,0.00734,0.10973,0.00059,0.00012,
19.736,5.09750,0.02154,2.03447,2.35236,0.10979,0.00059,0.00012,
19.737,5.09625,0.02091,1.81358,1.20797,0.10656,0.00059,0.00012,
19.738,5.09750,0.02049,2.19749,0.00978,0.10446,0.00059,0.00012,
19.739,5.09625,0.02091,1.39625,0.00163,0.10656,0.00059,0.00012,
19.740,5.09750,0.02091,2.49581,1.77446,0.10659,0.00059,0.00012,
19.741,5.09625,0.01945,2.22520,0.00000,0.09910,0.00059,0.00012,
19.742,5.10000,0.02007,3.08105,0.11819,0.10238,0.00059,0.00012,
19.743,5.09750,0.02007,3.08105,0.11819,0.10233,0.00059,0.00012,
19.744,5.09750,0.01945,3.08432,0.14183,0.09913,0.00059,0.00012,
19.745,5.09750,0.01945,0.46786,0.99279,0.09913,0.00059,0.00012,
19.746,5.09875,0.01986,2.04018,2.05404,0.10128,0.00059,0.00012,
19.747,5.09750,0.02049,2.66862,1.94156,0.10446,0.00059,0.00012,
19.748,5.09750,0.01986,2.39556,0.01141,0.10126,0.00059,0.00012,
19.749,5.09625,0.02091,2.82838,0.90394,0.10656,0.00059,0.00012,
19.750,5.09500,0.02133,3.07046,1.83967,0.10867,0.00059,0.00012,
19.751,5.10125,0.02091,0.55182,2.25211,0.10667,0.00059,0.00012,
19.752,5.09750,0.02070,3.08024,0.11656,0.10552,0.00059,0.00012,
19.753,5.09750,0.02007,3.08839,1.28948,0.10233,0.00059,0.00012,
19.754,5.09875,0.02007,3.08839,1.28948,0.10235,0.00059,0.00012,
19.755,5.09875,0.02133,1.27155,1.77691,0.10875,0.00059,0.00012,
19.756,5.09750,0.02133,0.46135,1.00909,0.10872,0.00059,0.00012,
19.757,5.09750,0.01966,2.29287,1.67340,0.10019,0.00059,0.00012,
19.758,5.09625,0.02112,3.06884,0.02934,0.10763,0.00059,0.00012,
19.759,5.09750,0.02133,2.10947,2.67271,0.10872,0.00059,0.00012,
19.760,5.10000,0.02028,3.09248,0.83874,0.10344,0.00059,0.00012,
19.761,5.09500,0.02091,1.62857,0.00652,0.10654,0.00059,0.00012,
19.762,5.09500,0.02133,1.96520,0.00897,0.10867,0.00059,0.00012,
19.763,5.09750,0.02133,3.06884,0.05380,0.10872,0.00059,0.00012,
19.764,5.09375,0.01986,1.15499,1.26992,0.10118,0.00059,0.00012,
19.765,5.09625,0.02028,1.15499,1.26992,0.10337,0.00059,0.00012,
19.766,5.09875,0.02007,0.80613,2.37683,0.10235,0.00059,0.00012,
19.767,5.09750,0.01945,1.58618,1.78751,0.09913,0.00059,0.00012,
19.768,5.09875,0.01966,3.06477,0.02445,0.10022,0.00059,0.00012,
19.769,5.09625,0.02070,2.78764,2.00025,0.10550,0.00059,0.00012,
19.770,5.09625,0.01966,3.16748,0.01304,0.10017,0.00059,0.00012,
19.771,5.09625,0.01882,1.92527,0.01141,0.09591,0.00059,0.00012,
19.772,5.09500,0.01882,0.65371,2.08421,0.09588,0.00059,0.00012,
19.773,5.09750,0.01945,3.08189,0.18421,0.09913,0.00059,0.00012,
19.774,5.09875,0.02007,2.40128,0.00978,0.10235,0.00059,0.00012,
19.775,5.09875,0.01966,1.86576,0.00082,0.10022,0.00059,0.00012,
19.776,5.09500,0.01924,1.86576,0.00082,0.09801,0.00059,0.00012,
19.777,5.09625,0.02028,3.08924,0.01304,0.10337,0.00059,0.00012,
19.778,5.09875,0.01903,2.33690,0.01060,0.09702,0.00059,0.00012,
19.779,5.09875,0.01986,2.33690,0.01060,0.10128,0.00059,0.00012,
19.780,5.09875,0.01986,2.60507,0.00734,0.10128,0.00059,0.00012,
19.781,5.09750,0.01986,2.48606,2.69555,0.10126,0.00059,0.00012,
19.782,5.10000,0.02112,1.34737,1.56663,0.10771,0.00059,0.00012,
19.783,5.09500,0.02028,3.05012,0.01467,0.10334,0.00059,0.00012,
19.784,5.09875,0.02070,3.07701,0.07254,0.10555,0.00059,0.00012,
19.785,5.09875,0.02070,1.79404,0.01060,0.10555,0.00059,0.00012,
19.786,5.09500,0.02007,3.09902,0.01467,0.10227,0.00059,0.00012,
19.787,5.09500,0.02154,1.67178,0.00000,0.10973,0.00059,0.00012,
19.788,5.09750,0.02070,1.67178,0.00000,0.10552,0.00059,0.00012,
19.789,5.09750,0.01966,2.94007,1.26504,0.10019,0.00059,0.00012,
19.790,5.09500,0.01966,2.20403,0.00326,0.10014,0.00059,0.00012,
19.791,5.09750,0.01986,3.19275,0.00897,0.10126,0.00059,0.00012,
19.792,5.09625,0.02070,3.06722,0.01630,0.10550,0.00059,0.00012,
19.793,5.09500,0.01861,3.03625,1.24710,0.09482,0.00059,0.00012,
19.794,5.09500,0.01986,3.06967,0.00652,0.10121,0.00059,0.00012,
19.795,5.09875,0.02028,2.90502,2.60506,0.10342,0.00059,0.00012,
19.796,5.09625,0.01986,2.61484,0.65453,0.10123,0.00059,0.00012,
19.797,5.09875,0.02007,3.09494,0.42711,0.10235,0.00059,0.00012,
19.798,5.09875,0.02091,1.86495,0.00326,0.10661,0.00059,0.00012,
19.799,5.09500,0.02091,1.86495,0.00326,0.10654,0.00059,0.00012,
19.800,5.09875,0.01945,3.06881,0.03016,0.09915,0.00059,0.00012,
19.801,5.09750,0.01903,3.09407,1.37913,0.09700,0.00059,0.00012,
19.802,5.09750,0.02028,1.48509,2.51536,0.10339,0.00059,0.00012,
19.803,5.09625,0.02049,2.20318,0.00326,0.10443,0.00059,0.00012,
19.804,5.09625,0.01924,0.53796,1.20715,0.09804,0.00059,0.00012,
19.805,5.09500,0.02049,3.06962,0.02201,0.10441,0.00059,0.00012,
19.806,5.09625,0.02028,1.54296,0.00571,0.10337,0.00059,0.00012,
19.807,5.09625,0.02028,2.16732,0.00245,0.10337,0.00059,0.00012,
19.808,5.09625,0.02028,3.06799,0.01386,0.10337,0.00059,0.00012,
19.809,5.09750,0.01986,1.39136,0.00000,0.10126,0.00059,0.00012,
19.810,5.09750,0.02070,1.39136,0.00000,0.10552,0.00059,0.00012,
19.811,5.09750,0.02091,2.92445,1.34893,0.10659,0.00059,0.00012,
19.812,5.09875,0.02028,2.53566,0.00734,0.10342,0.00059,0.00012,
19.813,5.09625,0.02091,2.23817,0.00408,0.10656,0.00059,0.00012,
19.814,5.09625,0.02091,0.44013,1.40517,0.10656,0.00059,0.00012,
19.815,5.09750,0.02049,3.06953,0.01630,0.10446,0.00059,0.00012,
19.816,5.09750,0.02028,2.41748,1.90399,0.10339,0.00059,0.00012,
19.817,5.09750,0.02028,1.47853,0.02119,0.10339,0.00059,0.00012,
19.818,5.09750,0.01986,1.92437,0.00978,0.10126,0.00059,0.00012,
19.819,5.10000,0.02028,2.39384,0.00000,0.10344,0.00059,0.00012,
19.820,5.09750,0.01945,3.09398,0.97156,0.09913,0.00059,0.00012,
19.821,5.09625,0.02133,3.09398,0.97156,0.10869,0.00059,0.00012,
19.822,5.09500,0.02007,2.69133,2.42399,0.10227,0.00059,0.00012,
19.823,5.09625,0.02049,3.04915,0.02364,0.10443,0.00059,0.00012,
19.824,5.09625,0.02091,0.79469,1.26009,0.10656,0.00059,0.00012,
19.825,5.09625,0.02133,3.06789,0.02119,0.10869,0.00059,0.00012,
19.826,5.09750,0.02133,3.07849,0.12144,0.10872,0.00059,0.00012,
19.827,5.10000,0.02007,2.04499,0.03016,0.10238,0.00059,0.00012,
19.828,5.09625,0.02154,1.94718,0.00734,0.10976,0.00059,0.00012,
19.829,5.09750,0.02154,1.40761,0.00000,0.10979,0.00059,0.00012,
19.830,5.09625,0.02028,0.70829,0.78653,0.10337,0.00059,0.00012,
19.831,5.09375,0.02175,3.19097,0.01304,0.11077,0.00059,0.00012,
19.832,5.09875,0.02133,3.19097,0.01304,0.10875,0.00059,0.00012,
19.833,5.09500,0.01986,1.46468,0.00897,0.10121,0.00059,0.00012,
19.834,5.09500,0.02175,2.50715,1.98061,0.11080,0.00059,0.00012,
19.835,5.09625,0.02175,2.29686,0.00571,0.11082,0.00059,0.00012,
19.836,5.09500,0.02049,2.67586,0.71400,0.10441,0.00059,0.00012,
19.837,5.09625,0.02007,2.97581,1.06448,0.10230,0.00059,0.00012,
19.838,5.09500,0.02133,3.19669,0.00978,0.10867,0.00059,0.00012,
19.839,5.09875,0.02091,2.14037,0.00082,0.10661,0.00059,0.00012,
19.840,5.09625,0.02028,3.09155,1.43615,0.10337,0.00059,0.00012,
19.841,5.09750,0.02049,3.08095,1.62606,0.10446,0.00059,0.00012,
19.842,5.09875,0.02028,1.96105,0.94629,0.10342,0.00059,0.00012,
19.843,5.09875,0.01966,1.96105,0.94629,0.10022,0.00059,0.00012,
19.844,5.09875,0.01966,3.07932,0.05216,0.10022,0.00059,0.00012,
19.845,5.09875,0.02007,0.40672,1.93497,0.10235,0.00059,0.00012,
19.846,5.09875,0.02070,1.30655,1.70023,0.10555,0.00059,0.00012,
19.847,5.09500,0.02070,3.08829,0.53142,0.10547,0.00059,0.00012,
19.848,5.09750,0.02091,1.48424,0.00082,0.10659,0.00059,0.00012,
19.849,5.09875,0.01986,0.46214,0.96341,0.10128,0.00059,0.00012,
19.850,5.09750,0.02154,1.66111,2.59191,0.10979,0.00059,0.00012,
19.851,5.09500,0.02112,1.74017,0.14264,0.10760,0.00059,0.00012,
19.852,5.09500,0.02007,3.03938,0.98379,0.10227,0.00059,0.00012,
19.853,5.09875,0.02070,3.06628,0.01630,0.10555,0.00059,0.00012,
19.854,5.10000,0.02070,3.06628,0.01630,0.10557,0.00059,0.00012,
19.855,5.09750,0.02112,0.49556,1.22994,0.10765,0.00059,0.00012,
19.856,5.09875,0.02028,1.86896,0.01060,0.10342,0.00059,0.00012,
19.857,5.09625,0.02070,3.07282,0.10759,0.10550,0.00059,0.00012,
19.858,5.09875,0.02070,3.06467,0.01793,0.10555,0.00059,0.00012,
19.859,5.09750,0.02070,1.64807,0.00000,0.10552,0.00059,0.00012,
19.860,5.09500,0.01986,3.08830,0.26571,0.10121,0.00059,0.00012,
19.861,5.09750,0.02175,3.07200,0.06032,0.11085,0.00059,0.00012,
19.862,5.09750,0.02175,3.07200,0.09536,0.11085,0.00059,0.00012,
19.863,5.09625,0.02049,3.04755,0.01386,0.10443,0.00059,0.00012,
19.864,5.09750,0.02028,1.70268,0.00000,0.10339,0.00059,0.00012,
19.865,5.09500,0.02133,1.70268,0.00000,0.10867,0.00060,0.00012,
19.866,5.09750,0.01966,0.76291,1.38726,0.10019,0.00060,0.00012,
19.867,5.09625,0.01966,3.06712,0.03179,0.10017,0.00060,0.00012,
19.868,5.09875,0.02049,3.06223,0.01956,0.10448,0.00060,0.00012,
19.869,5.09750,0.01924,3.07283,0.04564,0.09806,0.00060,0.00012,
19.870,5.09375,0.02007,0.56240,1.24951,0.10225,0.00060,0.00012,
19.871,5.09375,0.02091,3.08180,1.55027,0.10651,0.00060,0.00012,
19.872,5.09750,0.02091,3.08098,0.24126,0.10659,0.00060,0.00012,
19.873,5.09750,0.01986,3.07854,0.17932,0.10126,0.00060,0.00012,
19.874,5.10000,0.02007,2.06784,2.79244,0.10238,0.00060,0.00012,
19.875,5.09500,0.01966,0.61049,1.93580,0.10014,0.00060,0.00012,
19.876,5.09500,0.01986,0.61049,1.93580,0.10121,0.00060,0.00012,
19.877,5.09750,0.02007,1.06043,1.61387,0.10233,0.00060,0.00012,
19.878,5.09750,0.01945,3.08021,0.12471,0.09913,0.00060,0.00012,
19.879,5.09875,0.02091,3.08428,0.24127,0.10661,0.00060,0.00012,
19.880,5.09875,0.02154,3.08102,1.81601,0.10981,0.00060,0.00012,
19.881,5.09750,0.02154,3.07450,0.06195,0.10979,0.00060,0.00012,
19.882,5.09875,0.01945,1.21040,1.70679,0.09915,0.00060,0.00012,
19.883,5.09750,0.02154,2.90415,2.61969,0.10979,0.00060,0.00012,
19.884,5.09750,0.02133,1.79237,1.22426,0.10872,0.00060,0.00012,
19.885,5.09875,0.02007,1.64892,0.00326,0.10235,0.00060,0.00012,
19.886,5.09625,0.02028,3.05657,0.01304,0.10337,0.00060,0.00012,
19.887,5.09625,0.02112,3.05657,0.01304,0.10763,0.00060,0.00012,
19.888,5.09750,0.01903,2.89844,1.45819,0.09700,0.00060,0.00012,
19.889,5.09750,0.01966,0.43852,0.90800,0.10019,0.00060,0.00012,
19.890,5.09500,0.01966,0.38961,1.18432,0.10014,0.00060,0.00012,
19.891,5.09875,0.02028,2.85850,1.62202,0.10342,0.00060,0.00012,
19.892,5.09625,0.01966,3.06472,1.59757,0.10017,0.00060,0.00012,
19.893,5.09750,0.01924,3.04923,0.01793,0.09806,0.00060,0.00012,
19.894,5.09750,0.01966,2.39879,0.00734,0.10019,0.00060,0.00012,
19.895,5.09625,0.02007,3.09569,0.54203,0.10230,0.00060,0.00012,
19.896,5.09625,0.01986,3.08591,0.33826,0.10123,0.00060,0.00012,
19.897,5.09625,0.01945,0.43281,1.96761,0.09910,0.00060,0.00012,
19.898,5.09625,0.02070,0.43281,1.96761,0.10550,0.00060,0.00012,
19.899,5.09625,0.02070,0.46786,1.36853,0.10550,0.00060,0.00012,
19.900,5.09500,0.01986,2.30181,0.00571,0.10121,0.00060,0.00012,
19.901,5.09875,0.01966,3.08837,0.56078,0.10022,0.00060,0.00012,
19.902,5.09750,0.02091,1.53237,0.00489,0.10659,0.00060,0.00012,
19.903,5.09500,0.02070,3.05087,0.00408,0.10547,0.00060,0.00012,
19.904,5.09750,0.02049,2.03609,0.00000,0.10446,0.00060,0.00012,
19.905,5.10125,0.02112,0.80123,1.46308,0.10773,0.00060,0.00012,
19.906,5.10125,0.02007,3.08511,0.32441,0.10240,0.00060,0.00012,
19.907,5.10125,0.02049,2.58301,2.82347,0.10453,0.00060,0.00012,
19.908,5.10000,0.02049,3.08674,0.29751,0.10451,0.00060,0.00012,
19.909,5.09875,0.02112,3.08674,0.29751,0.10768,0.00060,0.00012,
19.910,5.09750,0.02112,2.18037,1.20144,0.10765,0.00060,0.00012,
19.911,5.09625,0.01966,3.08431,0.33419,0.10017,0.00060,0.00012,
19.912,5.09500,0.01945,3.08838,0.53878,0.09908,0.00060,0.00012,
19.913,5.09750,0.02133,3.00932,0.85992,0.10872,0.00060,0.00012,
19.914,5.09875,0.02091,3.17234,0.01141,0.10661,0.00060,0.00012,
19.915,5.09750,0.01945,3.09327,0.55182,0.09913,0.00060,0.00012,
19.916,5.09750,0.02070,1.39299,2.46891,0.10552,0.00060,0.00012,
19.917,5.09875,0.02070,1.96682,0.18095,0.10555,0.00060,0.00012,
19.918,5.09875,0.02070,1.51852,0.00000,0.10555,0.00060,0.00012,
19.919,5.10000,0.02070,2.14369,0.00245,0.10557,0.00060,0.00012,
19.920,5.09875,0.02070,2.14369,0.00245,0.10555,0.00060,0.00012,
19.921,5.09750,0.02133,1.79894,1.96685,0.10872,0.00060,0.00012,
19.922,5.10000,0.02091,3.19440,0.00163,0.10664,0.00060,0.00012,
19.923,5.09750,0.02112,3.07703,0.12797,0.10765,0.00060,0.00012,
19.924,5.09625,0.02091,1.87148,0.00978,0.10656,0.00060,0.00012,
19.925,5.09625,0.02028,2.14047,1.70031,0.10337,0.00060,0.00012,
19.926,5.09750,0.02028,3.19522,0.00815,0.10339,0.00060,0.00012,
19.927,5.09875,0.02112,1.89268,0.33419,0.10768,0.00060,0.00012,
19.928,5.10000,0.02154,3.06562,0.02119,0.10984,0.00060,0.00012,
19.929,5.09875,0.01945,3.15609,0.00245,0.09915,0.00060,0.00012,
19.930,5.09875,0.01986,0.68877,2.05896,0.10128,0.00060,0.00012,
19.931,5.09750,0.02028,0.68877,2.05896,0.10339,0.00060,0.00012,
19.932,5.09750,0.01966,3.08196,1.84624,0.10019,0.00060,0.00012,
19.933,5.09500,0.01986,1.74109,0.00082,0.10121,0.00060,0.00012,
19.934,5.09500,0.02112,1.72561,0.00815,0.10760,0.00060,0.00012,
19.935,5.09750,0.02112,0.36680,1.78185,0.10765,0.00060,0.00012,
19.936,5.09500,0.01924,2.17718,1.18274,0.09801,0.00060,0.00012,
19.937,5.10000,0.02007,1.83891,0.11249,0.10238,0.00060,0.00012,
19.938,5.09875,0.02028,3.06729,0.01956,0.10342,0.00060,0.00012,
19.939,5.09500,0.02049,3.16429,0.01141,0.10441,0.00060,0.00012,
19.940,5.09875,0.01903,2.91975,1.35391,0.09702,0.00060,0.00012,
19.941,5.09875,0.02007,2.91975,1.35391,0.10235,0.00060,0.00012,
19.942,5.09750,0.02049,3.07544,0.12471,0.10446,0.00060,0.00012,
19.943,5.09750,0.01966,3.07544,0.12471,0.10019,0.00060,0.00012,
19.944,5.09625,0.01966,3.07070,0.02364,0.10017,0.00060,0.00012,
19.945,5.09625,0.02007,0.70511,1.49826,0.10230,0.00060,0.00012,
19.946,5.09875,0.02154,1.59119,2.84898,0.10981,0.00060,0.00012,
19.947,5.09500,0.02028,3.09026,0.38720,0.10334,0.00060,0.00012,
19.948,5.09500,0.02070,3.08863,0.22498,0.10547,0.00060,0.00012,
19.949,5.09625,0.02133,2.11615,0.00000,0.10869,0.00060,0.00012,
19.950,5.09875,0.02154,3.05195,1.20888,0.10981,0.00060,0.00012,
19.951,5.09625,0.01986,1.33278,1.45995,0.10123,0.00060,0.00012,
19.952,5.09625,0.02070,3.09597,0.72386,0.10550,0.00060,0.00012,
19.953,5.09625,0.02070,3.06825,0.03179,0.10550,0.00060,0.00012,
19.954,5.09875,0.02091,3.06825,0.03179,0.10661,0.00060,0.00012,
19.955,5.09375,0.02028,3.09105,0.39535,0.10331,0.00060,0.00012,
19.956,5.09500,0.02112,0.45567,0.90482,0.10760,0.00060,0.00012,
19.957,5.09750,0.02154,2.16585,1.23088,0.10979,0.00060,0.00012,
19.958,5.09875,0.01986,3.09349,0.62114,0.10128,0.00060,0.00012,
19.959,5.09750,0.02007,3.09512,0.40839,0.10233,0.00060,0.00012,
19.960,5.09750,0.02154,1.63111,0.00978,0.10979,0.00060,0.00012,
19.961,5.09750,0.02028,2.65576,2.58729,0.10339,0.00060,0.00012,
19.962,5.09750,0.02028,3.08697,0.23476,0.10339,0.00060,0.00012,
19.963,5.09625,0.01966,1.58791,0.00245,0.10017,0.00060,0.00012,
19.964,5.09750,0.02112,3.08208,0.05054,0.10765,0.00060,0.00012,
19.965,5.09500,0.01966,3.08208,0.05054,0.10014,0.00060,0.00012,
19.966,5.09500,0.01924,0.42957,1.36942,0.09801,0.00060,0.00012,
19.967,5.09750,0.01986,2.39648,0.00978,0.10126,0.00060,0.00012,
19.968,5.09750,0.01986,3.09586,0.90724,0.10126,0.00060,0.00012,
19.969,5.09875,0.01986,3.08690,1.54060,0.10128,0.00060,0.00012,
19.970,5.09875,0.02007,2.63613,2.67933,0.10235,0.00060,0.00012,
19.971,5.09750,0.02007,1.97017,1.56586,0.10233,0.00060,0.00012,
19.972,5.09750,0.02028,2.27584,2.45273,0.10339,0.00060,0.00012,
19.973,5.09750,0.02007,3.06570,0.01386,0.10233,0.00060,0.00012,
19.974,5.09625,0.02028,1.34333,1.46886,0.10337,0.00060,0.00012,
19.975,5.09875,0.01945,3.06896,0.01793,0.09915,0.00060,0.00012,
19.976,5.10125,0.01924,3.06896,0.01793,0.09813,0.00060,0.00012,
19.977,5.09750,0.02007,2.74200,0.84933,0.10233,0.00060,0.00012,
19.978,5.09625,0.02070,3.19927,0.01304,0.10550,0.00060,0.00012,
19.979,5.09625,0.02112,2.78927,1.93016,0.10763,0.00060,0.00012,
19.980,5.09750,0.02112,3.09330,0.57220,0.10765,0.00060,0.00012,
19.981,5.09625,0.02007,2.11437,0.00489,0.10230,0.00060,0.00012,
19.982,5.09625,0.02133,3.07374,0.05543,0.10869,0.00060,0.00012,
19.983,5.10125,0.02112,3.05173,0.01793,0.10773,0.00060,0.00012,
19.984,5.09750,0.01986,2.84470,1.69704,0.10126,0.00060,0.00012,
19.985,5.09750,0.02133,3.13650,0.00815,0.10872,0.00060,0.00012,
19.986,5.09750,0.02112,3.09086,0.40021,0.10765,0.00060,0.00012,
19.987,5.09750,0.02007,3.09086,0.40021,0.10233,0.00060,0.00012,
19.988,5.09750,0.02007,1.34818,0.02282,0.10233,0.00060,0.00012,
19.989,5.10000,0.02007,3.08760,0.41652,0.10238,0.00060,0.00012,
19.990,5.09625,0.02070,2.97675,1.05393,0.10550,0.00060,0.00012,
19.991,5.09750,0.01945,3.06397,1.52668,0.09913,0.00060,0.00012,
19.992,5.09750,0.01986,0.40755,1.17619,0.10126,0.00060,0.00012,
19.993,5.09750,0.01945,3.03055,0.86971,0.09913,0.00060,0.00012,
19.994,5.09875,0.01945,3.08679,1.04659,0.09915,0.00060,0.00012,
19.995,5.09625,0.01986,3.07293,0.04646,0.10123,0.00060,0.00012,
19.996,5.09750,0.01966,1.64732,0.00326,0.10019,0.00060,0.00012,
19.997,5.09750,0.02112,2.68005,2.46405,0.10765,0.00060,0.00012,
19.998,5.09750,0.02112,2.68005,2.46405,0.10765,0.00060,0.00012,
19.999,5.09625,0.01986,2.31081,0.19725,0.10123,0.00060,0.00012,
20.000,5.09625,0.01903,3.07783,0.10352,0.09697,0.00060,0.00012,
20.001,5.09750,0.02070,3.08190,1.81116,0.10552,0.00060,0.00012,
20.002,5.09750,0.02007,2.46976,1.73535,0.10233,0.00060,0.00012,
20.003,5.09500,0.02028,0.58606,0.90150,0.10334,0.00060,0.00012,
20.004,5.09250,0.02133,2.71022,2.26598,0.10861,0.00060,0.00012,
20.005,5.09500,0.01986,2.17877,0.00163,0.10121,0.00060,0.00012,
20.006,5.09750,0.02007,2.99387,0.95775,0.10233,0.00060,0.00012,
20.007,5.09750,0.02112,0.49721,1.22510,0.10765,0.00060,0.00012,
20.008,5.09625,0.02112,1.71416,0.95856,0.10763,0.00060,0.00012,
20.009,5.09625,0.02070,1.71416,0.95856,0.10550,0.00060,0.00012,
20.010,5.10000,0.01945,2.41436,1.89351,0.09918,0.00060,0.00012,
20.011,5.09625,0.01986,3.09091,0.23475,0.10123,0.00060,0.00012,
20.012,5.09625,0.02091,2.95152,1.19659,0.10656,0.00060,0.00012,
20.013,5.09500,0.01924,2.93196,1.25935,0.09801,0.00060,0.00012,
20.014,5.10125,0.01945,1.48840,1.20311,0.09920,0.00060,0.00012,
20.015,5.09750,0.02049,0.55020,1.02052,0.10446,0.00060,0.00012,
20.016,5.09750,0.02049,3.07950,0.08233,0.10446,0.00060,0.00012,
20.017,5.09750,0.01924,3.09009,0.72953,0.09806,0.00060,0.00012,
20.018,5.09750,0.01945,2.36872,2.61162,0.09913,0.00060,0.00012,
20.019,5.09625,0.02070,0.38962,1.70114,0.10550,0.00060,0.00012,
20.020,5.10000,0.02028,0.38962,1.70114,0.10344,0.00060,0.00012,
20.021,5.09750,0.02007,3.19118,0.00571,0.10233,0.00060,0.00012,
20.022,5.09750,0.01966,3.08684,0.37577,0.10019,0.00060,0.00012,
20.023,5.09875,0.02028,3.05179,0.00815,0.10342,0.00060,0.00012,
20.024,5.09750,0.01861,0.65372,0.76784,0.09486,0.00060,0.00012,
20.025,5.09750,0.01966,3.10559,0.00815,0.10019,0.00060,0.00012,
20.026,5.09875,0.01966,3.07625,0.07418,0.10022,0.00060,0.00012,
20.027,5.09625,0.02112,3.08766,0.39941,0.10763,0.00060,0.00012,
20.028,5.09750,0.02028,0.38881,1.25120,0.10339,0.00060,0.00012,
20.029,5.09375,0.02070,1.90411,0.15650,0.10545,0.00060,0.00012,
20.030,5.09875,0.02091,2.21385,2.85616,0.10661,0.00060,0.00012,
20.031,5.09750,0.02049,2.21385,2.85616,0.10446,0.00060,0.00012,
20.032,5.09875,0.02049,2.75848,2.13978,0.10448,0.00060,0.00012,
20.033,5.09750,0.02007,2.92070,1.34175,0.10233,0.00060,0.00012,
20.034,5.09750,0.01924,2.41041,2.63866,0.09806,0.00060,0.00012,
20.035,5.09875,0.01924,1.41918,1.57814,0.09809,0.00060,0.00012,
20.036,5.09500,0.01966,1.48684,0.14917,0.10014,0.00060,0.00012,
20.037,5.09375,0.01986,0.62848,0.82738,0.10118,0.00060,0.00012,
20.038,5.09625,0.02028,1.37272,1.12491,0.10337,0.00060,0.00012,
20.039,5.09750,0.01966,2.12103,2.57018,0.10019,0.00060,0.00012,
20.040,5.10000,0.02049,2.21233,2.49763,0.10451,0.00060,0.00012,
20.041,5.09500,0.01966,3.08047,0.15651,0.10014,0.00060,0.00012,
20.042,5.09500,0.02049,3.08047,0.15651,0.10441,0.00060,0.00012,
20.043,5.09500,0.02028,1.83573,0.61870,0.10334,0.00060,0.00012,
20.044,5.09875,0.02028,0.96759,2.43568,0.10342,0.00060,0.00012,
20.045,5.09875,0.02070,1.75910,0.00408,0.10555,0.00060,0.00012,
20.046,5.09625,0.02133,2.76582,0.52904,0.10869,0.00060,0.00012,
20.047,5.09875,0.02028,2.92396,1.29936,0.10342,0.00060,0.00012,
20.048,5.09625,0.02028,1.05236,2.30037,0.10337,0.00060,0.00012,
20.049,5.09875,0.02070,0.36356,1.85203,0.10555,0.00060,0.00012,
20.050,5.09750,0.02070,2.92315,1.34174,0.10552,0.00060,0.00012,
20.051,5.09750,0.02112,1.65150,2.59382,0.10765,0.00060,0.00012,
20.052,5.09750,0.02133,1.93762,2.72506,0.10872,0.00060,0.00012,
20.053,5.09750,0.02133,1.93762,2.72506,0.10872,0.00060,0.00012,
20.054,5.09875,0.01986,2.02322,1.01161,0.10128,0.00060,0.00012,
20.055,5.09875,0.02112,0.68147,1.88383,0.10768,0.00060,0.00012,
20.056,5.09625,0.02070,3.09108,0.89341,0.10550,0.00060,0.00012,
20.057,5.09875,0.02028,2.11370,1.93029,0.10342,0.00060,0.00012,
20.058,5.09625,0.02112,2.34113,2.53351,0.10763,0.00060,0.00012,
20.059,5.09750,0.02112,2.98755,0.99286,0.10765,0.00060,0.00012,
20.060,5.09875,0.01924,2.76746,2.05175,0.09809,0.00060,0.00012,
20.061,5.09875,0.02028,3.09189,0.52333,0.10342,0.00060,0.00012,
20.062,5.09500,0.02028,0.99123,1.09068,0.10334,0.00060,0.00012,
20.063,5.09625,0.02070,3.05195,0.01141,0.10550,0.00060,0.00012,
20.064,5.09750,0.02049,3.05195,0.01141,0.10446,0.00060,0.00012,
20.065,5.09875,0.01903,2.97450,1.08253,0.09702,0.00060,0.00012,
20.066,5.09750,0.02070,1.31566,0.00000,0.10552,0.00060,0.00012,
20.067,5.09875,0.01945,2.47807,2.69490,0.09915,0.00060,0.00012,
20.068,5.09375,0.01945,1.01976,1.12818,0.09905,0.00060,0.00012,
20.069,5.09625,0.02028,0.44344,1.98164,0.10337,0.00060,0.00012,
20.070,5.09625,0.02028,3.04135,1.02628,0.10337,0.00060,0.00012,
20.071,5.09500,0.02028,3.09515,0.87792,0.10334,0.00060,0.00012,
20.072,5.09500,0.01966,0.62849,1.28550,0.10014,0.00060,0.00012,
20.073,5.09625,0.02070,0.40269,1.29773,0.10550,0.00060,0.00012,
20.074,5.09500,0.02007,0.41981,1.34419,0.10227,0.00060,0.00012,
20.075,5.09250,0.02070,0.41981,1.34419,0.10542,0.00060,0.00012,
20.076,5.09625,0.01945,2.70061,2.35580,0.09910,0.00060,0.00012,
20.077,5.09750,0.02070,3.08944,0.62278,0.10552,0.00060,0.00012,
20.078,5.09750,0.02070,2.50009,2.71284,0.10552,0.00060,0.00012,
20.079,5.09750,0.01986,3.08944,0.80864,0.10126,0.00060,0.00012,
20.080,5.10125,0.01986,2.93538,1.26675,0.10133,0.00060,0.00012,
20.081,5.09625,0.02007,3.09597,0.72957,0.10230,0.00060,0.00012,
20.082,5.09625,0.02091,0.87955,1.76155,0.10656,0.00060,0.00012,
20.083,5.09750,0.01986,2.57753,2.87506,0.10126,0.00060,0.00012,
20.084,5.09625,0.02112,2.14142,2.43895,0.10763,0.00060,0.00012,
20.085,5.09875,0.02112,0.63338,0.78337,0.10768,0.00060,0.00012,
20.086,5.09875,0.02028,0.63338,0.78337,0.10342,0.00060,0.00012,
20.087,5.10000,0.02112,1.90096,0.31791,0.10771,0.00060,0.00012,
20.088,5.10000,0.02070,2.74220,2.15855,0.10557,0.00060,0.00012,
20.089,5.09750,0.02070,1.46321,2.64438,0.10552,0.00060,0.00012,
20.090,5.09625,0.01945,1.23578,1.36784,0.09910,0.00060,0.00012,
20.091,5.09875,0.02049,2.39331,2.93539,0.10448,0.00060,0.00012,
20.092,5.09500,0.02007,2.49521,2.70552,0.10227,0.00060,0.00012,
20.093,5.09500,0.02007,0.37742,1.74689,0.10227,0.00060,0.00012,
20.094,5.09750,0.01882,2.15121,2.43489,0.09593,0.00060,0.00012,
20.095,5.09750,0.01986,1.92704,0.00489,0.10126,0.00060,0.00012,
20.096,5.09625,0.01966,3.08946,0.38313,0.10017,0.00060,0.00012,
20.097,5.09625,0.01945,3.08946,0.38313,0.09910,0.00060,0.00012,
20.098,5.09750,0.01945,1.90749,1.38986,0.09913,0.00060,0.00012,
20.099,5.09625,0.01945,2.86530,1.60180,0.09910,0.00060,0.00012,
20.100,5.09750,0.02049,3.09273,0.54698,0.10446,0.00060,0.00012,
20.101,5.09500,0.02007,3.07480,0.04646,0.10227,0.00060,0.00012,
20.102,5.10000,0.01903,2.10802,2.81150,0.09704,0.00060,0.00012,
20.103,5.09750,0.02049,2.10802,2.81150,0.10446,0.00060,0.00012,
20.104,5.09625,0.02070,3.05198,0.01141,0.10550,0.00060,0.00012,
20.105,5.09875,0.01966,0.56328,0.96189,0.10022,0.00060,0.00012,
20.106,5.09875,0.02112,3.07236,0.04239,0.10768,0.00060,0.00012,
20.107,5.09750,0.02112,2.54087,2.93459,0.10765,0.00060,0.00012,
20.108,5.09625,0.02112,0.63175,2.11861,0.10763,0.00060,0.00012,
20.109,5.09875,0.02028,0.63175,2.11861,0.10342,0.00060,0.00012,
20.110,5.09875,0.02007,1.37029,0.16711,0.10235,0.00060,0.00012,
20.111,5.09500,0.02091,3.06338,1.45018,0.10654,0.00060,0.00012,
20.112,5.09875,0.02007,1.31812,1.16731,0.10235,0.00060,0.00012,
20.113,5.09625,0.01966,0.94151,1.06216,0.10017,0.00060,0.00012,
20.114,5.09875,0.02049,3.10822,1.20481,0.10448,0.00060,0.00012,
20.115,5.09875,0.02028,0.74914,1.42083,0.10342,0.00060,0.00012,
20.116,5.09750,0.02028,0.59670,0.86326,0.10339,0.00060,0.00012,
20.117,5.09750,0.01945,1.47952,1.60261,0.09913,0.00060,0.00012,
20.118,5.09625,0.02007,0.67496,0.76707,0.10230,0.00060,0.00012,
20.119,5.09750,0.02049,1.02629,1.14286,0.10446,0.00060,0.00012,
20.120,5.09625,0.01966,1.02629,1.14286,0.10017,0.00060,0.00012,
20.121,5.09750,0.01986,1.74931,1.36375,0.10126,0.00060,0.00012,
20.122,5.09625,0.02007,3.08942,0.18748,0.10230,0.00060,0.00012,
20.123,5.09750,0.01903,2.92394,2.11531,0.09700,0.00060,0.00012,
20.124,5.09750,0.01986,2.09412,2.79841,0.10126,0.00060,0.00012,
20.125,5.09750,0.01986,2.85955,2.32562,0.10126,0.00060,0.00012,
20.126,5.09625,0.02028,2.99486,0.99693,0.10337,0.00060,0.00012,
20.127,5.09750,0.01966,2.24085,2.52289,0.10019,0.00060,0.00012,
20.128,5.09750,0.02007,1.18441,1.73301,0.10233,0.00060,0.00012,
20.129,5.09500,0.02028,0.88118,0.98389,0.10334,0.00060,0.00012,
20.130,5.09625,0.02049,2.85139,1.69551,0.10443,0.00060,0.00012,
20.131,5.09875,0.02007,2.85139,1.69551,0.10235,0.00060,0.00012,
20.132,5.09500,0.02049,2.11443,0.29181,0.10441,0.00060,0.00012,
20.133,5.09625,0.02091,2.11769,0.00000,0.10656,0.00060,0.00012,
20.134,5.09625,0.02091,3.08117,1.87315,0.10656,0.00060,0.00012,
20.135,5.09875,0.01966,2.86597,0.00326,0.10022,0.00060,0.00012,
20.136,5.09625,0.02091,1.76230,1.24632,0.10656,0.00060,0.00012,
20.137,5.09750,0.01966,1.60661,1.68894,0.10019,0.00060,0.00012,
20.138,5.09500,0.01945,0.64069,2.12584,0.09908,0.00060,0.00012,
20.139,5.09750,0.01986,1.30175,1.72643,0.10126,0.00060,0.00012,
20.140,5.09875,0.02091,1.71909,1.38082,0.10661,0.00060,0.00012,
20.141,5.09500,0.02070,1.82588,1.98890,0.10547,0.00060,0.00012,
20.142,5.09500,0.02091,1.82588,1.98890,0.10654,0.00060,0.00012,
20.143,5.09750,0.02133,3.05662,0.00978,0.10872,0.00060,0.00012,
20.144,5.09500,0.02133,3.04358,1.00257,0.10867,0.00060,0.00012,
20.145,5.09875,0.02154,1.53483,1.04414,0.10981,0.00060,0.00012,
20.146,5.09750,0.02007,0.71077,1.79159,0.10233,0.00060,0.00012,
20.147,5.09750,0.02112,1.98232,2.31406,0.10765,0.00060,0.00012,
20.148,5.09875,0.02112,3.07211,0.00978,0.10768,0.00060,0.00012,
20.149,5.09750,0.02028,2.11763,2.90257,0.10339,0.00060,0.00012,
20.150,5.09875,0.02070,1.53728,0.16302,0.10555,0.00060,0.00012,
20.151,5.10000,0.02070,1.61797,1.00746,0.10557,0.00060,0.00012,
20.152,5.10000,0.02070,1.40115,0.02853,0.10557,0.00060,0.00012,
20.153,5.09625,0.02007,1.40115,0.02853,0.10230,0.00060,0.00012,
20.154,5.09500,0.02049,1.41092,0.16220,0.10441,0.00060,0.00012,
20.155,5.09875,0.02133,0.93083,0.79145,0.10875,0.00060,0.00012,
20.156,5.09875,0.02070,1.92768,2.27247,0.10555,0.00060,0.00012,
20.157,5.09750,0.01924,0.38880,1.23812,0.09806,0.00060,0.00012,
20.158,5.09625,0.02091,3.08837,0.38880,0.10656,0.00060,0.00012,
20.159,5.09125,0.01924,2.17873,2.46727,0.09794,0.00060,0.00012,
20.160,5.09750,0.01966,1.00011,1.55274,0.10019,0.00060,0.00012,
20.161,5.09750,0.02028,1.76711,1.63425,0.10339,0.00060,0.00012,
20.162,5.09500,0.02028,1.82580,1.99941,0.10334,0.00060,0.00012,
20.163,5.09750,0.01903,1.00011,1.56823,0.09700,0.00060,0.00012,
20.164,5.09500,0.01966,1.00011,1.56823,0.10014,0.00060,0.00012,
20.165,5.09875,0.02007,2.49255,2.70202,0.10235,0.00060,0.00012,
20.166,5.09500,0.01945,0.89986,1.71739,0.09908,0.00060,0.00012,
20.167,5.09750,0.02028,0.94224,1.64567,0.10339,0.00060,0.00012,
20.168,5.09625,0.01945,3.08512,0.30077,0.09910,0.00060,0.00012,
20.169,5.09875,0.02028,1.98067,2.31160,0.10342,0.00060,0.00012,
20.170,5.09875,0.02112,0.69038,2.05892,0.10768,0.00060,0.00012,
20.171,5.09750,0.02112,0.65207,0.76863,0.10765,0.00060,0.00012,
20.172,5.09875,0.01986,0.95447,0.44422,0.10128,0.00060,0.00012,
20.173,5.09750,0.02049,1.05636,1.16232,0.10446,0.00060,0.00012,
20.174,5.09500,0.02133,2.42408,1.66930,0.10867,0.00060,0.00012,
20.175,5.09625,0.01986,2.42408,1.66930,0.10123,0.00060,0.00012,
20.176,5.09875,0.02133,2.21134,1.87145,0.10875,0.00060,0.00012,
20.177,5.09750,0.02112,1.05554,2.30426,0.10765,0.00060,0.00012,
20.178,5.09875,0.02007,0.61947,0.80694,0.10235,0.00060,0.00012,
20.179,5.09875,0.02091,1.83232,1.45738,0.10661,0.00060,0.00012,
20.180,5.09625,0.02091,1.67338,0.96344,0.10656,0.00060,0.00012,
20.181,5.09625,0.02049,1.76711,1.40358,0.10443,0.00060,0.00012,
20.182,5.10125,0.02028,2.26758,1.76793,0.10347,0.00060,0.00012,
20.183,5.09625,0.01986,3.04843,0.02119,0.10123,0.00060,0.00012,
20.184,5.09625,0.02091,0.39939,1.26013,0.10656,0.00060,0.00012,
20.185,5.09750,0.02007,3.06800,0.02608,0.10233,0.00060,0.00012,
20.186,5.09500,0.01986,3.06800,0.02608,0.10121,0.00060,0.00012,
20.187,5.09750,0.02007,1.61959,1.23568,0.10233,0.00060,0.00012,
20.188,5.09750,0.01924,3.06801,0.02527,0.09806,0.00060,0.00012,
20.189,5.09625,0.01924,1.65138,0.41733,0.09804,0.00060,0.00012,
20.190,5.09625,0.01924,0.80450,1.39788,0.09804,0.00060,0.00012,
20.191,5.10000,0.02007,1.92281,0.91290,0.10238,0.00060,0.00012,
20.192,5.09875,0.01945,0.66675,1.51526,0.09915,0.00060,0.00012,
20.193,5.09500,0.01986,1.84945,2.01573,0.10121,0.00060,0.00012,
20.194,5.09875,0.02007,0.70261,1.32860,0.10235,0.00060,0.00012,
20.195,5.09625,0.02070,1.91302,0.00163,0.10550,0.00060,0.00012,
20.196,5.09625,0.01945,1.99779,0.12389,0.09910,0.00060,0.00012,
20.197,5.09625,0.02007,1.99779,0.12389,0.10230,0.00060,0.00012,
20.198,5.09875,0.02007,0.64230,1.37507,0.10235,0.00060,0.00012,
20.199,5.09625,0.02070,2.99466,0.96100,0.10550,0.00060,0.00012,
20.200,5.09500,0.02028,0.39940,1.26258,0.10334,0.00060,0.00012,
20.201,5.09875,0.02007,0.93247,1.65628,0.10235,0.00060,0.00012,
20.202,5.09875,0.02070,0.71565,0.80205,0.10555,0.00060,0.00012,
20.203,5.09875,0.02112,1.38648,2.08665,0.10768,0.00060,0.00012,
20.204,5.09625,0.02049,2.32302,2.53006,0.10443,0.00060,0.00012,
20.205,5.09750,0.01903,2.00025,0.00489,0.09700,0.00060,0.00012,
20.206,5.09750,0.02070,2.42573,1.90080,0.10552,0.00060,0.00012,
20.207,5.09375,0.02070,0.92350,1.52097,0.10545,0.00060,0.00012,
20.208,5.09750,0.01903,0.92350,1.52097,0.09700,0.00060,0.00012,
20.209,5.09625,0.02049,2.50807,0.81103,0.10443,0.00060,0.00012,
20.210,5.09625,0.02028,0.98301,2.26680,0.10337,0.00060,0.00012,
20.211,5.09750,0.01903,0.64230,1.37589,0.09700,0.00060,0.00012,
20.212,5.09875,0.01945,1.35226,0.17117,0.09915,0.00060,0.00012,
20.213,5.10000,0.02091,2.49584,2.70940,0.10664,0.00060,0.00012,
20.214,5.09875,0.01966,1.98151,0.12879,0.10022,0.00061,0.00012,
20.215,5.09875,0.02049,1.31232,2.43390,0.10448,0.00061,0.00012,
20.216,5.09500,0.02049,1.38894,2.01656,0.10441,0.00061,0.00012,
20.217,5.09875,0.01986,3.13489,0.96345,0.10128,0.00061,0.00012,
20.218,5.09500,0.01986,3.08190,0.14509,0.10121,0.00061,0.00012,
20.219,5.09375,0.01945,3.08190,0.14509,0.09905,0.00061,0.00012,
20.220,5.09750,0.02007,1.55603,1.80871,0.10233,0.00061,0.00012,
20.221,5.09750,0.01966,1.38241,0.04157,0.10019,0.00061,0.00012,
20.222,5.09875,0.01945,3.09657,0.68306,0.09915,0.00061,0.00012,
20.223,5.09750,0.02007,3.05256,0.01549,0.10233,0.00061,0.00012,
20.224,5.09750,0.02028,1.08979,0.53308,0.10339,0.00061,0.00012,
20.225,5.09625,0.02028,1.57396,0.00652,0.10337,0.00061,0.00012,
20.226,5.09750,0.01986,1.77285,1.42235,0.10126,0.00061,0.00012,
20.227,5.09875,0.01924,1.04170,1.47452,0.09809,0.00061,0.00012,
20.228,5.09875,0.02049,1.67585,2.60751,0.10448,0.00061,0.00012,
20.229,5.09625,0.02091,2.50562,1.37019,0.10656,0.00061,0.00012,
20.230,5.09750,0.01966,2.50562,1.37019,0.10019,0.00061,0.00012,
20.231,5.09875,0.02091,2.21219,1.86414,0.10661,0.00061,0.00012,
20.232,5.09875,0.02133,0.89499,1.10121,0.10875,0.00061,0.00012,
20.233,5.09875,0.02007,3.06968,0.04402,0.10235,0.00061,0.00012,
20.234,5.09875,0.02007,1.78752,1.61635,0.10235,0.00061,0.00012,
20.235,5.09750,0.02091,3.07376,0.05461,0.10659,0.00061,0.00012,
20.236,5.09500,0.02175,1.30091,1.72395,0.11080,0.00061,0.00012,
20.237,5.09750,0.02007,2.27822,2.55291,0.10233,0.00061,0.00012,
20.238,5.09875,0.02049,3.11533,1.13544,0.10448,0.00061,0.00012,
20.239,5.09625,0.02049,1.75003,0.14346,0.10443,0.00061,0.00012,
20.240,5.09750,0.02028,2.51052,1.81768,0.10339,0.00061,0.00012,
20.241,5.09500,0.02070,2.51052,1.81768,0.10547,0.00061,0.00012,
20.242,5.09500,0.02133,2.76159,1.47616,0.10867,0.00061,0.00012,
20.243,5.09750,0.02133,2.63769,2.62546,0.10872,0.00061,0.00012,
20.244,5.09750,0.02070,1.13545,1.30499,0.10552,0.00061,0.00012,
20.245,5.09625,0.02091,3.08355,0.31708,0.10656,0.00061,0.00012,
20.246,5.09500,0.02175,1.79324,0.00245,0.11080,0.00061,0.00012,
20.247,5.09750,0.02154,1.80465,2.17960,0.10979,0.00061,0.00012,
20.248,5.09625,0.01986,2.45918,0.81266,0.10123,0.00061,0.00012,
20.249,5.09375,0.02070,1.86823,0.15976,0.10545,0.00061,0.00012,
20.250,5.09875,0.02070,2.29616,2.55699,0.10555,0.00061,0.00012,
20.251,5.09875,0.02007,2.60590,1.19658,0.10235,0.00061,0.00012,
20.252,5.09500,0.02007,2.60590,1.19658,0.10227,0.00061,0.00012,
20.253,5.09375,0.02112,1.54546,1.04987,0.10758,0.00061,0.00012,
20.254,5.09875,0.02112,2.71190,0.00571,0.10768,0.00061,0.00012,
20.255,5.09500,0.02070,3.06892,0.04157,0.10547,0.00061,0.00012,
20.256,5.10000,0.01966,1.85521,0.03097,0.10024,0.00061,0.00012,
20.257,5.09875,0.02133,2.03127,1.60252,0.10875,0.00061,0.00012,
20.258,5.09750,0.02049,2.44943,2.96051,0.10446,0.00061,0.00012,
20.259,5.09625,0.02070,1.62127,0.44831,0.10550,0.00061,0.00012,
20.260,5.09625,0.02112,0.64965,1.35391,0.10763,0.00061,0.00012,
20.261,5.09500,0.02112,1.92938,0.09537,0.10760,0.00061,0.00012,
20.262,5.09625,0.01945,1.95547,0.92842,0.09910,0.00061,0.00012,
20.263,5.09625,0.02091,1.95547,0.92842,0.10656,0.00061,0.00012,
20.264,5.09625,0.02028,2.08589,1.30826,0.10337,0.00061,0.00012,
20.265,5.09625,0.01945,2.08589,1.30826,0.09910,0.00061,0.00012,
20.266,5.09875,0.01986,1.28381,1.61964,0.10128,0.00061,0.00012,
20.267,5.09625,0.02049,1.82505,1.45743,0.10443,0.00061,0.00012,
20.268,5.09500,0.02007,3.08929,0.24780,0.10227,0.00061,0.00012,
20.269,5.09500,0.01945,1.36614,0.06521,0.09908,0.00061,0.00012,
20.270,5.09750,0.01945,0.80289,1.47047,0.09913,0.00061,0.00012,
20.271,5.09625,0.01882,0.44587,1.42890,0.09591,0.00061,0.00012,
20.272,5.09625,0.02133,0.93086,1.51041,0.10869,0.00061,0.00012,
20.273,5.09375,0.02091,3.05750,0.02038,0.10651,0.00061,0.00012,
20.274,5.09625,0.01945,0.53798,1.72153,0.09910,0.00061,0.00012,
20.275,5.09500,0.02091,0.53798,1.72153,0.10654,0.00061,0.00012,
20.276,5.09500,0.02070,2.04920,2.96049,0.10547,0.00061,0.00012,
20.277,5.09750,0.02007,2.23830,0.00489,0.10233,0.00061,0.00012,
20.278,5.09750,0.02112,1.86742,2.30677,0.10765,0.00061,0.00012,
20.279,5.09500,0.02112,0.41652,1.33027,0.10760,0.00061,0.00012,
20.280,5.09625,0.02112,0.42386,1.32211,0.10763,0.00061,0.00012,
20.281,5.09250,0.02028,2.32552,2.70373,0.10329,0.00061,0.00012,
20.282,5.09875,0.02112,2.24971,1.37836,0.10768,0.00061,0.00012,
20.283,5.09500,0.02091,3.09254,0.54857,0.10654,0.00061,0.00012,
20.284,5.09875,0.01986,0.92678,0.58933,0.10128,0.00061,0.00012,
20.285,5.09625,0.02133,2.89691,2.77709,0.10869,0.00061,0.00012,
20.286,5.09750,0.02070,2.89691,2.77709,0.10552,0.00061,0.00012,
20.287,5.09500,0.02007,2.36292,1.64728,0.10227,0.00061,0.00012,
20.288,5.09500,0.02007,1.40683,1.53479,0.10227,0.00061,0.00012,
20.289,5.09625,0.02112,0.77759,0.86643,0.10763,0.00061,0.00012,
20.290,5.09500,0.02091,0.71564,1.15904,0.10654,0.00061,0.00012,
20.291,5.09750,0.02091,1.31472,1.43291,0.10659,0.00061,0.00012,
20.292,5.09625,0.02133,0.48090,1.53235,0.10869,0.00061,0.00012,
20.293,5.09500,0.01986,3.05247,0.01875,0.10121,0.00061,0.00012,
20.294,5.09250,0.01966,2.68569,2.24554,0.10010,0.00061,0.00012,
20.295,5.10000,0.02007,2.19256,0.00245,0.10238,0.00061,0.00012,
20.296,5.10000,0.02007,0.69689,1.24218,0.10238,0.00061,0.00012,
20.297,5.10000,0.02007,0.69689,1.24218,0.10238,0.00061,0.00012,
20.298,5.09500,0.02007,1.88189,0.13448,0.10227,0.00061,0.00012,
20.299,5.09625,0.01966,3.08894,1.47356,0.10017,0.00061,0.00012,
20.300,5.09500,0.01986,0.86881,1.47438,0.10121,0.00061,0.00012,
20.301,5.09875,0.01986,2.92023,2.09950,0.10128,0.00061,0.00012,
20.302,5.09750,0.01924,1.30485,0.02364,0.09806,0.00061,0.00012,
20.303,5.09625,0.02007,3.05797,0.01630,0.10230,0.00061,0.00012,
20.304,5.09625,0.02112,0.98618,1.16956,0.10763,0.00061,0.00012,
20.305,5.09750,0.02133,1.30974,1.45074,0.10872,0.00061,0.00012,
20.306,5.09750,0.02133,1.36272,0.05868,0.10872,0.00061,0.00012,
20.307,5.09375,0.02007,1.55995,0.07824,0.10225,0.00061,0.00012,
20.308,5.09500,0.02070,1.55995,0.07824,0.10547,0.00061,0.00012,
20.309,5.09625,0.02112,1.92423,1.22659,0.10763,0.00061,0.00012,
20.310,5.09375,0.02049,1.07499,2.48659,0.10438,0.00061,0.00012,
20.311,5.09875,0.02028,1.22577,1.35210,0.10342,0.00061,0.00012,
20.312,5.09625,0.02112,1.83621,0.03097,0.10763,0.00061,0.00012,
20.313,5.09750,0.01945,3.05302,0.02038,0.09913,0.00061,0.00012,
20.314,5.09625,0.02007,1.30564,0.14915,0.10230,0.00061,0.00012,
20.315,5.09625,0.02070,1.88837,0.00245,0.10550,0.00061,0.00012,
20.316,5.09750,0.02070,1.19399,1.25348,0.10552,0.00061,0.00012,
20.317,5.09500,0.01986,1.02283,0.25265,0.10121,0.00061,0.00012,
20.318,5.09875,0.02049,1.93646,0.02853,0.10448,0.00061,0.00012,
20.319,5.09625,0.02070,1.93646,0.02853,0.10550,0.00061,0.00012,
20.320,5.09750,0.01945,1.45968,1.81339,0.09913,0.00061,0.00012,
20.321,5.09875,0.02028,0.47922,1.53547,0.10342,0.00061,0.00012,
20.322,5.09500,0.02049,1.38388,0.02282,0.10441,0.00061,0.00012,
20.323,5.09875,0.01945,3.05383,0.01712,0.09915,0.00061,0.00012,
20.324,5.09875,0.01924,1.56318,0.14344,0.09809,0.00061,0.00012,
20.325,5.09625,0.01924,0.85983,1.02609,0.09804,0.00061,0.00012,
20.326,5.09375,0.02070,1.27223,0.05216,0.10545,0.00061,0.00012,
20.327,5.09500,0.01986,0.62756,1.44256,0.10121,0.00061,0.00012,
20.328,5.09625,0.01945,1.99106,0.18908,0.09910,0.00061,0.00012,
20.329,5.10250,0.02049,0.70091,2.05545,0.10456,0.00061,0.00012,
20.330,5.09625,0.02028,0.70091,2.05545,0.10337,0.00061,0.00012,
20.331,5.09625,0.01945,2.83787,1.77183,0.09910,0.00061,0.00012,
20.332,5.09500,0.01924,0.45722,1.46376,0.09801,0.00061,0.00012,
20.333,5.09500,0.02070,3.05221,0.01712,0.10547,0.00061,0.00012,
20.334,5.09250,0.02070,1.34966,1.16302,0.10542,0.00061,0.00012,
20.335,5.09375,0.01903,2.41325,1.84274,0.09692,0.00061,0.00012,
20.336,5.09875,0.02028,2.19727,1.90712,0.10342,0.00061,0.00012,
20.337,5.09625,0.02112,2.11658,0.02608,0.10763,0.00061,0.00012,
20.338,5.09500,0.02112,1.54526,0.14181,0.10760,0.00061,0.00012,
20.339,5.09500,0.02007,0.57703,1.85741,0.10227,0.00061,0.00012,
20.340,5.09875,0.02133,0.84598,1.81258,0.10875,0.00061,0.00012,
20.341,5.09875,0.02112,0.84598,1.81258,0.10768,0.00061,0.00012,
20.342,5.09875,0.01966,0.83947,1.06605,0.10022,0.00061,0.00012,
20.343,5.09750,0.01966,3.05551,0.01956,0.10019,0.00061,0.00012,
20.344,5.09750,0.02154,2.75966,0.84518,0.10979,0.00061,0.00012,
20.345,5.09625,0.02028,0.55584,1.25676,0.10337,0.00061,0.00012,
20.346,5.09625,0.01882,3.07263,0.07091,0.09591,0.00061,0.00012,
20.347,5.09875,0.01945,1.23150,1.17852,0.09915,0.00061,0.00012,
20.348,5.09500,0.02049,1.98131,0.29911,0.10441,0.00061,0.00012,
20.349,5.09875,0.02007,1.17689,1.70828,0.10235,0.00061,0.00012,
20.350,5.09625,0.01966,2.50293,2.97238,0.10017,0.00061,0.00012,
20.351,5.09625,0.02070,2.18833,0.20620,0.10550,0.00061,0.00012,
20.352,5.09625,0.02070,2.18833,0.20620,0.10550,0.00061,0.00012,
20.353,5.10000,0.02028,3.05473,0.01549,0.10344,0.00061,0.00012,
20.354,5.09625,0.02028,2.20303,1.29019,0.10337,0.00061,0.00012,
20.355,5.09750,0.02007,1.64310,3.03599,0.10233,0.00061,0.00012,
20.356,5.09500,0.02091,3.08978,1.23559,0.10654,0.00061,0.00012,
20.357,5.09625,0.02049,1.57790,0.15567,0.10443,0.00061,0.00012,
20.358,5.09750,0.02070,2.59995,0.66995,0.10552,0.00061,0.00012,
20.359,5.09500,0.02049,2.17450,1.15327,0.10441,0.00061,0.00012,
20.360,5.09500,0.01986,0.76613,2.03431,0.10121,0.00061,0.00012,
20.361,5.09750,0.01986,1.37659,0.02445,0.10126,0.00061,0.00012,
20.362,5.09500,0.02133,2.83875,1.79388,0.10867,0.00061,0.00012,
20.363,5.09875,0.02112,2.83875,1.79388,0.10768,0.00061,0.00012,
20.364,5.09750,0.01986,2.24800,2.61642,0.10126,0.00061,0.00012,
20.365,5.09500,0.02133,1.73042,1.80459,0.10867,0.00061,0.00012,
20.366,5.09750,0.02154,2.95223,0.86888,0.10979,0.00061,0.00012,
20.367,5.09500,0.02049,1.15090,1.52502,0.10441,0.00061,0.00012,
20.368,5.09625,0.01945,1.18595,1.57719,0.09910,0.00061,0.00012,
20.369,5.09625,0.02049,2.43058,2.64332,0.10443,0.00061,0.00012,
20.370,5.09625,0.02049,1.47693,1.08325,0.10443,0.00061,0.00012,
20.371,5.10000,0.01966,2.00429,1.59756,0.10024,0.00061,0.00012,
20.372,5.09500,0.02007,2.94164,1.99043,0.10227,0.00061,0.00012,
20.373,5.09875,0.01966,3.05330,0.01793,0.10022,0.00061,0.00012,
20.374,5.09875,0.01986,3.05330,0.01793,0.10128,0.00061,0.00012,
20.375,5.09375,0.01986,3.15540,0.00000,0.10118,0.00061,0.00012,
20.376,5.09750,0.01986,1.77700,0.16710,0.10126,0.00061,0.00012,
20.377,5.09875,0.02028,1.38736,1.48844,0.10342,0.00061,0.00012,
20.378,5.09875,0.02049,2.62556,0.76541,0.10448,0.00061,0.00012,
20.379,5.09750,0.02049,2.97607,1.82346,0.10446,0.00061,0.00012,
20.380,5.09875,0.01986,0.56000,1.78515,0.10128,0.00061,0.00012,
20.381,5.09750,0.02091,1.53654,0.16629,0.10659,0.00061,0.00012,
20.382,5.09875,0.01903,1.94166,0.92355,0.09702,0.00061,0.00012,
20.383,5.09875,0.01945,3.05351,0.01467,0.09915,0.00061,0.00012,
20.384,5.09875,0.02091,2.06882,2.95488,0.10661,0.00061,0.00012,
20.385,5.09875,0.02070,2.06882,2.95488,0.10555,0.00061,0.00012,
20.386,5.09750,0.01945,1.31168,1.43722,0.09913,0.00061,0.00012,
20.387,5.09750,0.02091,1.34673,2.01031,0.10659,0.00061,0.00012,
20.388,5.09375,0.02091,1.75434,0.14429,0.10651,0.00061,0.00012,
20.389,5.09750,0.02070,1.79347,1.94510,0.10552,0.00061,0.00012,
20.390,5.09625,0.02007,1.60515,0.62934,0.10230,0.00061,0.00012,
20.391,5.09250,0.02175,1.81629,0.54701,0.11074,0.00061,0.00012,
20.392,5.09750,0.02070,1.65977,0.37907,0.10552,0.00061,0.00012,
20.393,5.09500,0.01986,3.05623,0.02201,0.10121,0.00061,0.00012,
20.394,5.09625,0.02112,1.37037,1.78531,0.10763,0.00061,0.00012,
20.395,5.09750,0.02091,2.11792,0.00326,0.10659,0.00061,0.00012,
20.396,5.09750,0.02070,2.11792,0.00326,0.10552,0.00061,0.00012,
20.397,5.09750,0.02070,1.54727,1.73396,0.10552,0.00061,0.00012,
20.398,5.09500,0.02091,1.31657,1.65325,0.10654,0.00061,0.00012,
20.399,5.09500,0.02091,2.05596,1.06059,0.10654,0.00061,0.00012,
20.400,5.09625,0.02049,0.80869,1.41439,0.10443,0.00061,0.00012,
20.401,5.09625,0.01986,3.08721,0.82255,0.10123,0.00061,0.00012,
20.402,5.09500,0.01966,2.53368,1.73396,0.10014,0.00061,0.00012,
20.403,5.09500,0.01986,3.05541,0.02120,0.10121,0.00061,0.00012,
20.404,5.09625,0.01945,1.00108,1.31005,0.09910,0.00061,0.00012,
20.405,5.09625,0.01945,2.49781,2.97634,0.09910,0.00061,0.00012,
20.406,5.09875,0.01945,2.37227,0.88777,0.09915,0.00061,0.00012,
20.407,5.09875,0.02007,2.37227,0.88777,0.10235,0.00061,0.00012,
20.408,5.09750,0.02007,1.58396,1.82445,0.10233,0.00061,0.00012,
20.409,5.09625,0.01966,2.80679,1.84239,0.10017,0.00061,0.00012,
20.410,5.09625,0.02070,0.52092,1.67690,0.10550,0.00061,0.00012,
20.411,5.10000,0.02028,2.11874,0.30000,0.10344,0.00061,0.00012,
20.412,5.09625,0.02070,0.92282,1.20407,0.10550,0.00061,0.00012,
20.413,5.09750,0.02112,3.05461,0.02038,0.10765,0.00061,0.00012,
20.414,5.09750,0.02154,1.01413,1.18858,0.10979,0.00061,0.00012,
20.415,5.09875,0.02154,2.37146,1.77391,0.10981,0.00061,0.00012,
20.416,5.09375,0.02028,1.03940,1.37038,0.10331,0.00061,0.00012,
20.417,5.09625,0.02133,1.28886,0.02283,0.10869,0.00061,0.00012,
20.418,5.09750,0.02049,1.28886,0.02283,0.10446,0.00061,0.00012,
20.419,5.09750,0.02007,1.93614,1.45842,0.10233,0.00061,0.00012,
20.420,5.09875,0.02154,1.29375,1.19755,0.10981,0.00061,0.00012,
20.421,5.09750,0.02175,2.67391,1.22364,0.11085,0.00061,0.00012,
20.422,5.09500,0.01986,2.87853,1.94429,0.10121,0.00061,0.00012,
20.423,5.09875,0.02154,3.05543,0.02364,0.10981,0.00061,0.00012,
20.424,5.09875,0.02154,2.51413,0.87391,0.10981,0.00061,0.00012,
20.425,5.10000,0.02070,3.06358,0.01467,0.10557,0.00061,0.00012,
20.426,5.09500,0.01945,1.22119,0.04647,0.09908,0.00061,0.00012,
20.427,5.09625,0.02028,1.22119,0.04647,0.10337,0.00061,0.00012,
20.428,5.09750,0.02028,1.70380,2.10815,0.10339,0.00061,0.00012,
20.429,5.09875,0.02007,1.89212,1.46413,0.10235,0.00061,0.00012,
20.430,5.09750,0.02070,1.89212,1.46413,0.10552,0.00061,0.00012,
20.431,5.09750,0.02007,1.34187,2.02992,0.10233,0.00061,0.00012,
20.432,5.09625,0.01986,1.10627,2.32585,0.10123,0.00061,0.00012,
20.433,5.09625,0.01986,1.00273,1.57747,0.10123,0.00061,0.00012,
20.434,5.09500,0.01986,1.88889,0.61468,0.10121,0.00061,0.00012,
20.435,5.09750,0.01966,3.06771,0.01467,0.10019,0.00061,0.00012,
20.436,5.09750,0.02091,0.45408,0.94974,0.10659,0.00061,0.00012,
20.437,5.09875,0.02070,1.58970,1.83345,0.10555,0.00061,0.00012,
20.438,5.09625,0.02007,1.44948,1.81796,0.10230,0.00061,0.00012,
20.439,5.09875,0.02133,1.72177,2.55167,0.10875,0.00061,0.00012,
20.440,5.09750,0.02049,0.91143,0.55680,0.10446,0.00061,0.00012,
20.441,5.09625,0.02007,0.91143,0.55680,0.10230,0.00061,0.00012,
20.442,5.09625,0.02007,2.74976,1.46333,0.10230,0.00061,0.00012,
20.443,5.09750,0.02133,2.13915,0.11169,0.10872,0.00061,0.00012,
20.444,5.09750,0.02091,2.40410,1.62637,0.10659,0.00061,0.00012,
20.445,5.10000,0.02028,1.64757,0.00245,0.10344,0.00061,0.00012,
20.446,5.09625,0.02049,2.13100,0.00245,0.10443,0.00061,0.00012,
20.447,5.09875,0.02091,2.24187,1.10626,0.10661,0.00061,0.00012,
20.448,5.09750,0.02049,1.63371,0.15978,0.10446,0.00061,0.00012,
20.449,5.09750,0.02112,2.00545,0.03505,0.10765,0.00061,0.00012,
20.450,5.09750,0.02112,2.38372,0.85110,0.10765,0.00061,0.00012,
20.451,5.09750,0.02091,2.07475,0.11250,0.10659,0.00061,0.00012,
20.452,5.09625,0.02091,2.07475,0.11250,0.10656,0.00061,0.00012,
20.453,5.09875,0.01986,1.77063,1.58314,0.10128,0.00061,0.00012,
20.454,5.09750,0.02007,2.41139,0.90570,0.10233,0.00061,0.00012,
20.455,5.09750,0.02028,0.55027,0.95705,0.10339,0.00061,0.00012,
20.456,5.09750,0.01966,1.62145,0.52173,0.10019,0.00061,0.00012,
20.457,5.09500,0.02112,1.24890,1.21874,0.10760,0.00061,0.00012,
20.458,5.09625,0.01966,1.66303,0.43369,0.10017,0.00061,0.00012,
20.459,5.09750,0.01986,2.13585,0.26413,0.10126,0.00061,0.00012,
20.460,5.09750,0.02133,2.12932,0.27065,0.10872,0.00061,0.00012,
20.461,5.09625,0.02133,2.00786,0.09538,0.10869,0.00061,0.00012,
20.462,5.10000,0.02070,1.85541,0.54130,0.10557,0.00061,0.00012,
20.463,5.09750,0.02007,1.85541,0.54130,0.10233,0.00061,0.00012,
20.464,5.09500,0.02112,1.96785,0.50460,0.10760,0.00061,0.00012,
20.465,5.09750,0.02049,0.48014,1.04181,0.10446,0.00061,0.00012,
20.466,5.09625,0.02007,1.90916,0.08641,0.10230,0.00061,0.00012,
20.467,5.09875,0.02007,1.95807,0.09619,0.10235,0.00061,0.00012,
20.468,5.09625,0.02112,1.87166,1.93362,0.10763,0.00061,0.00012,
20.469,5.09625,0.01924,2.24828,1.80482,0.09804,0.00061,0.00012,
20.470,5.09750,0.01924,2.42273,0.90567,0.09806,0.00061,0.00012,
20.471,5.09500,0.02007,2.93792,0.87306,0.10227,0.00061,0.00012,
20.472,5.09750,0.02049,0.74834,2.00698,0.10446,0.00061,0.00012,
20.473,5.09500,0.01966,1.72819,1.67031,0.10014,0.00061,0.00012,
20.474,5.09750,0.01903,1.72819,1.67031,0.09700,0.00061,0.00012,
20.475,5.09875,0.02070,2.50018,2.70642,0.10555,0.00061,0.00012,
20.476,5.09875,0.01903,1.33935,0.06195,0.09702,0.00061,0.00012,
20.477,5.09750,0.01861,1.78852,0.03342,0.09486,0.00061,0.00012,
20.478,5.09750,0.02049,2.21486,0.21032,0.10446,0.00061,0.00012,
20.479,5.09750,0.02049,2.94772,2.67952,0.10446,0.00061,0.00012,
20.480,5.09750,0.01903,2.19367,0.26249,0.09700,0.00061,0.00012,
20.481,5.09750,0.01945,2.63387,1.35647,0.09913,0.00061,0.00012,
20.482,5.09875,0.01945,0.41330,1.31245,0.09915,0.00061,0.00012,
20.483,5.09625,0.02007,2.14883,0.10516,0.10230,0.00061,0.00012,
20.484,5.09375,0.01945,1.73961,0.48830,0.09905,0.00061,0.00012,
20.485,5.09375,0.01924,1.73961,0.48830,0.09799,0.00061,0.00012,
20.486,5.09875,0.02028,1.75102,1.37196,0.10342,0.00061,0.00012,
20.487,5.09875,0.02028,1.89286,2.70234,0.10342,0.00061,0.00012,
20.488,5.09625,0.02028,2.59555,1.22196,0.10337,0.00061,0.00012,
20.489,5.09625,0.01924,1.87167,1.94259,0.09804,0.00061,0.00012,
20.490,5.09875,0.02028,2.75207,1.42413,0.10342,0.00061,0.00012,
20.491,5.09750,0.02070,2.88657,0.82334,0.10552,0.00061,0.00012,
20.492,5.09500,0.01966,2.53115,1.84884,0.10014,0.00061,0.00012,
20.493,5.09750,0.02154,1.34098,2.04612,0.10979,0.00061,0.00012,
20.494,5.09500,0.02091,1.72086,1.26761,0.10654,0.00061,0.00012,
20.495,5.09750,0.02070,3.09200,0.97170,0.10552,0.00061,0.00012,
20.496,5.09750,0.02112,3.09200,0.97170,0.10765,0.00061,0.00012,
20.497,5.09750,0.02112,2.08688,2.09340,0.10765,0.00061,0.00012,
20.498,5.09750,0.02007,1.24072,0.05217,0.10233,0.00061,0.00012,
20.499,5.09750,0.01945,1.36299,2.02493,0.09913,0.00061,0.00012,
20.500,5.09875,0.02007,1.83988,1.55130,0.10235,0.00061,0.00012,
20.501,5.09750,0.02049,1.62222,0.46466,0.10446,0.00061,0.00012,
20.502,5.09500,0.02007,0.83638,1.43881,0.10227,0.00061,0.00012,
20.503,5.09500,0.02007,3.04799,0.00489,0.10227,0.00061,0.00012,
20.504,5.09875,0.01903,2.55969,0.84209,0.09702,0.00061,0.00012,
20.505,5.09875,0.02070,3.08141,0.21766,0.10555,0.00061,0.00012,
20.506,5.09625,0.02070,3.11809,1.13393,0.10550,0.00061,0.00012,
20.507,5.09500,0.01945,3.11809,1.13393,0.09908,0.00061,0.00012,
20.508,5.09750,0.02049,1.56435,1.73554,0.10446,0.00061,0.00012,
20.509,5.09500,0.02133,1.25621,0.05951,0.10867,0.00061,0.00012,
20.510,5.10000,0.02049,2.15292,0.65867,0.10451,0.00061,0.00012,
20.511,5.09875,0.01903,2.25156,1.80973,0.09702,0.00061,0.00012,
20.512,5.09750,0.02091,1.22442,0.05788,0.10659,0.00061,0.00012,
20.513,5.09875,0.02070,1.35566,2.00863,0.10555,0.00061,0.00012,
20.514,5.09875,0.02007,2.33226,0.74753,0.10235,0.00061,0.00012,
20.515,5.09750,0.02007,1.78282,0.91465,0.10233,0.00061,0.00012,
20.516,5.09875,0.02070,1.79016,2.65426,0.10555,0.00061,0.00012,
20.517,5.09875,0.02070,1.05078,0.63259,0.10555,0.00061,0.00012,
20.518,5.09500,0.01986,1.05078,0.63259,0.10121,0.00061,0.00012,
20.519,5.09875,0.02112,1.55458,1.76001,0.10768,0.00061,0.00012,
20.520,5.09875,0.02091,1.69724,0.02690,0.10661,0.00061,0.00012,
20.521,5.09625,0.01986,1.67605,1.61980,0.10123,0.00061,0.00012,
20.522,5.09250,0.02091,0.77444,0.97742,0.10648,0.00061,0.00012,
20.523,5.09250,0.02070,0.72879,1.10541,0.10542,0.00061,0.00012,
20.524,5.09875,0.02070,1.57741,1.54317,0.10555,0.00061,0.00012,
20.525,5.09625,0.01986,0.97009,0.40678,0.10123,0.00061,0.00012,
20.526,5.10000,0.02196,1.87088,0.17608,0.11197,0.00061,0.00012,
20.527,5.09500,0.02091,0.87063,1.43475,0.10654,0.00061,0.00012,
20.528,5.09500,0.02007,1.55377,1.75268,0.10227,0.00061,0.00012,
20.529,5.09500,0.02070,1.55377,1.75268,0.10547,0.00061,0.00012,
20.530,5.09625,0.02112,3.17121,0.01223,0.10763,0.00061,0.00012,
20.531,5.09625,0.01945,1.40707,0.06359,0.09910,0.00061,0.00012,
20.532,5.09625,0.01986,2.40653,2.64376,0.10123,0.00061,0.00012,
20.533,5.09625,0.01986,3.04729,0.01957,0.10123,0.00061,0.00012,
20.534,5.09625,0.01924,2.06088,0.66277,0.09804,0.00061,0.00012,
20.535,5.09500,0.02070,3.06686,0.01712,0.10547,0.00061,0.00012,
20.536,5.09500,0.01924,0.94729,0.77283,0.09801,0.00061,0.00012,
20.537,5.09750,0.02007,2.10327,0.03016,0.10233,0.00061,0.00012,
20.538,5.10125,0.02049,1.49674,1.58642,0.10453,0.00061,0.00012,
20.539,5.09625,0.02091,2.03642,1.32881,0.10656,0.00061,0.00012,
20.540,5.09750,0.01966,2.03642,1.32881,0.10019,0.00061,0.00012,
20.541,5.09750,0.02070,2.04708,0.47366,0.10552,0.00061,0.00012,
20.542,5.09750,0.02070,2.43106,1.52369,0.10552,0.00061,0.00012,
20.543,5.09500,0.02028,3.04983,0.00163,0.10334,0.00061,0.00012,
20.544,5.09750,0.02007,1.38510,1.79435,0.10233,0.00061,0.00012,
20.545,5.09625,0.02049,3.07102,0.05625,0.10443,0.00061,0.00012,
20.546,5.09625,0.02028,3.06450,0.01223,0.10337,0.00061,0.00012,
20.547,5.09875,0.01945,1.77560,0.04239,0.09915,0.00061,0.00012,
20.548,5.10000,0.02091,1.68266,1.60603,0.10664,0.00061,0.00012,
20.549,5.09625,0.02070,2.20849,1.18781,0.10550,0.00061,0.00012,
20.550,5.09625,0.01986,1.74381,1.65331,0.10123,0.00061,0.00012,
20.551,5.09625,0.01986,1.74381,1.65331,0.10123,0.00061,0.00012,
20.552,5.09875,0.02154,2.29166,1.76827,0.10981,0.00061,0.00012,
20.553,5.09875,0.02112,2.64303,0.64078,0.10768,0.00061,0.00012,
20.554,5.09625,0.01986,2.91614,2.63162,0.10123,0.00061,0.00012,
20.555,5.09750,0.02070,3.08652,0.30816,0.10552,0.00061,0.00012,
20.556,5.09875,0.02028,1.92235,1.99165,0.10342,0.00061,0.00012,
20.557,5.10000,0.02007,1.60767,1.70550,0.10238,0.00061,0.00012,
20.558,5.09875,0.02007,2.26313,1.80659,0.10235,0.00061,0.00012,
20.559,5.09875,0.02091,2.75716,0.64404,0.10661,0.00061,0.00012,
20.560,5.09875,0.02091,2.76776,0.62122,0.10661,0.00061,0.00012,
20.561,5.09875,0.01903,2.69765,1.28972,0.09702,0.00062,0.00012,
20.562,5.09625,0.01861,2.69765,1.28972,0.09484,0.00062,0.00012,
20.563,5.09625,0.02070,3.07839,0.07011,0.10550,0.00062,0.00012,
20.564,5.09500,0.02112,2.78490,1.53593,0.10760,0.00062,0.00012,
20.565,5.09750,0.02028,2.03161,0.00163,0.10339,0.00062,0.00012,
20.566,5.09750,0.02154,3.05067,1.03782,0.10979,0.00062,0.00012,
20.567,5.09500,0.02112,2.83871,1.79681,0.10760,0.00062,0.00012,
20.568,5.09500,0.02070,1.59382,1.80578,0.10547,0.00062,0.00012,
20.569,5.09750,0.02070,2.65201,1.18375,0.10552,0.00062,0.00012,
20.570,5.09750,0.02112,2.09438,1.25304,0.10765,0.00062,0.00012,
20.571,5.09500,0.02028,2.79631,1.60034,0.10334,0.00062,0.00012,
20.572,5.09875,0.01986,1.33620,0.02609,0.10128,0.00062,0.00012,
20.573,5.09500,0.01986,1.33620,0.02609,0.10121,0.00062,0.00012,
20.574,5.10000,0.02112,1.82967,0.00163,0.10771,0.00062,0.00012,
20.575,5.09750,0.01986,3.06658,0.00000,0.10126,0.00062,0.00012,
20.576,5.09750,0.01966,1.75792,1.65029,0.10019,0.00062,0.00012,
20.577,5.09750,0.02154,2.94264,1.73183,0.10979,0.00062,0.00012,
20.578,5.09750,0.02154,1.36247,1.68454,0.10979,0.00062,0.00012,
20.579,5.09500,0.01966,2.71923,0.57238,0.10014,0.00062,0.00012,
20.580,5.09750,0.02007,2.86845,1.91529,0.10233,0.00062,0.00012,
20.581,5.09750,0.02112,1.62176,0.14432,0.10765,0.00062,0.00012,
20.582,5.09750,0.01882,1.68128,0.08154,0.09593,0.00062,0.00012,
20.583,5.09625,0.01966,3.05027,0.01957,0.10017,0.00062,0.00012,
20.584,5.09625,0.01986,3.05027,0.01957,0.10123,0.00062,0.00012,
20.585,5.10000,0.01986,3.08615,1.66008,0.10131,0.00062,0.00012,
20.586,5.09750,0.01966,2.22513,0.26744,0.10019,0.00062,0.00012,
20.587,5.09750,0.01966,2.20311,2.63607,0.10019,0.00062,0.00012,
20.588,5.09875,0.02091,1.44319,0.69795,0.10661,0.00062,0.00012,
20.589,5.09500,0.02070,1.44319,0.69795,0.10547,0.00062,0.00012,
20.590,5.09625,0.01966,1.66742,2.92797,0.10017,0.00062,0.00012,
20.591,5.09750,0.01945,3.08289,0.00734,0.09913,0.00062,0.00012,
20.592,5.09625,0.01945,2.05064,0.03343,0.09910,0.00062,0.00012,
20.593,5.09500,0.01986,2.16234,1.23120,0.10121,0.00062,0.00012,
20.594,5.09750,0.01924,2.08162,0.65881,0.09806,0.00062,0.00012,
20.595,5.09625,0.01924,1.90224,0.00245,0.09804,0.00062,0.00012,
20.596,5.09625,0.01924,1.90224,0.00245,0.09804,0.00062,0.00012,
20.597,5.09500,0.02091,1.77503,0.56830,0.10654,0.00062,0.00012,
20.598,5.09625,0.02007,2.57245,0.80150,0.10230,0.00062,0.00012,
20.599,5.09750,0.02112,2.58713,1.24424,0.10765,0.00062,0.00012,
20.600,5.09625,0.02133,1.72856,1.94544,0.10869,0.00062,0.00012,
20.601,5.09500,0.01966,2.65480,1.17738,0.10014,0.00062,0.00012,
20.602,5.09750,0.02070,2.30338,1.04121,0.10552,0.00062,0.00012,
20.603,5.09625,0.02091,1.54429,1.88348,0.10656,0.00062,0.00012,
20.604,5.09625,0.02007,2.11911,1.26136,0.10230,0.00062,0.00012,
20.605,5.09625,0.02007,2.71596,2.02779,0.10230,0.00062,0.00012,
20.606,5.09500,0.02007,1.32659,1.57446,0.10227,0.00062,0.00012,
20.607,5.09875,0.02028,1.32659,1.57446,0.10342,0.00062,0.00012,
20.608,5.09500,0.01966,1.41625,1.53366,0.10014,0.00062,0.00012,
20.609,5.09625,0.01924,1.43337,0.13698,0.09804,0.00062,0.00012,
20.610,5.09750,0.02007,2.99394,1.79864,0.10233,0.00062,0.00012,
20.611,5.09375,0.02070,1.97476,1.31922,0.10545,0.00062,0.00012,
20.612,5.09875,0.02007,1.62661,0.47127,0.10235,0.00062,0.00012,
20.613,5.09750,0.02049,1.83207,1.57606,0.10446,0.00062,0.00012,
20.614,5.09750,0.02007,1.65922,1.45620,0.10233,0.00062,0.00012,
20.615,5.09625,0.02007,2.58382,0.01468,0.10230,0.00062,0.00012,
20.616,5.09750,0.02007,2.26584,1.80924,0.10233,0.00062,0.00012,
20.617,5.09750,0.02049,2.01960,0.18834,0.10446,0.00062,0.00012,
20.618,5.09625,0.02049,2.01960,0.18834,0.10443,0.00062,0.00012,
20.619,5.09625,0.01903,2.18258,1.16181,0.09697,0.00062,0.00012,
20.620,5.09625,0.01966,2.77368,1.51321,0.10017,0.00062,0.00012,
20.621,5.09875,0.02070,2.72313,1.01343,0.10555,0.00062,0.00012,
20.622,5.09875,0.02070,2.12143,0.03180,0.10555,0.00062,0.00012,
20.623,5.09875,0.02028,3.05496,0.00815,0.10342,0.00062,0.00012,
20.624,5.09875,0.02028,1.37298,0.14920,0.10342,0.00062,0.00012,
20.625,5.09625,0.02070,3.18459,0.01468,0.10550,0.00062,0.00012,
20.626,5.09750,0.02028,1.45206,1.91434,0.10339,0.00062,0.00012,
20.627,5.09750,0.01966,1.52789,1.87439,0.10019,0.00062,0.00012,
20.628,5.09750,0.02049,0.83569,1.06235,0.10446,0.00062,0.00012,
20.629,5.09625,0.02112,0.83569,1.06235,0.10763,0.00062,0.00012,
20.630,5.09500,0.01924,2.06913,0.00163,0.09801,0.00062,0.00012,
20.631,5.09500,0.02007,1.01581,1.35659,0.10227,0.00062,0.00012,
20.632,5.09500,0.02091,1.31583,2.10011,0.10654,0.00062,0.00012,
20.633,5.09625,0.02091,0.84869,1.46176,0.10656,0.00062,0.00012,
20.634,5.09500,0.01945,1.81884,0.38236,0.09908,0.00062,0.00012,
20.635,5.09625,0.01986,1.40795,0.04484,0.10123,0.00062,0.00012,
20.636,5.09750,0.02049,0.93510,1.51312,0.10446,0.00062,0.00012,
20.637,5.09750,0.01966,0.87233,1.07696,0.10019,0.00062,0.00012,
20.638,5.09375,0.01986,2.40665,0.82423,0.10118,0.00062,0.00012,
20.639,5.09750,0.02028,2.01940,0.62204,0.10339,0.00062,0.00012,
20.640,5.09875,0.02070,2.01940,0.62204,0.10555,0.00062,0.00012,
20.641,5.09875,0.02007,0.58699,0.97423,0.10235,0.00062,0.00012,
20.642,5.09750,0.02007,2.59904,0.79406,0.10233,0.00062,0.00012,
20.643,5.09500,0.01966,2.86971,1.91586,0.10014,0.00062,0.00012,
20.644,5.09750,0.02007,1.33865,0.15979,0.10233,0.00062,0.00012,
20.645,5.09500,0.01903,3.07842,0.13289,0.09695,0.00062,0.00012,
20.646,5.09500,0.01966,1.25468,0.05707,0.10014,0.00062,0.00012,
20.647,5.09625,0.02049,2.14576,0.09865,0.10443,0.00062,0.00012,
20.648,5.09625,0.01986,1.30441,2.10744,0.10123,0.00062,0.00012,
20.649,5.09250,0.01903,1.74710,1.80987,0.09690,0.00062,0.00012,
20.650,5.09250,0.02091,2.65448,0.62856,0.10648,0.00062,0.00012,
20.651,5.09875,0.02091,2.65448,0.62856,0.10661,0.00062,0.00012,
20.652,5.09875,0.01986,0.92043,1.30604,0.10128,0.00062,0.00012,
20.653,5.09750,0.02028,2.33653,2.90721,0.10339,0.00062,0.00012,
20.654,5.09875,0.01986,1.26772,1.68025,0.10128,0.00062,0.00012,
20.655,5.09500,0.01966,0.62286,1.98923,0.10014,0.00062,0.00012,
20.656,5.09875,0.01945,2.88520,2.57866,0.09915,0.00062,0.00012,
20.657,5.09875,0.02133,1.65253,0.62449,0.10875,0.00062,0.00012,
20.658,5.09875,0.02091,2.71562,0.56986,0.10661,0.00062,0.00012,
20.659,5.09875,0.02028,1.77971,0.91064,0.10342,0.00062,0.00012,
20.660,5.09375,0.02028,1.56448,1.73894,0.10331,0.00062,0.00012,
20.661,5.09750,0.02070,2.48980,1.66883,0.10552,0.00062,0.00012,
20.662,5.09750,0.02154,2.48980,1.66883,0.10979,0.00062,0.00012,
20.663,5.09500,0.01986,3.05884,0.00245,0.10121,0.00062,0.00012,
20.664,5.09750,0.02028,1.04842,0.19158,0.10339,0.00062,0.00012,
20.665,5.09875,0.02091,1.64437,0.00000,0.10661,0.00062,0.00012,
20.666,5.09500,0.02154,1.68350,3.02704,0.10973,0.00062,0.00012,
20.667,5.09750,0.02007,1.63540,1.65415,0.10233,0.00062,0.00012,
20.668,5.09750,0.02133,1.26038,1.54409,0.10872,0.00062,0.00012,
20.669,5.09500,0.02133,1.22207,0.05381,0.10867,0.00062,0.00012,
20.670,5.10000,0.02112,1.99248,1.17152,0.10771,0.00062,0.00012,
20.671,5.09625,0.02049,1.58404,1.71774,0.10443,0.00062,0.00012,
20.672,5.09750,0.02112,1.83759,0.94488,0.10765,0.00062,0.00012,
20.673,5.09875,0.02175,1.83759,0.94488,0.11088,0.00062,0.00012,
20.674,5.09500,0.01986,2.14791,1.02382,0.10121,0.00062,0.00012,
20.675,5.10125,0.02112,3.08288,0.13205,0.10773,0.00062,0.00012,
20.676,5.09500,0.02070,1.49824,0.67820,0.10547,0.00062,0.00012,
20.677,5.09500,0.02028,2.32316,1.70854,0.10334,0.00062,0.00012,
20.678,5.09625,0.02028,2.26855,1.39879,0.10337,0.00062,0.00012,
20.679,5.09750,0.02049,1.49905,0.15814,0.10446,0.00062,0.00012,
20.680,5.09625,0.02070,1.16240,1.45259,0.10550,0.00062,0.00012,
20.681,5.09750,0.01966,2.38104,0.86161,0.10019,0.00062,0.00012,
20.682,5.09625,0.02049,1.38249,1.98651,0.10443,0.00062,0.00012,
20.683,5.09875,0.02028,1.28956,1.19989,0.10342,0.00062,0.00012,
20.684,5.09500,0.01945,1.28956,1.19989,0.09908,0.00062,0.00012,
20.685,5.09500,0.02007,2.12451,2.43337,0.10227,0.00062,0.00012,
20.686,5.09500,0.02070,1.49132,1.87596,0.10547,0.00062,0.00012,
20.687,5.09750,0.02070,2.35514,1.04311,0.10552,0.00062,0.00012,
20.688,5.09750,0.01840,1.36419,2.01613,0.09380,0.00062,0.00012,
20.689,5.09625,0.02007,3.07227,1.30551,0.10230,0.00062,0.00012,
20.690,5.09625,0.02070,2.72837,0.54600,0.10550,0.00062,0.00012,
20.691,5.09500,0.01986,2.68192,0.61527,0.10121,0.00062,0.00012,
20.692,5.09625,0.01986,1.94442,1.19468,0.10123,0.00062,0.00012,
20.693,5.09625,0.02070,1.64045,1.77328,0.10550,0.00062,0.00012,
20.694,5.09625,0.02070,1.99983,2.70474,0.10550,0.00062,0.00012,
20.695,5.09625,0.02070,1.99983,2.70474,0.10550,0.00062,0.00012,
20.696,5.09875,0.02070,2.46517,1.63557,0.10555,0.00062,0.00012,
20.697,5.09625,0.02007,2.49777,1.39843,0.10230,0.00062,0.00012,
20.698,5.09500,0.02154,1.56956,1.74396,0.10973,0.00062,0.00012,
20.699,5.09625,0.02091,1.82953,0.13120,0.10656,0.00062,0.00012,
20.700,5.10000,0.02028,2.71291,0.57453,0.10344,0.00062,0.00012,
20.701,5.09625,0.02112,1.51007,1.62905,0.10763,0.00062,0.00012,
20.702,5.09625,0.02112,0.48815,0.90458,0.10763,0.00062,0.00012,
20.703,5.09875,0.02007,3.04948,0.00978,0.10235,0.00062,0.00012,
20.704,5.09875,0.02133,1.32671,1.40983,0.10875,0.00062,0.00012,
20.705,5.09875,0.02133,3.13505,0.00733,0.10875,0.00062,0.00012,
20.706,5.09500,0.02112,3.13505,0.00733,0.10760,0.00062,0.00012,
20.707,5.09875,0.02049,2.05446,1.34954,0.10448,0.00062,0.00012,
20.708,5.09875,0.02007,2.15063,1.94282,0.10235,0.00062,0.00012,
20.709,5.09875,0.02133,1.59239,1.73093,0.10875,0.00062,0.00012,
20.710,5.09625,0.01945,1.81813,2.37392,0.09910,0.00062,0.00012,
20.711,5.09750,0.02028,1.58098,1.82546,0.10339,0.00062,0.00012,
20.712,5.09500,0.01945,2.02757,0.70981,0.09908,0.00062,0.00012,
20.713,5.09500,0.02091,2.32665,1.67470,0.10654,0.00062,0.00012,
20.714,5.09500,0.02091,1.35443,1.76923,0.10654,0.00062,0.00012,
20.715,5.09750,0.01966,2.33399,2.56054,0.10019,0.00062,0.00012,
20.716,5.09625,0.02028,1.72278,0.00407,0.10337,0.00062,0.00012,
20.717,5.09750,0.02091,1.72278,0.00407,0.10659,0.00062,0.00012,
20.718,5.09500,0.01903,0.66012,1.94042,0.09695,0.00062,0.00012,
20.719,5.09500,0.01903,1.25993,0.05297,0.09695,0.00062,0.00012,
20.720,5.09625,0.02112,1.85811,0.00163,0.10763,0.00062,0.00012,
20.721,5.09375,0.01966,1.60384,0.54521,0.10012,0.00062,0.00012,
20.722,5.09625,0.02007,2.33160,1.48649,0.10230,0.00062,0.00012,
20.723,5.09625,0.02028,1.57450,1.72283,0.10337,0.00062,0.00012,
20.724,5.09625,0.02028,2.64781,0.75384,0.10337,0.00062,0.00012,
20.725,5.09750,0.01986,3.07648,0.05542,0.10126,0.00062,0.00012,
20.726,5.09750,0.02049,1.65030,2.95505,0.10446,0.00062,0.00012,
20.727,5.09875,0.02112,2.04148,1.20125,0.10768,0.00062,0.00012,
20.728,5.09625,0.02112,2.04148,1.20125,0.10763,0.00062,0.00012,
20.729,5.09625,0.02028,1.72780,0.57947,0.10337,0.00062,0.00012,
20.730,5.10000,0.02133,2.23474,1.11818,0.10877,0.00062,0.00012,
20.731,5.09750,0.02112,1.83701,1.29422,0.10765,0.00062,0.00012,
20.732,5.09750,0.02112,1.57214,1.81745,0.10765,0.00062,0.00012,
20.733,5.09500,0.01945,1.79382,0.15322,0.09908,0.00062,0.00012,
20.734,5.09875,0.02028,2.34558,1.03831,0.10342,0.00062,0.00012,
20.735,5.09625,0.02070,3.04322,1.09618,0.10550,0.00062,0.00012,
20.736,5.09625,0.01945,3.06278,0.01630,0.09910,0.00062,0.00012,
20.737,5.09750,0.02028,2.42626,0.68134,0.10339,0.00062,0.00012,
20.738,5.09750,0.02049,1.29667,2.09945,0.10446,0.00062,0.00012,
20.739,5.09750,0.01945,1.29667,2.09945,0.09913,0.00062,0.00012,
20.740,5.09500,0.02007,0.69935,1.50141,0.10227,0.00062,0.00012,
20.741,5.09500,0.02007,1.40522,2.01899,0.10227,0.00062,0.00012,
20.742,5.09625,0.02007,1.60737,1.79892,0.10230,0.00062,0.00012,
20.743,5.09500,0.02007,3.05009,0.00326,0.10227,0.00062,0.00012,
20.744,5.09625,0.01986,1.06288,1.22998,0.10123,0.00062,0.00012,
20.745,5.09500,0.01945,3.06720,0.01956,0.09908,0.00062,0.00012,
20.746,5.09375,0.01966,0.39858,1.17781,0.10012,0.00062,0.00012,
20.747,5.09500,0.01966,2.81778,2.23092,0.10014,0.00062,0.00012,
20.748,5.09875,0.01986,2.56592,0.83792,0.10128,0.00062,0.00012,
20.749,5.09625,0.01945,2.38171,1.02050,0.09910,0.00062,0.00012,
20.750,5.09625,0.01903,2.38171,1.02050,0.09697,0.00062,0.00012,
20.751,5.09500,0.01903,2.38171,1.02050,0.09695,0.00062,0.00012,
20.752,5.09500,0.02007,1.63444,1.87329,0.10227,0.00062,0.00012,
20.753,5.09750,0.02070,1.65563,1.89530,0.10552,0.00062,0.00012,
20.754,5.09750,0.01903,3.03573,1.00512,0.09700,0.00062,0.00012,
20.755,5.09750,0.02007,1.70128,0.00571,0.10233,0.00062,0.00012,
20.756,5.09875,0.02049,1.69476,2.85803,0.10448,0.00062,0.00012,
20.757,5.09875,0.02007,1.90019,0.52987,0.10235,0.00062,0.00012,
20.758,5.09625,0.01945,2.04692,1.23744,0.09910,0.00062,0.00012,
20.759,5.09625,0.02112,2.99579,0.96517,0.10763,0.00062,0.00012,
20.760,5.09625,0.02112,1.44858,1.97763,0.10763,0.00062,0.00012,
20.761,5.09500,0.02049,2.33386,1.06137,0.10441,0.00062,0.00012,
20.762,5.09875,0.02091,2.33386,1.06137,0.10661,0.00062,0.00012,
20.763,5.09500,0.02091,1.40699,0.01304,0.10654,0.00062,0.00012,
20.764,5.09500,0.02091,2.55232,0.83963,0.10654,0.00062,0.00012,
20.765,5.09750,0.01986,3.09441,0.90159,0.10126,0.00062,0.00012,
20.766,5.09625,0.02112,1.44286,0.00000,0.10763,0.00062,0.00012,
20.767,5.09750,0.02070,1.49259,0.00163,0.10552,0.00062,0.00012,
20.768,5.09750,0.02112,2.58982,0.68556,0.10765,0.00062,0.00012,
20.769,5.09875,0.02112,1.97762,0.76219,0.10768,0.00062,0.00012,
20.770,5.09750,0.01966,1.50889,1.80317,0.10019,0.00062,0.00012,
20.771,5.09750,0.02133,1.87654,1.47139,0.10872,0.00062,0.00012,
20.772,5.09250,0.02091,1.93604,1.40373,0.10648,0.00062,0.00012,
20.773,5.09875,0.02091,1.93604,1.40373,0.10661,0.00062,0.00012,
20.774,5.09875,0.02133,0.90973,0.84533,0.10875,0.00062,0.00012,
20.775,5.09625,0.02112,2.03140,0.02935,0.10763,0.00062,0.00012,
20.776,5.09625,0.02007,1.94336,0.00000,0.10230,0.00062,0.00012,
20.777,5.09625,0.02112,1.64827,1.46975,0.10763,0.00062,0.00012,
20.778,5.10000,0.02112,0.94396,1.64256,0.10771,0.00062,0.00012,
20.779,5.09875,0.02070,1.66946,1.68984,0.10555,0.00062,0.00012,
20.780,5.09875,0.02028,2.21073,1.18607,0.10342,0.00062,0.00012,
20.781,5.09250,0.02028,2.60935,2.48300,0.10329,0.00062,0.00012,
20.782,5.09750,0.02112,1.32302,0.16548,0.10765,0.00062,0.00012,
20.783,5.09500,0.02070,3.05117,0.01793,0.10547,0.00062,0.00012,
20.784,5.09625,0.02154,3.05117,0.01793,0.10976,0.00062,0.00012,
20.785,5.09500,0.02007,0.59505,0.89257,0.10227,0.00062,0.00012,
20.786,5.09500,0.01966,1.96366,0.67004,0.10014,0.00062,0.00012,
20.787,5.09750,0.01966,1.92209,2.74212,0.10019,0.00062,0.00012,
20.788,5.09625,0.02049,1.95388,1.16972,0.10443,0.00062,0.00012,
20.789,5.09625,0.02091,1.61152,0.62928,0.10656,0.00062,0.00012,
20.790,5.09750,0.01924,2.68506,1.98567,0.09806,0.00062,0.00012,
20.791,5.09625,0.01945,2.20739,1.17053,0.09910,0.00062,0.00012,
20.792,5.09875,0.01945,3.06980,0.00408,0.09915,0.00062,0.00012,
20.793,5.09750,0.02049,2.20005,2.93123,0.10446,0.00062,0.00012,
20.794,5.09500,0.02049,2.16663,1.20232,0.10441,0.00062,0.00012,
20.795,5.09500,0.02007,2.16663,1.20232,0.10227,0.00062,0.00012,
20.796,5.09375,0.02007,0.94393,0.75563,0.10225,0.00062,0.00012,
20.797,5.09625,0.02112,2.89373,2.59621,0.10763,0.00062,0.00012,
20.798,5.09625,0.02070,2.11039,0.58038,0.10550,0.00062,0.00012,
20.799,5.09875,0.01924,2.04844,1.98323,0.09809,0.00062,0.00012,
20.800,5.09750,0.02112,2.70788,0.58934,0.10765,0.00062,0.00012,
20.801,5.09875,0.02070,0.84937,1.06131,0.10555,0.00062,0.00012,
20.802,5.09750,0.02007,2.06393,0.66271,0.10233,0.00062,0.00012,
20.803,5.09750,0.02070,1.10125,1.18847,0.10552,0.00062,0.00012,
20.804,5.09750,0.02112,2.24896,1.09473,0.10765,0.00062,0.00012,
20.805,5.09875,0.02112,3.09670,0.00408,0.10768,0.00062,0.00012,
20.806,5.09500,0.02049,3.09670,0.00408,0.10441,0.00062,0.00012,
20.807,5.09750,0.02133,3.07225,0.03016,0.10872,0.00062,0.00012,
20.808,5.09875,0.02112,2.17968,1.16075,0.10768,0.00062,0.00012,
20.809,5.10000,0.02007,2.87417,2.56605,0.10238,0.00062,0.00012,
20.810,5.09750,0.02070,2.07371,1.09799,0.10552,0.00062,0.00012,
20.811,5.09625,0.02154,1.69385,1.68081,0.10976,0.00062,0.00012,
20.812,5.10000,0.01945,2.33048,1.52512,0.09918,0.00062,0.00012,
20.813,5.10000,0.02091,0.99854,1.85851,0.10664,0.00062,0.00012,
20.814,5.09750,0.02091,1.66777,1.72320,0.10659,0.00062,0.00012,
20.815,5.09625,0.02070,0.58934,1.34579,0.10550,0.00062,0.00012,
20.816,5.09750,0.02007,3.12931,0.00734,0.10233,0.00062,0.00012,
20.817,5.09750,0.02007,3.12931,0.00734,0.10233,0.00062,0.00012,
20.818,5.09500,0.01966,1.41508,1.67266,0.10014,0.00062,0.00012,
20.819,5.09625,0.01903,2.63289,0.63173,0.09697,0.00062,0.00012,
20.820,5.09625,0.01986,1.58381,1.73298,0.10123,0.00062,0.00012,
20.821,5.09500,0.02049,1.54795,1.54713,0.10441,0.00062,0.00012,
20.822,5.09500,0.02049,1.71912,1.07435,0.10441,0.00062,0.00012,
20.823,5.09500,0.02049,3.04698,0.00326,0.10441,0.00062,0.00012,
20.824,5.09625,0.01945,1.65228,2.84238,0.09910,0.00062,0.00012,
20.825,5.09500,0.02007,1.89356,0.00245,0.10227,0.00062,0.00012,
20.826,5.09625,0.02070,1.70364,1.59196,0.10550,0.00062,0.00012,
20.827,5.09500,0.02028,1.98486,0.75563,0.10334,0.00062,0.00012,
20.828,5.09625,0.01966,1.98486,0.75563,0.10017,0.00062,0.00012,
20.829,5.09875,0.02070,1.73956,1.96944,0.10555,0.00062,0.00012,
20.830,5.09875,0.02070,1.41920,1.99715,0.10555,0.00062,0.00012,
20.831,5.09875,0.02070,2.32974,0.93744,0.10555,0.00062,0.00012,
20.832,5.10000,0.02070,2.05584,1.27492,0.10557,0.00062,0.00012,
20.833,5.09500,0.02070,2.53190,0.86407,0.10547,0.00062,0.00012,
20.834,5.09625,0.02196,1.86346,1.41431,0.11189,0.00062,0.00012,
20.835,5.09500,0.01945,1.29530,1.42491,0.09908,0.00062,0.00012,
20.836,5.09750,0.02070,3.07561,0.04646,0.10552,0.00062,0.00012,
20.837,5.09500,0.02091,2.43245,2.67944,0.10654,0.00062,0.00012,
20.838,5.09625,0.02028,0.77685,1.60669,0.10337,0.00062,0.00012,
20.839,5.09750,0.02112,0.77685,1.60669,0.10765,0.00062,0.00012,
20.840,5.09750,0.02112,3.08633,1.72740,0.10765,0.00062,0.00012,
20.841,5.09875,0.02112,1.03122,1.34996,0.10768,0.00062,0.00012,
20.842,5.09500,0.02028,2.62167,2.16761,0.10334,0.00062,0.00012,
20.843,5.09500,0.02091,1.61653,1.86028,0.10654,0.00062,0.00012,
20.844,5.09500,0.02133,2.32331,1.55621,0.10867,0.00062,0.00012,
20.845,5.09625,0.01986,3.07003,0.02283,0.10123,0.00062,0.00012,
20.846,5.09750,0.02028,2.63471,1.17959,0.10339,0.00062,0.00012,
20.847,5.09750,0.02133,1.90919,1.20975,0.10872,0.00062,0.00012,
20.848,5.09625,0.02007,0.77444,1.62876,0.10230,0.00062,0.00012,
20.849,5.09625,0.01966,2.65428,2.84666,0.10017,0.00062,0.00012,
20.850,5.09875,0.01966,2.65428,2.84666,0.10022,0.00062,0.00012,
20.851,5.09750,0.02007,2.54766,1.74871,0.10233,0.00062,0.00012,
20.852,5.09750,0.01945,1.47642,0.87313,0.09913,0.00062,0.00012,
20.853,5.09750,0.02028,1.28646,1.40631,0.10339,0.00062,0.00012,
20.854,5.09625,0.01966,1.96964,1.39978,0.10017,0.00062,0.00012,
20.855,5.09625,0.01945,0.44431,0.92368,0.09910,0.00062,0.00012,
20.856,5.09625,0.01945,2.40009,2.96669,0.09910,0.00062,0.00012,
20.857,5.09875,0.02007,1.04270,1.81475,0.10235,0.00062,0.00012,
20.858,5.09875,0.02091,2.41640,0.80710,0.10661,0.00062,0.00012,
20.859,5.09750,0.02091,1.79355,0.55845,0.10659,0.00062,0.00012,
20.860,5.09625,0.02028,2.29574,1.04107,0.10337,0.00062,0.00012,
20.861,5.09625,0.02007,2.29574,1.04107,0.10230,0.00062,0.00012,
20.862,5.09750,0.02133,3.07485,1.88111,0.10872,0.00062,0.00012,
20.863,5.09750,0.02133,3.05283,0.00571,0.10872,0.00062,0.00012,
20.864,5.09625,0.01986,2.10942,1.26875,0.10123,0.00062,0.00012,
20.865,5.09750,0.02133,3.06588,0.01142,0.10872,0.00062,0.00012,
20.866,5.09625,0.02112,1.29321,1.60551,0.10763,0.00062,0.00012,
20.867,5.09625,0.02049,1.50848,1.68379,0.10443,0.00062,0.00012,
20.868,5.09625,0.02049,1.82485,0.00652,0.10443,0.00062,0.00012,
20.869,5.09625,0.02154,2.39807,1.61203,0.10976,0.00062,0.00012,
20.870,5.09500,0.02091,2.36301,1.64139,0.10654,0.00062,0.00012,
20.871,5.09750,0.02049,2.76418,0.53653,0.10446,0.00062,0.00012,
20.872,5.09750,0.02112,2.76418,0.53653,0.10765,0.00062,0.00012,
20.873,5.09750,0.02154,1.76573,1.41585,0.10979,0.00062,0.00012,
20.874,5.09375,0.01986,1.96800,0.78377,0.10118,0.00062,0.00012,
20.875,5.09875,0.02007,3.08698,1.31961,0.10235,0.00062,0.00012,
20.876,5.09500,0.02070,2.52504,0.73484,0.10547,0.00062,0.00012,
20.877,5.09500,0.02070,2.11807,0.01223,0.10547,0.00062,0.00012,
20.878,5.09875,0.01986,2.03732,2.02591,0.10128,0.00062,0.00012,
20.879,5.09625,0.02028,2.92549,2.63678,0.10337,0.00062,0.00012,
20.880,5.10125,0.02133,2.54135,0.72016,0.10880,0.00062,0.00012,
20.881,5.09875,0.02070,1.88318,1.11572,0.10555,0.00062,0.00012,
20.882,5.09500,0.01966,1.88889,1.25436,0.10014,0.00062,0.00012,
20.883,5.09750,0.02133,1.88889,1.25436,0.10872,0.00062,0.00012,
20.884,5.09875,0.02049,0.78703,1.25599,0.10448,0.00062,0.00012,
20.885,5.09875,0.01986,1.38730,0.00326,0.10128,0.00062,0.00012,
20.886,5.09875,0.02175,2.76644,2.13274,0.11088,0.00062,0.00012,
20.887,5.09875,0.02175,2.56418,2.05200,0.11088,0.00062,0.00012,
20.888,5.09625,0.02112,0.85391,1.45418,0.10763,0.00062,0.00012,
20.889,5.09875,0.02070,1.54960,1.79346,0.10555,0.00062,0.00012,
20.890,5.09875,0.01882,2.08870,1.27475,0.09595,0.00062,0.00012,
20.891,5.09750,0.02049,2.53726,0.71934,0.10446,0.00062,0.00012,
20.892,5.09625,0.01966,2.20369,1.34734,0.10017,0.00062,0.00012,
20.893,5.09750,0.01966,2.87328,2.56092,0.10019,0.00062,0.00012,
20.894,5.09625,0.02007,2.87328,2.56092,0.10230,0.00062,0.00012,
20.895,5.09625,0.02007,2.45895,2.95890,0.10230,0.00062,0.00012,
20.896,5.09750,0.02007,2.32764,1.56264,0.10233,0.00062,0.00012,
20.897,5.09750,0.01882,1.39871,1.64990,0.09593,0.00062,0.00012,
20.898,5.09750,0.02070,2.71178,2.46221,0.10552,0.00062,0.00012,
20.899,5.09750,0.02049,2.93280,2.67671,0.10446,0.00062,0.00012,
20.900,5.09500,0.01903,2.70036,0.58150,0.09695,0.00062,0.00012,
20.901,5.09875,0.02028,1.78121,1.50228,0.10342,0.00062,0.00012,
20.902,5.09500,0.02007,0.70302,1.80323,0.10227,0.00062,0.00012,
20.903,5.09625,0.01966,3.05105,0.00408,0.10017,0.00062,0.00012,
20.904,5.09625,0.02007,1.82607,2.37087,0.10230,0.00062,0.00012,
20.905,5.09625,0.02007,1.82607,2.37087,0.10230,0.00062,0.00012,
20.906,5.09750,0.02028,0.61330,1.41581,0.10339,0.00062,0.00012,
20.907,5.09750,0.02028,2.57472,2.09925,0.10339,0.00062,0.00012,
20.908,5.09750,0.01882,2.62284,1.87579,0.09593,0.00063,0.00012,
20.909,5.09875,0.02070,1.34730,2.02993,0.10555,0.00063,0.00012,
20.910,5.09875,0.02070,1.49818,0.87917,0.10555,0.00063,0.00012,
20.911,5.09500,0.02049,2.08783,1.27717,0.10441,0.00063,0.00012,
20.912,5.09875,0.02091,2.52905,1.70452,0.10661,0.00063,0.00012,
20.913,5.09875,0.02133,2.52905,1.70452,0.10875,0.00063,0.00012,
20.914,5.09500,0.02133,1.97039,0.77886,0.10867,0.00063,0.00012,
20.915,5.09625,0.02007,0.71361,1.16870,0.10230,0.00063,0.00012,
20.916,5.09500,0.02133,2.08049,1.29266,0.10867,0.00063,0.00012,
20.917,5.09875,0.02091,2.08049,1.29266,0.10661,0.00063,0.00012,
20.918,5.09750,0.01945,3.09336,0.39228,0.09913,0.00063,0.00012,
20.919,5.09500,0.02091,1.42802,1.98993,0.10654,0.00063,0.00012,
20.920,5.09625,0.02112,3.07460,0.02365,0.10763,0.00063,0.00012,
20.921,5.09750,0.01945,1.74771,1.53567,0.09913,0.00063,0.00012,
20.922,5.09750,0.02070,3.07949,0.06851,0.10552,0.00063,0.00012,
20.923,5.09625,0.02070,1.67105,3.03382,0.10550,0.00063,0.00012,
20.924,5.09875,0.02007,1.36114,1.62049,0.10235,0.00063,0.00012,
20.925,5.09625,0.02049,1.26165,1.57318,0.10443,0.00063,0.00012,
20.926,5.09750,0.01966,1.49815,0.88323,0.10019,0.00063,0.00012,
20.927,5.09750,0.01945,2.84299,2.26966,0.09913,0.00063,0.00012,
20.928,5.09750,0.02154,2.84299,2.26966,0.10979,0.00063,0.00012,
20.929,5.09375,0.02091,0.56914,1.29566,0.10651,0.00063,0.00012,
20.930,5.09750,0.02028,2.25293,1.10486,0.10339,0.00063,0.00012,
20.931,5.09750,0.02091,2.34017,0.98255,0.10659,0.00063,0.00012,
20.932,5.09875,0.02091,2.01973,0.00571,0.10661,0.00063,0.00012,
20.933,5.09500,0.02112,2.18443,1.21738,0.10760,0.00063,0.00012,
20.934,5.09500,0.02007,3.09604,0.49331,0.10227,0.00063,0.00012,
20.935,5.09750,0.02112,3.09033,0.15492,0.10765,0.00063,0.00012,
20.936,5.09750,0.02091,1.43427,2.49102,0.10659,0.00063,0.00012,
20.937,5.09750,0.01966,1.30300,1.58675,0.10019,0.00063,0.00012,
20.938,5.09750,0.02133,2.82207,2.46982,0.10872,0.00063,0.00012,
20.939,5.09625,0.02133,2.82207,2.46982,0.10869,0.00063,0.00012,
20.940,5.09625,0.02091,1.45665,0.01549,0.10656,0.00063,0.00012,
20.941,5.09500,0.02091,2.60355,0.67249,0.10654,0.00063,0.00012,
20.942,5.09750,0.02049,2.57665,0.67330,0.10446,0.00063,0.00012,
20.943,5.09750,0.02154,3.05595,1.14445,0.10979,0.00063,0.00012,
20.944,5.09250,0.01986,3.07144,0.01956,0.10116,0.00063,0.00012,
20.945,5.09375,0.02154,1.68815,2.87254,0.10971,0.00063,0.00012,
20.946,5.09375,0.02112,0.86894,2.22940,0.10758,0.00063,0.00012,
20.947,5.09750,0.02070,1.73217,1.95388,0.10552,0.00063,0.00012,
20.948,5.09875,0.02112,2.21310,0.42632,0.10768,0.00063,0.00012,
20.949,5.09875,0.02133,1.64984,0.00571,0.10875,0.00063,0.00012,
20.950,5.09875,0.02133,1.64984,0.00571,0.10875,0.00063,0.00012,
20.951,5.09625,0.02007,2.58918,0.00896,0.10230,0.00063,0.00012,
20.952,5.09750,0.02154,2.42461,0.80250,0.10979,0.00063,0.00012,
20.953,5.09625,0.02028,1.95207,1.18053,0.10337,0.00063,0.00012,
20.954,5.09750,0.01966,1.80949,1.20660,0.10019,0.00063,0.00012,
20.955,5.09875,0.01903,0.74221,1.40865,0.09702,0.00063,0.00012,
20.956,5.09750,0.02070,0.73080,1.73372,0.10552,0.00063,0.00012,
20.957,5.09625,0.02049,1.41354,0.00326,0.10443,0.00063,0.00012,
20.958,5.09625,0.02028,1.96103,0.76421,0.10337,0.00063,0.00012,
20.959,5.10000,0.02028,2.71628,2.30566,0.10344,0.00063,0.00012,
20.960,5.09875,0.01924,3.07557,0.15724,0.09809,0.00063,0.00012,
20.961,5.09500,0.02154,3.07557,0.15724,0.10973,0.00063,0.00012,
20.962,5.09625,0.02028,3.07559,1.88528,0.10337,0.00063,0.00012,
20.963,5.09875,0.01966,1.07625,1.41599,0.10022,0.00063,0.00012,
20.964,5.09875,0.02070,2.20791,2.92161,0.10555,0.00063,0.00012,
20.965,5.09750,0.02112,1.78099,0.00978,0.10765,0.00063,0.00012,
20.966,5.09875,0.01966,1.70115,0.00326,0.10022,0.00063,0.00012,
20.967,5.09875,0.02196,1.70604,2.55743,0.11195,0.00063,0.00012,
20.968,5.09750,0.02196,1.81765,2.57454,0.11192,0.00063,0.00012,
20.969,5.09875,0.02070,0.78784,1.45103,0.10555,0.00063,0.00012,
20.970,5.09625,0.02028,0.69415,1.83395,0.10337,0.00063,0.00012,
20.971,5.09750,0.02049,2.39285,1.82010,0.10446,0.00063,0.00012,
20.972,5.09750,0.02070,2.39285,1.82010,0.10552,0.00063,0.00012,
20.973,5.09625,0.01945,1.81279,0.00000,0.09910,0.00063,0.00012,
20.974,5.09750,0.02175,2.93306,2.74974,0.11085,0.00063,0.00012,
20.975,5.09750,0.02091,1.51867,0.00244,0.10659,0.00063,0.00012,
20.976,5.09750,0.02049,2.96158,2.70982,0.10446,0.00063,0.00012,
20.977,5.09625,0.02049,1.93338,0.00407,0.10443,0.00063,0.00012,
20.978,5.10000,0.02175,3.18644,0.00000,0.11091,0.00063,0.00012,
20.979,5.09750,0.01945,0.89132,1.35654,0.09913,0.00063,0.00012,
20.980,5.09500,0.02007,1.11293,1.43313,0.10227,0.00063,0.00012,
20.981,5.09625,0.01966,1.31010,0.00978,0.10017,0.00063,0.00012,
20.982,5.09750,0.02007,1.92767,1.39646,0.10233,0.00063,0.00012,
20.983,5.09500,0.02091,1.92767,1.39646,0.10654,0.00063,0.00012,
20.984,5.09750,0.02007,3.07818,0.03748,0.10233,0.00063,0.00012,
20.985,5.09750,0.02112,1.76722,0.00652,0.10765,0.00063,0.00012,
20.986,5.09500,0.02112,2.74005,2.17786,0.10760,0.00063,0.00012,
20.987,5.09500,0.02133,2.17461,2.92745,0.10867,0.00063,0.00012,
20.988,5.09625,0.02007,1.76722,3.01789,0.10230,0.00063,0.00012,
20.989,5.09750,0.02112,2.03528,0.00407,0.10765,0.00063,0.00012,
20.990,5.09875,0.02007,1.07712,0.39598,0.10235,0.00063,0.00012,
20.991,5.09500,0.01986,2.24793,1.58960,0.10121,0.00063,0.00012,
20.992,5.09500,0.01966,0.93453,1.23600,0.10014,0.00063,0.00012,
20.993,5.09750,0.02070,1.39651,1.55620,0.10552,0.00063,0.00012,
20.994,5.09750,0.01945,1.39651,1.55620,0.09913,0.00063,0.00012,
20.995,5.09750,0.01945,1.55059,1.98407,0.09913,0.00063,0.00012,
20.996,5.09625,0.02028,2.21629,2.62532,0.10337,0.00063,0.00012,
20.997,5.09750,0.02007,1.25563,1.37540,0.10233,0.00063,0.00012,
20.998,5.09750,0.02007,2.40207,2.88036,0.10233,0.00063,0.00012,
20.999,5.09250,0.02007,0.67792,2.06310,0.10222,0.00063,0.00012,
21.000,5.09750,0.01986,0.81563,1.18229,0.10126,0.00063,0.00012,
21.001,5.09750,0.02070,0.90037,1.92133,0.10552,0.00063,0.00012,
21.002,5.09875,0.01903,2.23340,1.57992,0.09702,0.00063,0.00012,
21.003,5.09750,0.01966,1.19940,1.29718,0.10019,0.00063,0.00012,
21.004,5.09750,0.01966,0.74637,1.70540,0.10019,0.00063,0.00012,
21.005,5.09750,0.02007,0.74637,1.70540,0.10233,0.00063,0.00012,
21.006,5.09750,0.01924,3.09255,0.34552,0.09806,0.00063,0.00012,
21.007,5.09875,0.01986,2.12037,3.02328,0.10128,0.00063,0.00012,
21.008,5.09625,0.02049,2.09918,1.91746,0.10443,0.00063,0.00012,
21.009,5.09750,0.01966,1.59394,1.83190,0.10019,0.00063,0.00012,
21.010,5.09750,0.01986,2.09103,0.00000,0.10126,0.00063,0.00012,
21.011,5.09875,0.02049,0.93062,0.81490,0.10448,0.00063,0.00012,
21.012,5.09750,0.02070,1.41059,1.68114,0.10552,0.00063,0.00012,
21.013,5.09750,0.01986,0.53457,1.18894,0.10126,0.00063,0.00012,
21.014,5.09875,0.01986,1.92642,0.00163,0.10128,0.00063,0.00012,
21.015,5.09875,0.02112,2.31106,0.00326,0.10768,0.00063,0.00012,
21.016,5.09750,0.02091,2.31106,0.00326,0.10659,0.00063,0.00012,
21.017,5.09750,0.02049,0.48414,1.31549,0.10446,0.00063,0.00012,
21.018,5.09750,0.02133,2.64565,0.61781,0.10872,0.00063,0.00012,
21.019,5.09750,0.02154,2.94151,1.23072,0.10979,0.00063,0.00012,
21.020,5.09875,0.01945,1.58201,0.00734,0.09915,0.00063,0.00012,
21.021,5.09500,0.02028,0.47436,0.91856,0.10334,0.00063,0.00012,
21.022,5.09500,0.02028,1.73687,1.36847,0.10334,0.00063,0.00012,
21.023,5.09625,0.02007,3.04910,0.00489,0.10230,0.00063,0.00012,
21.024,5.09875,0.02028,1.86320,0.00652,0.10342,0.00063,0.00012,
21.025,5.09750,0.02049,3.08496,0.21843,0.10446,0.00063,0.00012,
21.026,5.09875,0.02007,0.46947,1.00495,0.10235,0.00063,0.00012,
21.027,5.09500,0.02049,0.46947,1.00495,0.10441,0.00063,0.00012,
21.028,5.09625,0.01986,1.40492,0.01305,0.10123,0.00063,0.00012,
21.029,5.09375,0.01945,2.68182,2.45596,0.09905,0.00063,0.00012,
21.030,5.09625,0.02049,2.18362,0.00489,0.10443,0.00063,0.00012,
21.031,5.09625,0.02049,1.80120,0.00000,0.10443,0.00063,0.00012,
21.032,5.09750,0.02049,2.07517,1.19699,0.10446,0.00063,0.00012,
21.033,5.09500,0.01986,2.51140,0.81702,0.10121,0.00063,0.00012,
21.034,5.09875,0.02154,1.91698,0.00897,0.10981,0.00063,0.00012,
21.035,5.09875,0.02028,3.07892,0.09214,0.10342,0.00063,0.00012,
21.036,5.09625,0.02028,1.71966,0.03262,0.10337,0.00063,0.00012,
21.037,5.09375,0.02133,1.49053,1.75391,0.10864,0.00063,0.00012,
21.038,5.09625,0.02070,1.49053,1.75391,0.10550,0.00063,0.00012,
21.039,5.09875,0.02007,3.07809,0.06197,0.10235,0.00063,0.00012,
21.040,5.09875,0.02133,1.72781,1.27608,0.10875,0.00063,0.00012,
21.041,5.09750,0.02133,2.64920,2.19992,0.10872,0.00063,0.00012,
21.042,5.09875,0.02070,2.74378,2.34017,0.10555,0.00063,0.00012,
21.043,5.10000,0.02091,1.45873,0.85779,0.10664,0.00063,0.00012,
21.044,5.09875,0.02112,1.33561,0.01712,0.10768,0.00063,0.00012,
21.045,5.09625,0.02091,3.08461,0.24625,0.10656,0.00063,0.00012,
21.046,5.09750,0.02007,2.65817,2.20644,0.10233,0.00063,0.00012,
21.047,5.09500,0.02133,0.65476,2.08739,0.10867,0.00063,0.00012,
21.048,5.09875,0.02112,3.06912,0.02038,0.10768,0.00063,0.00012,
21.049,5.09875,0.02049,3.06912,0.02038,0.10448,0.00063,0.00012,
21.050,5.10000,0.02049,3.09033,0.25929,0.10451,0.00063,0.00012,
21.051,5.09500,0.02112,2.06049,2.95660,0.10760,0.00063,0.00012,
21.052,5.09500,0.02112,1.35599,1.49216,0.10760,0.00063,0.00012,
21.053,5.09875,0.02028,3.17186,0.01060,0.10342,0.00063,0.00012,
21.054,5.10125,0.01986,2.19258,0.41993,0.10133,0.00063,0.00012,
21.055,5.09500,0.02028,1.88681,2.24640,0.10334,0.00063,0.00012,
21.056,5.09750,0.01945,1.31278,1.44079,0.09913,0.00063,0.00012,
21.057,5.09500,0.01903,3.08299,0.15655,0.09695,0.00063,0.00012,
21.058,5.09500,0.01986,2.83266,2.49509,0.10121,0.00063,0.00012,
21.059,5.09750,0.01986,2.96476,2.73645,0.10126,0.00063,0.00012,
21.060,5.09875,0.02028,2.96476,2.73645,0.10342,0.00063,0.00012,
21.061,5.09500,0.01986,1.72373,2.63615,0.10121,0.00063,0.00012,
21.062,5.09750,0.01945,1.90882,0.00897,0.09913,0.00063,0.00012,
21.063,5.09875,0.02007,3.05362,0.00326,0.10235,0.00063,0.00012,
21.064,5.09500,0.02028,3.06749,0.03180,0.10334,0.00063,0.00012,
21.065,5.09875,0.02007,2.19502,0.00734,0.10235,0.00063,0.00012,
21.066,5.09875,0.02070,0.75586,1.34213,0.10555,0.00063,0.00012,
21.067,5.09875,0.02133,0.63519,1.43508,0.10875,0.00063,0.00012,
21.068,5.09875,0.02133,2.68996,2.00177,0.10875,0.00063,0.00012,
21.069,5.10000,0.01945,0.89856,1.92268,0.09918,0.00063,0.00012,
21.070,5.09625,0.02154,1.45791,0.00652,0.10976,0.00063,0.00012,
21.071,5.09750,0.02112,1.45791,0.00652,0.10765,0.00063,0.00012,
21.072,5.09875,0.02028,2.18198,0.01468,0.10342,0.00063,0.00012,
21.073,5.09625,0.02091,2.20155,1.18313,0.10656,0.00063,0.00012,
21.074,5.09500,0.02112,2.16893,0.00163,0.10760,0.00063,0.00012,
21.075,5.09625,0.02007,2.16893,0.00163,0.10230,0.00063,0.00012,
21.076,5.09625,0.02154,0.96379,0.69471,0.10976,0.00063,0.00012,
21.077,5.09375,0.02154,1.54271,2.54401,0.10971,0.00063,0.00012,
21.078,5.09625,0.01945,1.96508,0.00245,0.09910,0.00063,0.00012,
21.079,5.09750,0.02112,1.85419,2.99492,0.10765,0.00063,0.00012,
21.080,5.09625,0.02007,1.71068,2.56847,0.10230,0.00063,0.00012,
21.081,5.09750,0.02112,2.22682,1.56881,0.10765,0.00063,0.00012,
21.082,5.09875,0.02028,1.43264,1.49624,0.10342,0.00063,0.00012,
21.083,5.09875,0.02049,1.43264,1.49624,0.10448,0.00063,0.00012,
21.084,5.09750,0.02091,3.07970,0.08398,0.10659,0.00063,0.00012,
21.085,5.09750,0.02154,2.72175,2.31732,0.10979,0.00063,0.00012,
21.086,5.09750,0.02154,0.93688,1.26466,0.10979,0.00063,0.00012,
21.087,5.09500,0.02007,2.62961,2.66712,0.10227,0.00063,0.00012,
21.088,5.09625,0.02028,2.95006,2.68424,0.10337,0.00063,0.00012,
21.089,5.09750,0.02007,2.48121,1.94550,0.10233,0.00063,0.00012,
21.090,5.09375,0.02028,1.63077,3.02263,0.10331,0.00063,0.00012,
21.091,5.09625,0.01986,2.35890,1.64300,0.10123,0.00063,0.00012,
21.092,5.09875,0.02049,1.67806,1.90147,0.10448,0.00063,0.00012,
21.093,5.09500,0.01966,0.71917,1.46769,0.10014,0.00063,0.00012,
21.094,5.09625,0.01945,0.71917,1.46769,0.09910,0.00063,0.00012,
21.095,5.09625,0.01945,3.09597,0.62865,0.09910,0.00063,0.00012,
21.096,5.09500,0.02028,2.14117,1.17984,0.10334,0.00063,0.00012,
21.097,5.09500,0.01966,2.49178,1.67314,0.10014,0.00063,0.00012,
21.098,5.09875,0.01966,1.74163,3.01117,0.10022,0.00063,0.00012,
21.099,5.09750,0.01966,0.89039,0.91485,0.10019,0.00063,0.00012,
21.100,5.09500,0.01945,1.39755,0.00978,0.09908,0.00063,0.00012,
21.101,5.09500,0.01924,0.79336,1.58753,0.09801,0.00063,0.00012,
21.102,5.09625,0.01945,1.39347,0.80803,0.09910,0.00063,0.00012,
21.103,5.09625,0.02049,3.05601,0.00652,0.10443,0.00063,0.00012,
21.104,5.09625,0.02049,2.46161,2.87092,0.10443,0.00063,0.00012,
21.105,5.09750,0.01945,2.46161,2.87092,0.09913,0.00063,0.00012,
21.106,5.09750,0.01966,3.08363,0.01712,0.10019,0.00063,0.00012,
21.107,5.09625,0.02112,0.81208,1.52959,0.10763,0.00063,0.00012,
21.108,5.09750,0.02028,1.59318,1.26786,0.10339,0.00063,0.00012,
21.109,5.09875,0.01945,1.03223,0.54057,0.09915,0.00063,0.00012,
21.110,5.09625,0.02112,1.22139,0.06278,0.10763,0.00063,0.00012,
21.111,5.09875,0.02133,1.73342,0.00408,0.10875,0.00063,0.00012,
21.112,5.09875,0.02091,2.70124,2.28623,0.10661,0.00063,0.00012,
21.113,5.10125,0.02091,3.07140,0.02609,0.10667,0.00063,0.00012,
21.114,5.09750,0.02133,1.60460,0.00978,0.10872,0.00063,0.00012,
21.115,5.09750,0.02112,3.05265,1.31760,0.10765,0.00063,0.00012,
21.116,5.09500,0.02007,3.05265,1.31760,0.10227,0.00063,0.00012,
21.117,5.09625,0.02112,3.08273,1.83366,0.10763,0.00063,0.00012,
21.118,5.09750,0.02091,3.07213,0.03261,0.10659,0.00063,0.00012,
21.119,5.09500,0.02028,0.66775,1.48959,0.10334,0.00063,0.00012,
21.120,5.09750,0.01861,1.79697,3.00772,0.09486,0.00063,0.00012,
21.121,5.09750,0.01986,1.60700,1.77169,0.10126,0.00063,0.00012,
21.122,5.09875,0.01986,1.89399,0.01468,0.10128,0.00063,0.00012,
21.123,5.09625,0.02028,1.81490,0.01549,0.10337,0.00063,0.00012,
21.124,5.09875,0.02112,3.07050,0.02446,0.10768,0.00063,0.00012,
21.125,5.09750,0.01986,2.66202,0.01468,0.10126,0.00063,0.00012,
21.126,5.09625,0.02070,3.08109,0.00897,0.10550,0.00063,0.00012,
21.127,5.09500,0.02070,3.08109,0.00897,0.10547,0.00063,0.00012,
21.128,5.09750,0.02007,2.01703,2.34641,0.10233,0.00063,0.00012,
21.129,5.09750,0.02049,2.47441,1.65178,0.10446,0.00063,0.00012,
21.130,5.09750,0.02091,2.76955,2.43039,0.10659,0.00063,0.00012,
21.131,5.09750,0.02091,1.54905,0.00000,0.10659,0.00063,0.00012,
21.132,5.09500,0.01986,1.46263,1.72271,0.10121,0.00063,0.00012,
21.133,5.09875,0.02154,3.08751,0.19078,0.10981,0.00063,0.00012,
21.134,5.09500,0.02133,1.34197,1.45774,0.10867,0.00063,0.00012,
21.135,5.09750,0.01945,3.16496,0.00897,0.09913,0.00063,0.00012,
21.136,5.09875,0.02133,2.56083,2.47686,0.10875,0.00063,0.00012,
21.137,5.09500,0.02112,3.06713,0.02364,0.10760,0.00063,0.00012,
21.138,5.09625,0.02028,3.06713,0.02364,0.10337,0.00063,0.00012,
21.139,5.09625,0.02091,3.06714,0.01875,0.10656,0.00063,0.00012,
21.140,5.09750,0.02091,2.06107,1.97464,0.10659,0.00063,0.00012,
21.141,5.10125,0.02154,2.68150,0.00082,0.10987,0.00063,0.00012,
21.142,5.09375,0.02049,0.47450,2.00481,0.10438,0.00063,0.00012,
21.143,5.09625,0.02112,3.05573,0.03832,0.10763,0.00063,0.00012,
21.144,5.09875,0.02070,0.65713,1.03379,0.10555,0.00063,0.00012,
21.145,5.09500,0.02007,2.82581,2.70270,0.10227,0.00063,0.00012,
21.146,5.09875,0.02028,2.74673,1.44389,0.10342,0.00063,0.00012,
21.147,5.09750,0.02049,3.06795,0.06196,0.10446,0.00063,0.00012,
21.148,5.09750,0.01986,1.59798,0.00489,0.10126,0.00063,0.00012,
21.149,5.09875,0.01986,1.59798,0.00489,0.10128,0.00063,0.00012,
21.150,5.09375,0.02007,1.77408,0.00652,0.10225,0.00063,0.00012,
21.151,5.10125,0.02028,2.61139,0.00815,0.10347,0.00063,0.00012,
21.152,5.10000,0.02070,3.06959,0.02527,0.10557,0.00063,0.00012,
21.153,5.09875,0.02007,3.07937,0.00408,0.10235,0.00063,0.00012,
21.154,5.09375,0.01924,2.23310,0.00000,0.09799,0.00063,0.00012,
21.155,5.09625,0.02154,1.64364,1.87437,0.10976,0.00063,0.00012,
21.156,5.09875,0.02112,1.61347,0.00489,0.10768,0.00063,0.00012,
21.157,5.09875,0.02049,2.30892,0.00000,0.10448,0.00063,0.00012,
21.158,5.09625,0.02049,3.07448,0.01794,0.10443,0.00063,0.00012,
21.159,5.09625,0.02070,3.11362,0.00897,0.10550,0.00063,0.00012,
21.160,5.09875,0.02049,3.11362,0.00897,0.10448,0.00063,0.00012,
21.161,5.09625,0.02049,3.03458,0.84547,0.10443,0.00063,0.00012,
21.162,5.09625,0.02091,2.33423,1.71704,0.10656,0.00063,0.00012,
21.163,5.09750,0.02049,3.07208,0.04403,0.10446,0.00063,0.00012,
21.164,5.09875,0.02007,1.62817,0.00408,0.10235,0.00063,0.00012,
21.165,5.09750,0.02070,2.99299,0.95962,0.10552,0.00063,0.00012,
21.166,5.09750,0.02112,1.95103,0.00000,0.10765,0.00063,0.00012,
21.167,5.09750,0.02112,1.51240,0.00000,0.10765,0.00063,0.00012,
21.168,5.09750,0.02070,2.19155,0.00815,0.10552,0.00063,0.00012,
21.169,5.09750,0.02091,1.79205,0.00000,0.10659,0.00063,0.00012,
21.170,5.09625,0.02112,1.44880,1.61023,0.10763,0.00063,0.00012,
21.171,5.09500,0.02028,1.44880,1.61023,0.10334,0.00063,0.00012,
21.172,5.09625,0.01945,1.34281,0.14186,0.09910,0.00063,0.00012,
21.173,5.09875,0.02070,3.05169,0.02364,0.10555,0.00063,0.00012,
21.174,5.09750,0.01882,3.07697,0.10191,0.09593,0.00063,0.00012,
21.175,5.09500,0.01945,2.80629,2.45163,0.09908,0.00063,0.00012,
21.176,5.09500,0.02070,1.91271,0.00815,0.10547,0.00063,0.00012,
21.177,5.09875,0.02070,2.18176,0.00000,0.10555,0.00063,0.00012,
21.178,5.09625,0.02007,3.07860,0.04484,0.10230,0.00063,0.00012,
21.179,5.09625,0.02007,1.98201,0.01141,0.10230,0.00063,0.00012,
21.180,5.09625,0.02154,2.32444,1.56294,0.10976,0.00063,0.00012,
21.181,5.10000,0.02112,1.67383,0.00000,0.10771,0.00063,0.00012,
21.182,5.09500,0.02112,1.67383,0.00000,0.10760,0.00063,0.00012,
21.183,5.09875,0.01986,3.05659,0.02120,0.10128,0.00063,0.00012,
21.184,5.09875,0.01966,1.69584,0.01223,0.10022,0.00063,0.00012,
21.185,5.09875,0.01966,3.07453,0.03669,0.10022,0.00063,0.00012,
21.186,5.09875,0.01966,3.08839,0.41255,0.10022,0.00063,0.00012,
21.187,5.09625,0.01924,3.06556,0.02120,0.09804,0.00063,0.00012,
21.188,5.09625,0.02007,3.08349,0.13208,0.10230,0.00063,0.00012,
21.189,5.09875,0.02091,1.39744,0.00000,0.10661,0.00063,0.00012,
21.190,5.09500,0.01903,1.04604,1.13409,0.09695,0.00063,0.00012,
21.191,5.09750,0.02028,1.77411,0.00082,0.10339,0.00063,0.00012,
21.192,5.09875,0.01945,1.14143,1.25884,0.09915,0.00063,0.00012,
21.193,5.09625,0.02007,1.14143,1.25884,0.10230,0.00063,0.00012,
21.194,5.09750,0.01966,2.59757,2.79814,0.10019,0.00063,0.00012,
21.195,5.09750,0.01966,0.90336,1.33140,0.10019,0.00063,0.00012,
21.196,5.09625,0.02070,1.56213,0.00897,0.10550,0.00063,0.00012,
21.197,5.09750,0.01986,3.08024,0.17040,0.10126,0.00063,0.00012,
21.198,5.09875,0.02049,0.55686,2.07333,0.10448,0.00063,0.00012,
21.199,5.09625,0.02028,0.46717,0.99957,0.10337,0.00063,0.00012,
21.200,5.09875,0.02070,1.58251,0.01060,0.10555,0.00063,0.00012,
21.201,5.09750,0.02028,3.06393,0.01875,0.10339,0.00063,0.00012,
21.202,5.09875,0.02154,2.38315,0.00000,0.10981,0.00063,0.00012,
21.203,5.09875,0.02154,2.80466,0.00897,0.10981,0.00063,0.00012,
21.204,5.09750,0.02154,2.80466,0.00897,0.10979,0.00063,0.00012,
21.205,5.09875,0.01966,1.41213,0.00326,0.10022,0.00063,0.00012,
21.206,5.09625,0.02112,0.71096,1.47001,0.10763,0.00063,0.00012,
21.207,5.09875,0.02112,1.69912,0.01631,0.10768,0.00063,0.00012,
21.208,5.09625,0.02007,3.08678,0.17122,0.10230,0.00063,0.00012,
21.209,5.09875,0.02070,2.35789,0.00000,0.10555,0.00063,0.00012,
21.210,5.09750,0.02070,2.11574,1.42680,0.10552,0.00063,0.00012,
21.211,5.09625,0.02007,3.18625,0.01060,0.10230,0.00063,0.00012,
21.212,5.09625,0.02091,1.51078,0.01386,0.10656,0.00063,0.00012,
21.213,5.09750,0.02091,3.06559,0.01549,0.10659,0.00063,0.00012,
21.214,5.09625,0.02112,1.74641,0.00000,0.10763,0.00063,0.00012,
21.215,5.09875,0.01986,1.74641,0.00000,0.10128,0.00063,0.00012,
21.216,5.09625,0.02007,3.12103,1.16916,0.10230,0.00063,0.00012,
21.217,5.09750,0.02007,2.03258,0.00000,0.10233,0.00063,0.00012,
21.218,5.09375,0.02049,0.49571,1.26129,0.10438,0.00063,0.00012,
21.219,5.09625,0.02070,1.85810,0.01631,0.10550,0.00063,0.00012,
21.220,5.09750,0.01966,2.13939,1.46267,0.10019,0.00063,0.00012,
21.221,5.09750,0.02112,3.07129,0.03017,0.10765,0.00063,0.00012,
21.222,5.09500,0.02112,0.94250,0.75824,0.10760,0.00063,0.00012,
21.223,5.09625,0.02070,3.05662,2.97835,0.10550,0.00063,0.00012,
21.224,5.09750,0.01986,3.06477,0.01631,0.10126,0.00063,0.00012,
21.225,5.09500,0.02112,1.90784,0.01223,0.10760,0.00063,0.00012,
21.226,5.09625,0.02133,1.90784,0.01223,0.10869,0.00063,0.00012,
21.227,5.09625,0.02007,0.82673,1.85565,0.10230,0.00063,0.00012,
21.228,5.09500,0.02091,3.09329,0.00734,0.10654,0.00063,0.00012,
21.229,5.09625,0.02070,1.45696,0.00163,0.10550,0.00063,0.00012,
21.230,5.09625,0.02049,2.50382,1.99833,0.10443,0.00063,0.00012,
21.231,5.09625,0.02049,0.86831,0.70198,0.10443,0.00063,0.00012,
21.232,5.09750,0.02112,1.20748,1.30694,0.10765,0.00063,0.00012,
21.233,5.09750,0.02112,0.55604,1.26129,0.10765,0.00063,0.00012,
21.234,5.09500,0.02007,3.10634,0.01712,0.10227,0.00063,0.00012,
21.235,5.09875,0.02112,1.29227,1.57029,0.10768,0.00063,0.00012,
21.236,5.09375,0.02091,1.29064,0.06441,0.10651,0.00063,0.00012,
21.237,5.09375,0.02049,1.29064,0.06441,0.10438,0.00063,0.00012,
21.238,5.09875,0.02028,1.29064,0.06441,0.10342,0.00063,0.00012,
21.239,5.09875,0.02112,2.96528,2.72476,0.10768,0.00063,0.00012,
21.240,5.09875,0.02112,2.16791,0.00734,0.10768,0.00063,0.00012,
21.241,5.09625,0.01986,0.51691,0.94657,0.10123,0.00063,0.00012,
21.242,5.09750,0.01945,3.16340,0.00978,0.09913,0.00063,0.00012,
21.243,5.09625,0.02028,3.07453,0.04647,0.10337,0.00063,0.00012,
21.244,5.09500,0.02007,2.90250,0.00571,0.10227,0.00063,0.00012,
21.245,5.09625,0.01945,1.64366,0.00652,0.09910,0.00063,0.00012,
21.246,5.09500,0.02028,1.19850,1.61187,0.10334,0.00063,0.00012,
21.247,5.09500,0.01924,2.22742,0.00000,0.09801,0.00063,0.00012,
21.248,5.09500,0.02007,1.08192,0.38972,0.10227,0.00063,0.00012,
21.249,5.09625,0.02007,1.08192,0.38972,0.10230,0.00063,0.00012,
21.250,5.09625,0.02007,3.03851,0.89027,0.10230,0.00063,0.00012,
21.251,5.09625,0.02091,0.85440,1.44303,0.10656,0.00063,0.00012,
21.252,5.09625,0.02154,0.86174,1.19926,0.10976,0.00063,0.00012,
21.253,5.09625,0.01986,0.86908,0.99137,0.10123,0.00064,0.00012,
21.254,5.09750,0.02070,3.07683,0.05218,0.10552,0.00064,0.00012,
21.255,5.09750,0.02175,1.99578,1.28160,0.11085,0.00064,0.00012,
21.256,5.09625,0.01986,3.08416,0.12637,0.10123,0.00064,0.00012,
21.257,5.09625,0.02112,1.35498,1.56450,0.10763,0.00064,0.00012,
21.258,5.09750,0.02112,3.07275,0.02609,0.10765,0.00064,0.00012,
21.259,5.09750,0.02049,3.08906,0.21849,0.10446,0.00064,0.00012,
21.260,5.09750,0.02049,3.08906,0.21849,0.10446,0.00064,0.00012,
21.261,5.09500,0.02133,3.08600,0.16873,0.10867,0.00064,0.00012,
21.262,5.09750,0.02070,2.15026,1.46068,0.10552,0.00064,0.00012,
21.263,5.09500,0.02007,3.05258,0.00815,0.10227,0.00064,0.00012,
21.264,5.09750,0.02112,2.22525,0.00000,0.10765,0.00064,0.00012,
21.265,5.09625,0.02091,1.33841,0.00326,0.10656,0.00064,0.00012,
21.266,5.09625,0.01966,1.95626,0.00000,0.10017,0.00064,0.00012,
21.267,5.09500,0.01966,2.08179,0.00897,0.10014,0.00064,0.00012,
21.268,5.09625,0.01924,0.71485,2.05897,0.09804,0.00064,0.00012,
21.269,5.09625,0.02091,2.16004,0.00408,0.10656,0.00064,0.00012,
21.270,5.09500,0.02028,0.49640,1.24467,0.10334,0.00064,0.00012,
21.271,5.09625,0.01945,0.49640,1.24467,0.09910,0.00064,0.00012,
21.272,5.09750,0.02049,2.20994,1.16934,0.10446,0.00064,0.00012,
21.273,5.09875,0.02028,3.06556,0.01304,0.10342,0.00064,0.00012,
21.274,5.10000,0.01986,2.27513,0.00326,0.10131,0.00064,0.00012,
21.275,5.10000,0.02028,3.19186,0.00978,0.10344,0.00064,0.00012,
21.276,5.09750,0.02028,0.74235,1.39262,0.10339,0.00064,0.00012,
21.277,5.09750,0.02049,3.05659,1.51485,0.10446,0.00064,0.00012,
21.278,5.09500,0.01986,3.08511,0.37810,0.10121,0.00064,0.00012,
21.279,5.09625,0.02007,0.80184,2.17979,0.10230,0.00064,0.00012,
21.280,5.09750,0.02049,3.07534,0.10430,0.10446,0.00064,0.00012,
21.281,5.09875,0.01986,2.93273,0.00652,0.10128,0.00064,0.00012,
21.282,5.09625,0.02028,2.93273,0.00652,0.10337,0.00064,0.00012,
21.283,5.09750,0.02007,3.08351,0.23550,0.10233,0.00064,0.00012,
21.284,5.09750,0.02007,3.06965,0.04482,0.10233,0.00064,0.00012,
21.285,5.09625,0.02007,1.97608,0.00000,0.10230,0.00064,0.00012,
21.286,5.09625,0.02007,1.64280,0.00326,0.10230,0.00064,0.00012,
21.287,5.09500,0.02028,3.06151,0.01711,0.10334,0.00064,0.00012,
21.288,5.09750,0.02154,3.06965,0.04074,0.10979,0.00064,0.00012,
21.289,5.09500,0.01882,3.08432,0.10105,0.09588,0.00064,0.00012,
21.290,5.09875,0.01966,3.06639,0.01467,0.10022,0.00064,0.00012,
21.291,5.09500,0.02070,2.27189,2.91320,0.10547,0.00064,0.00012,
21.292,5.09875,0.02007,3.06639,0.01467,0.10235,0.00064,0.00012,
21.293,5.10000,0.02049,3.06639,0.01467,0.10451,0.00064,0.00012,
21.294,5.09750,0.02007,2.50253,2.97191,0.10233,0.00064,0.00012,
21.295,5.09750,0.02007,2.08694,1.38532,0.10233,0.00064,0.00012,
21.296,5.09500,0.02028,1.44562,0.00815,0.10334,0.00064,0.00012,
21.297,5.09625,0.02028,3.06318,0.01630,0.10337,0.00064,0.00012,
21.298,5.09625,0.02049,3.07133,0.04726,0.10443,0.00064,0.00012,
21.299,5.09625,0.02049,0.86216,0.96483,0.10443,0.00064,0.00012,
21.300,5.09750,0.02049,1.94270,0.00000,0.10446,0.00064,0.00012,
21.301,5.09750,0.02070,2.63944,2.83745,0.10552,0.00064,0.00012,
21.302,5.09875,0.02070,3.09089,0.54842,0.10555,0.00064,0.00012,
21.303,5.09875,0.01986,3.05422,2.87168,0.10128,0.00064,0.00012,
21.304,5.09750,0.01986,3.05422,2.87168,0.10126,0.00064,0.00012,
21.305,5.09750,0.02112,3.08442,0.14750,0.10765,0.00064,0.00012,
21.306,5.09750,0.02112,1.74879,0.00815,0.10765,0.00064,0.00012,
21.307,5.09625,0.02007,3.00049,0.91514,0.10230,0.00064,0.00012,
21.308,5.09500,0.02070,3.09013,0.91351,0.10547,0.00064,0.00012,
21.309,5.09625,0.02154,3.07627,1.81724,0.10976,0.00064,0.00012,
21.310,5.09625,0.02007,2.25403,0.00652,0.10230,0.00064,0.00012,
21.311,5.09625,0.02112,0.61444,1.40327,0.10763,0.00064,0.00012,
21.312,5.09625,0.02133,3.19117,0.00326,0.10869,0.00064,0.00012,
21.313,5.09500,0.02133,3.08361,0.30722,0.10867,0.00064,0.00012,
21.314,5.09625,0.01966,3.08850,0.24121,0.10017,0.00064,0.00012,
21.315,5.09875,0.02028,3.08850,0.24121,0.10342,0.00064,0.00012,
21.316,5.09875,0.02007,3.09590,0.77662,0.10235,0.00064,0.00012,
21.317,5.09750,0.02007,3.11139,0.01304,0.10233,0.00064,0.00012,
21.318,5.10125,0.02070,2.81312,1.85966,0.10560,0.00064,0.00012,
21.319,5.09625,0.01945,2.73000,2.24268,0.09910,0.00064,0.00012,
21.320,5.09625,0.02112,3.09020,0.01467,0.10763,0.00064,0.00012,
21.321,5.09625,0.02112,0.80026,1.21016,0.10763,0.00064,0.00012,
21.322,5.09875,0.02112,2.37306,0.00652,0.10768,0.00064,0.00012,
21.323,5.09750,0.01966,3.08286,0.23959,0.10019,0.00064,0.00012,
21.324,5.09625,0.02154,3.08938,0.31538,0.10976,0.00064,0.00012,
21.325,5.09500,0.02112,1.90856,0.01059,0.10760,0.00064,0.00012,
21.326,5.09500,0.01945,1.90856,0.01059,0.09908,0.00064,0.00013,
21.327,5.09875,0.02154,3.08619,1.56225,0.10981,0.00064,0.00013,
21.328,5.09875,0.02112,3.07234,0.08312,0.10768,0.00064,0.00013,
21.329,5.09500,0.02007,3.07315,0.04238,0.10227,0.00064,0.00013,
21.330,5.09500,0.02133,1.60462,0.00978,0.10867,0.00064,0.00013,
21.331,5.09625,0.02133,0.79131,1.25583,0.10869,0.00064,0.00013,
21.332,5.09375,0.01966,3.11797,0.00489,0.10012,0.00064,0.00013,
21.333,5.09625,0.02007,0.74812,0.83858,0.10230,0.00064,0.00013,
21.334,5.09750,0.01966,2.71050,2.32096,0.10019,0.00064,0.00013,
21.335,5.09750,0.02028,3.08130,0.19885,0.10339,0.00064,0.00013,
21.336,5.09625,0.01945,0.67803,0.75871,0.09910,0.00064,0.00013,
21.337,5.09625,0.01986,0.67803,0.75871,0.10123,0.00064,0.00013,
21.338,5.09500,0.02049,0.45974,1.18278,0.10441,0.00064,0.00013,
21.339,5.09500,0.02049,3.07066,0.02119,0.10441,0.00064,0.00013,
21.340,5.09500,0.02049,3.07800,1.89033,0.10441,0.00064,0.00013,
21.341,5.09625,0.02007,1.33195,0.01793,0.10230,0.00064,0.00013,
21.342,5.09625,0.02049,3.07311,0.04402,0.10443,0.00064,0.00013,
21.343,5.09625,0.01924,3.05436,2.38838,0.09804,0.00064,0.00013,
21.344,5.09500,0.01882,3.07881,0.06440,0.09588,0.00064,0.00013,
21.345,5.10000,0.01966,2.11449,0.00326,0.10024,0.00064,0.00013,
21.346,5.09875,0.02091,2.83019,1.73137,0.10661,0.00064,0.00013,
21.347,5.09375,0.02112,3.08615,0.00245,0.10758,0.00064,0.00013,
21.348,5.09375,0.02007,3.08615,0.00245,0.10225,0.00064,0.00013,
21.349,5.09875,0.02007,1.31983,2.06494,0.10235,0.00064,0.00013,
21.350,5.09625,0.02112,3.07825,0.11332,0.10763,0.00064,0.00013,
21.351,5.09750,0.02112,0.56087,0.95054,0.10765,0.00064,0.00013,
21.352,5.09750,0.01986,3.09130,0.60734,0.10126,0.00064,0.00013,
21.353,5.09625,0.02091,2.77826,1.98342,0.10656,0.00064,0.00013,
21.354,5.09875,0.02154,2.74483,2.13831,0.10981,0.00064,0.00013,
21.355,5.09625,0.02028,1.91739,2.71711,0.10337,0.00064,0.00013,
21.356,5.09875,0.02091,2.27119,2.53451,0.10661,0.00064,0.00013,
21.357,5.09875,0.02091,2.10896,0.00163,0.10661,0.00064,0.00013,
21.358,5.09750,0.02091,3.08804,0.43206,0.10659,0.00064,0.00013,
21.359,5.09875,0.02028,3.08804,0.43206,0.10342,0.00064,0.00013,
21.360,5.09750,0.02091,1.73404,0.58454,0.10659,0.00064,0.00013,
21.361,5.09750,0.02091,3.08818,0.45165,0.10659,0.00064,0.00013,
21.362,5.09625,0.02049,3.08410,0.28860,0.10443,0.00064,0.00013,
21.363,5.09875,0.02049,2.62919,0.83482,0.10448,0.00064,0.00013,
21.364,5.10000,0.02112,1.29462,0.06196,0.10771,0.00064,0.00013,
21.365,5.09500,0.01924,3.06617,0.01631,0.09801,0.00064,0.00013,
21.366,5.09500,0.02028,3.06943,0.02935,0.10334,0.00064,0.00013,
21.367,5.09500,0.02028,3.06209,1.59545,0.10334,0.00064,0.00013,
21.368,5.09625,0.02070,3.05557,1.34435,0.10550,0.00064,0.00013,
21.369,5.09625,0.02028,2.92676,1.33376,0.10337,0.00064,0.00013,
21.370,5.09875,0.02028,2.92676,1.33376,0.10342,0.00064,0.00013,
21.371,5.09875,0.01986,3.07432,0.03669,0.10128,0.00064,0.00013,
21.372,5.09625,0.01903,3.06616,0.01060,0.09697,0.00064,0.00013,
21.373,5.10000,0.01924,3.05312,1.23918,0.09811,0.00064,0.00013,
21.374,5.09500,0.01945,0.38969,1.70877,0.09908,0.00064,0.00013,
21.375,5.09500,0.02007,1.95742,0.00326,0.10227,0.00064,0.00013,
21.376,5.09500,0.02007,2.10580,0.00000,0.10227,0.00064,0.00013,
21.377,5.09750,0.01882,3.13628,0.01386,0.09593,0.00064,0.00013,
21.378,5.09375,0.02007,3.09062,0.81362,0.10225,0.00064,0.00013,
21.379,5.09750,0.02070,1.68676,1.85062,0.10552,0.00064,0.00013,
21.380,5.09750,0.02112,3.17622,0.01060,0.10765,0.00064,0.00013,
21.381,5.09500,0.01924,3.17622,0.01060,0.09801,0.00064,0.00013,
21.382,5.09500,0.02028,2.93736,1.31011,0.10334,0.00064,0.00013,
21.383,5.09750,0.02112,3.05313,0.01386,0.10765,0.00064,0.00013,
21.384,5.09750,0.01986,3.09063,1.29870,0.10126,0.00064,0.00013,
21.385,5.09875,0.01986,2.05281,0.00408,0.10128,0.00064,0.00013,
21.386,5.09500,0.01903,3.06454,0.01386,0.09695,0.00064,0.00013,
21.387,5.09625,0.02070,0.64405,0.77938,0.10550,0.00064,0.00013,
21.388,5.09750,0.02049,1.00439,1.10875,0.10446,0.00064,0.00013,
21.389,5.09750,0.01986,2.70175,2.39359,0.10126,0.00064,0.00013,
21.390,5.09875,0.02070,3.06536,0.01794,0.10555,0.00064,0.00013,
21.391,5.09500,0.02070,2.40174,0.00163,0.10547,0.00064,0.00013,
21.392,5.09375,0.01986,2.40174,0.00163,0.10118,0.00064,0.00013,
21.393,5.09375,0.02133,2.12455,2.42701,0.10864,0.00064,0.00013,
21.394,5.09750,0.02007,3.06943,0.01875,0.10233,0.00064,0.00013,
21.395,5.09750,0.02007,3.07514,0.04892,0.10233,0.00064,0.00013,
21.396,5.09500,0.02049,1.90525,0.00000,0.10441,0.00064,0.00013,
21.397,5.09875,0.02091,3.08248,0.21767,0.10661,0.00064,0.00013,
21.398,5.09500,0.02112,3.08248,0.21767,0.10760,0.00064,0.00013,
21.399,5.09500,0.01966,2.53463,2.92921,0.10014,0.00064,0.00013,
21.400,5.09500,0.02175,2.56398,1.75443,0.11080,0.00064,0.00013,
21.401,5.09625,0.02112,2.24929,0.00652,0.10763,0.00064,0.00013,
21.402,5.09625,0.02091,3.09063,0.51606,0.10656,0.00064,0.00013,
21.403,5.09750,0.02091,0.66362,0.76797,0.10659,0.00064,0.00013,
21.404,5.09375,0.02091,0.66362,0.76797,0.10651,0.00064,0.00013,
21.405,5.09500,0.02175,1.29136,0.02609,0.11080,0.00064,0.00013,
21.406,5.09500,0.02007,2.46695,2.68463,0.10227,0.00064,0.00013,
21.407,5.09500,0.02091,1.05575,0.17773,0.10654,0.00064,0.00013,
21.408,5.10125,0.02070,3.08899,0.31550,0.10560,0.00064,0.00013,
21.409,5.09625,0.01924,3.09225,0.33833,0.09804,0.00064,0.00013,
21.410,5.09500,0.02070,1.95824,0.13207,0.10547,0.00064,0.00013,
21.411,5.09500,0.01966,3.08084,0.10028,0.10014,0.00064,0.00013,
21.412,5.09625,0.01966,3.07024,0.02283,0.10017,0.00064,0.00013,
21.413,5.09500,0.01945,2.95203,1.19679,0.09908,0.00064,0.00013,
21.414,5.09500,0.01945,3.01562,0.86580,0.09908,0.00064,0.00013,
21.415,5.09625,0.01945,3.01562,0.86580,0.09910,0.00064,0.00013,
21.416,5.09625,0.02091,3.08076,1.87911,0.10656,0.00064,0.00013,
21.417,5.09750,0.02070,1.90438,0.00000,0.10552,0.00064,0.00013,
21.418,5.09750,0.02007,1.80492,0.01060,0.10233,0.00064,0.00013,
21.419,5.09625,0.02070,0.38805,1.18045,0.10550,0.00064,0.00013,
21.420,5.09625,0.02091,3.08972,1.38915,0.10656,0.00064,0.00013,
21.421,5.09375,0.02091,3.08646,0.12881,0.10651,0.00064,0.00013,
21.422,5.09875,0.01945,0.69376,1.84405,0.09915,0.00064,0.00013,
21.423,5.09750,0.02133,3.05548,1.56280,0.10872,0.00064,0.00013,
21.424,5.09750,0.02133,1.89215,2.24596,0.10872,0.00064,0.00013,
21.425,5.09750,0.02007,1.58236,1.52367,0.10233,0.00064,0.00013,
21.426,5.10000,0.02091,1.58236,1.52367,0.10664,0.00064,0.00013,
21.427,5.09875,0.02133,0.87794,0.66518,0.10875,0.00064,0.00013,
21.428,5.09625,0.02028,0.71164,1.81865,0.10337,0.00064,0.00013,
21.429,5.09625,0.02154,2.63789,2.61996,0.10976,0.00064,0.00013,
21.430,5.09625,0.02154,2.94358,1.25292,0.10976,0.00064,0.00013,
21.431,5.09500,0.02091,3.07564,0.04646,0.10654,0.00064,0.00013,
21.432,5.09750,0.01986,2.19852,2.93299,0.10126,0.00064,0.00013,
21.433,5.09750,0.02007,1.57002,1.52518,0.10233,0.00064,0.00013,
21.434,5.09500,0.02007,1.86593,0.16385,0.10227,0.00064,0.00013,
21.435,5.09625,0.01966,3.07483,0.05625,0.10017,0.00064,0.00013,
21.436,5.09500,0.02007,2.59387,1.29042,0.10227,0.00064,0.00013,
21.437,5.09750,0.01945,2.59387,1.29042,0.09913,0.00064,0.00013,
21.438,5.09750,0.02091,2.25053,2.87491,0.10659,0.00064,0.00013,
21.439,5.10000,0.02091,3.07624,0.10433,0.10664,0.00064,0.00013,
21.440,5.09500,0.01966,0.51841,1.12404,0.10014,0.00064,0.00013,
21.441,5.09625,0.01903,2.97598,1.85683,0.09697,0.00064,0.00013,
21.442,5.10000,0.02007,0.98873,0.33501,0.10238,0.00064,0.00013,
21.443,5.09625,0.01882,3.07053,1.75657,0.09591,0.00064,0.00013,
21.444,5.09625,0.02049,3.09010,0.72464,0.10443,0.00064,0.00013,
21.445,5.09500,0.02112,3.08113,0.10433,0.10760,0.00064,0.00013,
21.446,5.09750,0.02091,2.04023,1.99784,0.10659,0.00064,0.00013,
21.447,5.09750,0.02091,3.09173,0.98710,0.10659,0.00064,0.00013,
21.448,5.09625,0.02091,3.09173,0.98710,0.10656,0.00064,0.00013,
21.449,5.09750,0.02091,2.21223,1.14931,0.10659,0.00064,0.00013,
21.450,5.09625,0.02070,1.59437,0.07499,0.10550,0.00064,0.00013,
21.451,5.09250,0.02049,1.91308,0.55591,0.10435,0.00064,0.00013,
21.452,5.09500,0.02133,1.98888,0.02934,0.10867,0.00064,0.00013,
21.453,5.09625,0.02070,3.06728,0.01793,0.10550,0.00064,0.00013,
21.454,5.09875,0.02049,1.81608,0.00408,0.10448,0.00064,0.00013,
21.455,5.09625,0.02091,3.07217,0.04565,0.10656,0.00064,0.00013,
21.456,5.09750,0.02112,3.08277,0.23312,0.10765,0.00064,0.00013,
21.457,5.09750,0.02112,3.00126,0.88603,0.10765,0.00064,0.00013,
21.458,5.09750,0.01966,1.85276,2.20407,0.10019,0.00064,0.00013,
21.459,5.09750,0.02007,1.85276,2.20407,0.10233,0.00064,0.00013,
21.460,5.09875,0.02112,2.76488,0.79392,0.10768,0.00064,0.00013,
21.461,5.09625,0.02007,1.65306,1.81282,0.10230,0.00064,0.00013,
21.462,5.10000,0.02091,3.07381,0.06195,0.10664,0.00064,0.00013,
21.463,5.09750,0.02112,3.05424,1.49655,0.10765,0.00064,0.00013,
21.464,5.09625,0.02028,3.09337,1.06617,0.10337,0.00064,0.00013,
21.465,5.09375,0.01924,0.64313,1.38325,0.09799,0.00064,0.00013,
21.466,5.09375,0.01986,0.66432,2.13398,0.10118,0.00064,0.00013,
21.467,5.09250,0.01986,3.08522,0.37006,0.10116,0.00064,0.00013,
21.468,5.09750,0.01966,2.09485,0.00000,0.10019,0.00064,0.00013,
21.469,5.09625,0.02007,2.28803,1.44683,0.10230,0.00064,0.00013,
21.470,5.09500,0.02049,2.28803,1.44683,0.10441,0.00064,0.00013,
21.471,5.09750,0.01986,1.25529,0.06113,0.10126,0.00064,0.00013,
21.472,5.09250,0.02070,1.91554,0.00000,0.10542,0.00064,0.00013,
21.473,5.09625,0.01924,3.08931,0.84610,0.09804,0.00064,0.00013,
21.474,5.09500,0.02028,1.74844,1.90902,0.10334,0.00064,0.00013,
21.475,5.09500,0.02028,3.07057,0.01386,0.10334,0.00064,0.00013,
21.476,5.09625,0.02028,3.04693,1.15992,0.10337,0.00064,0.00013,
21.477,5.09500,0.01966,2.63203,2.66953,0.10014,0.00064,0.00013,
21.478,5.09500,0.02154,3.09094,0.31790,0.10973,0.00064,0.00013,
21.479,5.09750,0.02175,2.33451,2.90836,0.11085,0.00064,0.00013,
21.480,5.09875,0.01945,1.31316,0.06032,0.09915,0.00064,0.00013,
21.481,5.09875,0.02112,1.31316,0.06032,0.10768,0.00064,0.00013,
21.482,5.09625,0.02133,1.72806,1.88946,0.10869,0.00064,0.00013,
21.483,5.09375,0.02007,1.53977,1.36044,0.10225,0.00064,0.00013,
21.484,5.09375,0.02133,2.78283,1.98401,0.10864,0.00064,0.00013,
21.485,5.09875,0.02133,3.08932,0.25269,0.10875,0.00064,0.00013,
21.486,5.09500,0.02070,3.03308,0.89338,0.10547,0.00064,0.00013,
21.487,5.09875,0.01986,3.03878,1.01157,0.10128,0.00064,0.00013,
21.488,5.09875,0.02070,2.62633,0.01141,0.10555,0.00064,0.00013,
21.489,5.09500,0.02070,1.61884,1.34332,0.10547,0.00064,0.00013,
21.490,5.09750,0.01966,1.86826,1.52510,0.10019,0.00064,0.00013,
21.491,5.09625,0.02007,2.69643,2.37364,0.10230,0.00064,0.00013,
21.492,5.09625,0.02112,2.69643,2.37364,0.10763,0.00064,0.00013,
21.493,5.09625,0.02154,2.07137,1.63688,0.10976,0.00064,0.00013,
21.494,5.09750,0.02028,2.85965,1.65400,0.10339,0.00064,0.00013,
21.495,5.09750,0.02028,3.08709,0.23233,0.10339,0.00064,0.00013,
21.496,5.09875,0.02091,3.07241,0.05462,0.10661,0.00064,0.00013,
21.497,5.09625,0.02091,2.96155,1.10946,0.10656,0.00064,0.00013,
21.498,5.09750,0.02049,3.06508,0.00815,0.10446,0.00064,0.00013,
21.499,5.09625,0.02154,0.53802,1.72248,0.10976,0.00064,0.00013,
21.500,5.09500,0.02091,1.81622,1.57248,0.10654,0.00064,0.00013,
21.501,5.09625,0.02007,0.39292,1.18120,0.10230,0.00064,0.00013,
21.502,5.09625,0.02028,1.13962,0.26086,0.10337,0.00064,0.00013,
21.503,5.09625,0.02028,1.13962,0.26086,0.10337,0.00064,0.00013,
21.504,5.09500,0.02049,1.73307,1.39233,0.10441,0.00064,0.00013,
21.505,5.09750,0.02070,2.19039,0.00897,0.10552,0.00064,0.00013,
21.506,5.09500,0.01986,2.65830,2.57189,0.10121,0.00064,0.00013,
21.507,5.09875,0.02112,2.34446,2.91590,0.10768,0.00064,0.00013,
21.508,5.09750,0.01945,2.99171,0.00652,0.09913,0.00064,0.00013,
21.509,5.09625,0.01966,1.32304,0.01630,0.10017,0.00064,0.00013,
21.510,5.09625,0.01966,2.33957,1.53009,0.10017,0.00064,0.00013,
21.511,5.09625,0.02091,1.72411,1.57004,0.10656,0.00064,0.00013,
21.512,5.09875,0.02091,3.08627,1.19587,0.10661,0.00064,0.00013,
21.513,5.09375,0.02049,2.91753,1.36298,0.10438,0.00064,0.00013,
21.514,5.09875,0.01986,2.91753,1.36298,0.10128,0.00064,0.00013,
21.515,5.09625,0.02091,2.64608,0.74426,0.10656,0.00064,0.00013,
21.516,5.09750,0.02154,3.06590,1.51542,0.10979,0.00064,0.00013,
21.517,5.09625,0.02007,1.45510,1.57656,0.10230,0.00064,0.00013,
21.518,5.09625,0.02133,1.21299,1.19913,0.10869,0.00064,0.00013,
21.519,5.09250,0.02112,3.07160,1.81949,0.10755,0.00064,0.00013,
21.520,5.09250,0.02007,2.92813,2.08686,0.10222,0.00064,0.00013,
21.521,5.09750,0.02007,2.50994,2.96237,0.10233,0.00064,0.00013,
21.522,5.09500,0.02070,2.16675,1.24397,0.10547,0.00064,0.00013,
21.523,5.09875,0.02133,3.07568,0.08396,0.10875,0.00064,0.00013,
21.524,5.09875,0.02028,2.41457,2.94607,0.10342,0.00064,0.00013,
21.525,5.09625,0.02133,2.41457,2.94607,0.10869,0.00064,0.00013,
21.526,5.09750,0.02007,2.96482,0.97659,0.10233,0.00064,0.00013,
21.527,5.10125,0.02070,3.07079,0.03016,0.10560,0.00064,0.00013,
21.528,5.09625,0.02070,3.06916,0.03342,0.10550,0.00064,0.00013,
21.529,5.09625,0.02175,1.58553,1.70292,0.11082,0.00064,0.00013,
21.530,5.09750,0.02175,0.52335,1.14370,0.11085,0.00064,0.00013,
21.531,5.09875,0.02028,2.17328,2.83847,0.10342,0.00064,0.00013,
21.532,5.09750,0.01986,3.07976,0.12228,0.10126,0.00064,0.00013,
21.533,5.09875,0.02028,1.75835,0.00734,0.10342,0.00064,0.00013,
21.534,5.09500,0.02028,2.92814,1.07360,0.10334,0.00064,0.00013,
21.535,5.09500,0.02007,3.09688,0.62117,0.10227,0.00064,0.00013,
21.536,5.09750,0.02112,3.09688,0.62117,0.10765,0.00064,0.00013,
21.537,5.09500,0.02007,2.47001,1.92139,0.10227,0.00064,0.00013,
21.538,5.09500,0.01966,1.79096,0.00000,0.10014,0.00064,0.00013,
21.539,5.09750,0.01966,1.10213,1.65483,0.10019,0.00064,0.00013,
21.540,5.09750,0.01966,1.00023,0.31955,0.10019,0.00064,0.00013,
21.541,5.09750,0.02049,0.62932,1.47956,0.10446,0.00064,0.00013,
21.542,5.09625,0.02112,0.39781,1.66298,0.10763,0.00064,0.00013,
21.543,5.09750,0.02049,3.05206,2.70886,0.10446,0.00064,0.00013,
21.544,5.09625,0.02049,0.69046,0.77361,0.10443,0.00064,0.00013,
21.545,5.09750,0.02154,3.08140,0.09293,0.10979,0.00064,0.00013,
21.546,5.09625,0.01986,2.86456,2.54583,0.10123,0.00064,0.00013,
21.547,5.09625,0.02112,2.86456,2.54583,0.10763,0.00064,0.00013,
21.548,5.09750,0.02112,2.62653,2.69826,0.10765,0.00064,0.00013,
21.549,5.09625,0.02070,2.38360,2.61756,0.10550,0.00064,0.00013,
21.550,5.09625,0.02070,1.30430,2.04122,0.10550,0.00064,0.00013,
21.551,5.09625,0.02070,0.54780,1.76080,0.10550,0.00064,0.00013,
21.552,5.09875,0.02049,3.08222,0.19891,0.10448,0.00064,0.00013,
21.553,5.09750,0.01986,3.08385,0.26738,0.10126,0.00064,0.00013,
21.554,5.09750,0.01945,3.04064,0.96518,0.09913,0.00064,0.00013,
21.555,5.09500,0.02007,3.09363,0.50052,0.10227,0.00064,0.00013,
21.556,5.09500,0.01924,2.56457,1.93280,0.09801,0.00064,0.00013,
21.557,5.09875,0.01924,1.79259,0.01386,0.09809,0.00064,0.00013,
21.558,5.09250,0.01903,1.79259,0.01386,0.09690,0.00064,0.00013,
21.559,5.09875,0.02028,1.87982,0.12961,0.10342,0.00064,0.00013,
21.560,5.09625,0.01924,1.87982,0.12961,0.09804,0.00064,0.00013,
21.561,5.09500,0.01945,2.88902,1.54559,0.09908,0.00064,0.00013,
21.562,5.09500,0.02049,2.17492,0.24945,0.10441,0.00064,0.00013,
21.563,5.09375,0.02091,3.07488,0.04239,0.10651,0.00064,0.00013,
21.564,5.09625,0.02007,3.09445,0.52743,0.10230,0.00064,0.00013,
21.565,5.09625,0.02007,0.73367,1.42413,0.10230,0.00064,0.00013,
21.566,5.09625,0.02007,2.84337,1.80075,0.10230,0.00064,0.00013,
21.567,5.09625,0.01945,3.03820,0.92931,0.09910,0.00064,0.00013,
21.568,5.09625,0.01966,2.59718,2.77489,0.10017,0.00064,0.00013,
21.569,5.09750,0.01966,3.06755,1.59940,0.10019,0.00064,0.00013,
21.570,5.09625,0.02070,3.06755,1.59940,0.10550,0.00064,0.00013,
21.571,5.09875,0.02091,1.62139,0.15488,0.10661,0.00064,0.00013,
21.572,5.09750,0.02007,2.93627,1.28554,0.10233,0.00064,0.00013,
21.573,5.09875,0.02049,2.67052,2.50423,0.10448,0.00064,0.00013,
21.574,5.09875,0.02112,2.01838,2.04528,0.10768,0.00064,0.00013,
21.575,5.09625,0.02112,0.55106,1.25456,0.10763,0.00064,0.00013,
21.576,5.09500,0.02007,2.65748,2.55151,0.10227,0.00064,0.00013,
21.577,5.09625,0.02007,3.03409,0.84942,0.10230,0.00064,0.00013,
21.578,5.09500,0.02175,2.89388,1.49015,0.11080,0.00064,0.00013,
21.579,5.09750,0.01966,2.91915,1.37928,0.10019,0.00064,0.00013,
21.580,5.09375,0.02028,3.08545,1.67927,0.10331,0.00064,0.00013,
21.581,5.09500,0.02154,3.08545,1.67927,0.10973,0.00064,0.00013,
21.582,5.09625,0.02007,2.47321,2.69249,0.10230,0.00064,0.00013,
21.583,5.09750,0.01986,3.05768,0.02119,0.10126,0.00064,0.00013,
21.584,5.09750,0.01986,3.08295,0.08967,0.10126,0.00064,0.00013,
21.585,5.09625,0.02028,1.62055,1.80966,0.10337,0.00064,0.00013,
21.586,5.09625,0.01966,0.69370,2.06644,0.10017,0.00064,0.00013,
21.587,5.09750,0.02007,1.07113,1.61484,0.10233,0.00064,0.00013,
21.588,5.09750,0.02070,3.05768,1.40290,0.10552,0.00064,0.00013,
21.589,5.09750,0.02028,2.01019,1.81619,0.10339,0.00064,0.00013,
21.590,5.09875,0.02028,1.30263,2.42837,0.10342,0.00064,0.00013,
21.591,5.09625,0.01966,3.08132,1.86836,0.10017,0.00064,0.00013,
21.592,5.09375,0.02028,3.08132,1.86836,0.10331,0.00064,0.00013,
21.593,5.09375,0.02007,2.46412,1.92369,0.10225,0.00064,0.00013,
21.594,5.09625,0.01861,3.08524,0.12634,0.09484,0.00064,0.00013,
21.595,5.09625,0.01861,2.21062,1.88294,0.09484,0.00064,0.00013,
21.596,5.09625,0.02154,2.05900,2.24485,0.10976,0.00064,0.00013,
21.597,5.09500,0.01966,0.47277,1.35148,0.10014,0.00064,0.00013,
21.598,5.09750,0.02007,2.40869,2.91244,0.10233,0.00064,0.00013,
21.599,5.09875,0.02133,3.07057,0.04076,0.10875,0.00064,0.00013,
21.600,5.09375,0.01966,0.72872,2.15600,0.10012,0.00065,0.00013,
21.601,5.09875,0.02028,2.00847,0.11982,0.10342,0.00065,0.00013,
21.602,5.09875,0.02007,1.11183,1.35474,0.10235,0.00065,0.00013,
21.603,5.09750,0.02007,1.11183,1.35474,0.10233,0.00065,0.00013,
21.604,5.09875,0.01924,1.55687,1.04009,0.09809,0.00065,0.00013,
21.605,5.09875,0.02028,1.51204,0.88603,0.10342,0.00065,0.00013,
21.606,5.09500,0.02028,1.76962,0.04076,0.10334,0.00065,0.00013,
21.607,5.09750,0.02070,0.67166,0.76702,0.10552,0.00065,0.00013,
21.608,5.10000,0.02112,1.41260,1.88618,0.10771,0.00065,0.00013,
21.609,5.09625,0.01945,1.30419,2.42579,0.09910,0.00065,0.00013,
21.610,5.09750,0.02091,3.08196,0.17933,0.10659,0.00065,0.00013,
21.611,5.09750,0.02091,2.10545,1.11834,0.10659,0.00065,0.00013,
21.612,5.10000,0.02196,0.66024,0.76050,0.11197,0.00065,0.00013,
21.613,5.09625,0.02007,1.45906,1.96117,0.10230,0.00065,0.00013,
21.614,5.09875,0.02112,1.45906,1.96117,0.10768,0.00065,0.00013,
21.615,5.09625,0.02154,2.37688,0.00652,0.10976,0.00065,0.00013,
21.616,5.09625,0.02049,1.63676,2.59208,0.10443,0.00065,0.00013,
21.617,5.09500,0.02175,2.29293,2.54969,0.11080,0.00065,0.00013,
21.618,5.09500,0.02091,1.78103,2.64587,0.10654,0.00065,0.00013,
21.619,5.09625,0.02007,2.66870,2.51953,0.10230,0.00065,0.00013,
21.620,5.09625,0.02070,0.93820,2.26114,0.10550,0.00065,0.00013,
21.621,5.09875,0.02070,2.46084,2.54806,0.10555,0.00065,0.00013,
21.622,5.09750,0.02028,1.43787,1.88944,0.10339,0.00065,0.00013,
21.623,5.09875,0.01986,3.05017,1.96443,0.10128,0.00065,0.00013,
21.624,5.09750,0.01966,3.08441,1.51938,0.10019,0.00065,0.00013,
21.625,5.09500,0.02070,3.08441,1.51938,0.10547,0.00065,0.00013,
21.626,5.09875,0.02007,2.65487,0.74584,0.10235,0.00065,0.00013,
21.627,5.09500,0.01986,0.40186,1.68079,0.10121,0.00065,0.00013,
21.628,5.09500,0.01945,0.51679,1.65797,0.09908,0.00065,0.00013,
21.629,5.09500,0.02070,2.90430,1.44848,0.10547,0.00065,0.00013,
21.630,5.10000,0.02070,2.02315,0.00000,0.10557,0.00065,0.00013,
21.631,5.09375,0.01966,1.83567,2.20736,0.10012,0.00065,0.00013,
21.632,5.09625,0.01924,1.16971,2.35816,0.09804,0.00065,0.00013,
21.633,5.09500,0.02007,3.07303,0.06521,0.10227,0.00065,0.00013,
21.634,5.09500,0.01986,1.49413,2.14949,0.10121,0.00065,0.00013,
21.635,5.09750,0.02007,1.66449,0.60808,0.10233,0.00065,0.00013,
21.636,5.09625,0.02112,1.66449,0.60808,0.10763,0.00065,0.00013,
21.637,5.09875,0.02091,1.30666,2.09979,0.10661,0.00065,0.00013,
21.638,5.09875,0.01966,2.47068,1.71831,0.10022,0.00065,0.00013,
21.639,5.09875,0.01966,1.22189,2.39569,0.10022,0.00065,0.00013,
21.640,5.09750,0.02007,1.41752,0.13613,0.10233,0.00065,0.00013,
21.641,5.09625,0.02091,2.57339,0.81025,0.10656,0.00065,0.00013,
21.642,5.09375,0.01924,1.25123,1.21944,0.09799,0.00065,0.00013,
21.643,5.09875,0.01966,2.16989,1.24879,0.10022,0.00065,0.00013,
21.644,5.09625,0.02007,1.39633,1.50556,0.10230,0.00065,0.00013,
21.645,5.09750,0.02007,0.83307,1.49170,0.10233,0.00065,0.00013,
21.646,5.09375,0.01986,0.45729,0.96838,0.10118,0.00065,0.00013,
21.647,5.09375,0.02070,0.45729,0.96838,0.10545,0.00065,0.00013,
21.648,5.09500,0.02070,1.76233,0.34399,0.10547,0.00065,0.00013,
21.649,5.09625,0.01945,0.82084,2.19924,0.09910,0.00065,0.00013,
21.650,5.09375,0.02070,3.09345,0.42958,0.10545,0.00065,0.00013,
21.651,5.09375,0.01945,2.21962,1.32134,0.09905,0.00065,0.00013,
21.652,5.09500,0.02007,1.26346,1.39144,0.10227,0.00065,0.00013,
21.653,5.09750,0.02007,0.64233,1.28221,0.10233,0.00065,0.00013,
21.654,5.09625,0.02070,3.06655,0.01386,0.10550,0.00065,0.00013,
21.655,5.09625,0.01986,0.81188,1.53409,0.10123,0.00065,0.00013,
21.656,5.09625,0.01945,1.64576,1.31726,0.09910,0.00065,0.00013,
21.657,5.09625,0.01945,1.35394,1.46399,0.09910,0.00065,0.00013,
21.658,5.09500,0.01903,1.35394,1.46399,0.09695,0.00065,0.00013,
21.659,5.09375,0.02049,0.53393,1.72732,0.10438,0.00065,0.00013,
21.660,5.09375,0.01966,2.07783,0.00163,0.10012,0.00065,0.00013,
21.661,5.09625,0.01966,2.69083,1.24800,0.10017,0.00065,0.00013,
21.662,5.09750,0.01966,1.06459,1.60667,0.10019,0.00065,0.00013,
21.663,5.09625,0.02091,3.04950,0.16792,0.10656,0.00065,0.00013,
21.664,5.09750,0.02007,0.63012,1.99958,0.10233,0.00065,0.00013,
21.665,5.09750,0.02091,1.71509,0.00571,0.10659,0.00065,0.00013,
21.666,5.09500,0.02091,1.43549,1.96453,0.10654,0.00065,0.00013,
21.667,5.09500,0.02007,0.50784,1.21377,0.10227,0.00065,0.00013,
21.668,5.09875,0.01945,2.29059,1.05563,0.09915,0.00065,0.00013,
21.669,5.09500,0.02028,2.29059,1.05563,0.10334,0.00065,0.00013,
21.670,5.10000,0.02070,1.94993,0.92605,0.10557,0.00065,0.00013,
21.671,5.09750,0.02007,3.08875,1.39071,0.10233,0.00065,0.00013,
21.672,5.10000,0.01945,1.20566,0.02283,0.09918,0.00065,0.00013,
21.673,5.09625,0.02007,0.91138,1.70211,0.10230,0.00065,0.00013,
21.674,5.09625,0.02007,1.15594,1.27088,0.10230,0.00065,0.00013,
21.675,5.10000,0.02007,0.55922,1.23419,0.10238,0.00065,0.00013,
21.676,5.09375,0.01903,1.36788,1.12170,0.09692,0.00065,0.00013,
21.677,5.09750,0.02049,0.40270,1.27332,0.10446,0.00065,0.00013,
21.678,5.10125,0.02007,1.61081,0.99860,0.10240,0.00065,0.00013,
21.679,5.09750,0.01945,1.57983,2.56050,0.09913,0.00065,0.00013,
21.680,5.09750,0.01903,1.57983,2.56050,0.09700,0.00065,0.00013,
21.681,5.09750,0.02007,2.35589,0.87632,0.10233,0.00065,0.00013,
21.682,5.09625,0.01903,3.08629,0.33178,0.09697,0.00065,0.00013,
21.683,5.09625,0.02007,3.08548,1.12740,0.10230,0.00065,0.00013,
21.684,5.09750,0.02007,1.85047,2.01269,0.10233,0.00065,0.00013,
21.685,5.09625,0.02007,2.67136,0.60487,0.10230,0.00065,0.00013,
21.686,5.09625,0.02007,1.94992,0.03750,0.10230,0.00065,0.00013,
21.687,5.09750,0.01986,0.63421,2.02411,0.10126,0.00065,0.00013,
21.688,5.09750,0.01966,1.95482,1.55374,0.10019,0.00065,0.00013,
21.689,5.09625,0.02091,1.72819,2.73495,0.10656,0.00065,0.00013,
21.690,5.09500,0.02049,0.44102,1.41027,0.10441,0.00065,0.00013,
21.691,5.09750,0.02091,0.44102,1.41027,0.10659,0.00065,0.00013,
21.692,5.09750,0.02112,2.42437,1.61407,0.10765,0.00065,0.00013,
21.693,5.09750,0.02112,0.87714,1.74450,0.10765,0.00065,0.00013,
21.694,5.09625,0.02175,2.72843,0.67334,0.11082,0.00065,0.00013,
21.695,5.09625,0.02175,1.69885,0.01141,0.11082,0.00065,0.00013,
21.696,5.09625,0.02133,2.09585,0.03098,0.10869,0.00065,0.00013,
21.697,5.09500,0.01986,2.33225,0.23722,0.10121,0.00065,0.00013,
21.698,5.09750,0.02091,0.85839,0.72144,0.10659,0.00065,0.00013,
21.699,5.09750,0.02112,1.17224,1.29044,0.10765,0.00065,0.00013,
21.700,5.09750,0.01986,0.85269,1.82521,0.10126,0.00065,0.00013,
21.701,5.09750,0.02216,2.38605,1.63038,0.11298,0.00065,0.00013,
21.702,5.09625,0.02216,2.38605,1.63038,0.11296,0.00065,0.00013,
21.703,5.09750,0.01966,3.05695,1.59288,0.10019,0.00065,0.00013,
21.704,5.09500,0.02028,3.08956,0.39047,0.10334,0.00065,0.00013,
21.705,5.09625,0.01966,3.07163,0.02446,0.10017,0.00065,0.00013,
21.706,5.09750,0.02049,1.51136,0.02119,0.10446,0.00065,0.00013,
21.707,5.09625,0.02091,0.83557,1.42658,0.10656,0.00065,0.00013,
21.708,5.09625,0.02007,2.01188,0.10108,0.10230,0.00065,0.00013,
21.709,5.09625,0.02133,2.40969,2.68849,0.10869,0.00065,0.00013,
21.710,5.09625,0.02112,2.78305,0.81030,0.10763,0.00065,0.00013,
21.711,5.09625,0.02112,1.34913,1.16001,0.10763,0.00065,0.00013,
21.712,5.09500,0.01966,1.63608,0.02853,0.10014,0.00065,0.00013,
21.713,5.09500,0.02133,1.63608,0.02853,0.10867,0.00065,0.00013,
21.714,5.09750,0.02070,1.58962,0.14429,0.10552,0.00065,0.00013,
21.715,5.10000,0.01986,1.23664,1.53744,0.10131,0.00065,0.00013,
21.716,5.09750,0.01924,2.10971,0.19238,0.09806,0.00065,0.00013,
21.717,5.09625,0.02049,0.88366,1.74939,0.10443,0.00065,0.00013,
21.718,5.09500,0.01945,2.27682,1.06056,0.09908,0.00065,0.00013,
21.719,5.09500,0.02007,2.28171,2.50263,0.10227,0.00065,0.00013,
21.720,5.09625,0.02007,0.56248,0.95377,0.10230,0.00065,0.00013,
21.721,5.09875,0.02007,1.87901,0.14021,0.10235,0.00065,0.00013,
21.722,5.09875,0.01966,1.87901,0.14021,0.10022,0.00065,0.00013,
21.723,5.09875,0.01924,0.72470,2.04286,0.09809,0.00065,0.00013,
21.724,5.09500,0.02028,2.94446,2.04205,0.10334,0.00065,0.00013,
21.725,5.09500,0.01966,2.94446,2.04205,0.10014,0.00065,0.00013,
21.726,5.09625,0.01966,1.84395,0.13940,0.10017,0.00065,0.00013,
21.727,5.09500,0.01966,1.51706,1.64179,0.10014,0.00065,0.00013,
21.728,5.09500,0.02091,1.02143,1.50728,0.10654,0.00065,0.00013,
21.729,5.09625,0.02091,1.68581,0.97415,0.10656,0.00065,0.00013,
21.730,5.09875,0.02007,2.41621,1.64423,0.10235,0.00065,0.00013,
21.731,5.09750,0.02007,2.02655,1.32305,0.10233,0.00065,0.00013,
21.732,5.09875,0.02070,1.89531,1.96541,0.10555,0.00065,0.00013,
21.733,5.09750,0.02112,3.08630,0.26086,0.10765,0.00065,0.00013,
21.734,5.09500,0.01945,2.12601,1.68499,0.09908,0.00065,0.00013,
21.735,5.09625,0.02112,1.01246,0.57552,0.10763,0.00065,0.00013,
21.736,5.09750,0.02091,1.01246,0.57552,0.10659,0.00065,0.00013,
21.737,5.09750,0.02070,1.37520,0.14347,0.10552,0.00065,0.00013,
21.738,5.09625,0.02070,2.87757,1.55699,0.10550,0.00065,0.00013,
21.739,5.09625,0.02007,2.33793,1.67926,0.10230,0.00065,0.00013,
21.740,5.09750,0.02028,2.19364,2.49118,0.10339,0.00065,0.00013,
21.741,5.09750,0.01986,2.23358,2.94686,0.10126,0.00065,0.00013,
21.742,5.09625,0.01966,0.69127,2.06240,0.10017,0.00065,0.00013,
21.743,5.09750,0.02070,3.05773,0.67089,0.10552,0.00065,0.00013,
21.744,5.09625,0.02028,1.01082,1.51460,0.10337,0.00065,0.00013,
21.745,5.09500,0.01945,2.21239,1.54639,0.09908,0.00065,0.00013,
21.746,5.10125,0.02007,2.72677,2.05017,0.10240,0.00065,0.00013,
21.747,5.10125,0.02007,2.72677,2.05017,0.10240,0.00065,0.00013,
21.748,5.09500,0.01945,1.27000,0.01793,0.09908,0.00065,0.00013,
21.749,5.09500,0.02007,1.06702,1.18196,0.10227,0.00065,0.00013,
21.750,5.09625,0.01986,2.29545,2.55874,0.10123,0.00065,0.00013,
21.751,5.09625,0.02028,0.62196,0.81107,0.10337,0.00065,0.00013,
21.752,5.09875,0.01882,1.03768,2.29871,0.09595,0.00065,0.00013,
21.753,5.09500,0.01986,3.11222,1.17462,0.10121,0.00065,0.00013,
21.754,5.09750,0.02049,2.54896,2.93371,0.10446,0.00065,0.00013,
21.755,5.09750,0.02049,2.85138,2.31501,0.10446,0.00065,0.00013,
21.756,5.09750,0.01986,0.73445,1.50394,0.10126,0.00065,0.00013,
21.757,5.10000,0.01986,1.90825,2.26447,0.10131,0.00065,0.00013,
21.758,5.09375,0.02133,1.90825,2.26447,0.10864,0.00065,0.00013,
21.759,5.09750,0.02112,3.08835,0.20540,0.10765,0.00065,0.00013,
21.760,5.09375,0.02007,1.85920,0.03423,0.10225,0.00065,0.00013,
21.761,5.09500,0.02091,3.08346,0.23148,0.10654,0.00065,0.00013,
21.762,5.09500,0.02133,1.25360,0.05298,0.10867,0.00065,0.00013,
21.763,5.09875,0.02007,2.23496,0.20459,0.10235,0.00065,0.00013,
21.764,5.09625,0.02070,2.54143,0.71075,0.10550,0.00065,0.00013,
21.765,5.09625,0.02133,3.08998,1.11666,0.10869,0.00065,0.00013,
21.766,5.09750,0.02133,1.74020,1.40276,0.10872,0.00065,0.00013,
21.767,5.09750,0.01986,2.83078,1.79563,0.10126,0.00065,0.00013,
21.768,5.09500,0.02154,1.92115,0.03342,0.10973,0.00065,0.00013,
21.769,5.09875,0.02091,1.92115,0.03342,0.10661,0.00065,0.00013,
21.770,5.09875,0.01903,1.71249,1.41336,0.09702,0.00065,0.00013,
21.771,5.10000,0.01966,3.03619,0.90800,0.10024,0.00065,0.00013,
21.772,5.09625,0.01966,2.20399,1.90485,0.10017,0.00065,0.00013,
21.773,5.09500,0.01966,2.26268,0.68712,0.10014,0.00065,0.00013,
21.774,5.09500,0.01945,2.10944,0.10433,0.09908,0.00065,0.00013,
21.775,5.09375,0.01945,3.08917,0.36353,0.09905,0.00065,0.00013,
21.776,5.09500,0.01966,1.33429,1.17128,0.10014,0.00065,0.00013,
21.777,5.09625,0.02070,2.94735,1.22100,0.10550,0.00065,0.00013,
21.778,5.09750,0.01945,0.46052,1.18106,0.09913,0.00065,0.00013,
21.779,5.09625,0.01945,2.73624,1.40032,0.09910,0.00065,0.00013,
21.780,5.09625,0.02049,2.73624,1.40032,0.10443,0.00065,0.00013,
21.781,5.09750,0.02049,1.41337,0.14264,0.10446,0.00065,0.00013,
21.782,5.09875,0.01945,3.09654,0.77760,0.09915,0.00065,0.00013,
21.783,5.09875,0.02049,3.05089,0.01141,0.10448,0.00065,0.00013,
21.784,5.09500,0.02049,1.56335,0.03994,0.10441,0.00065,0.00013,
21.785,5.09625,0.02049,2.22357,0.00652,0.10443,0.00065,0.00013,
21.786,5.09500,0.02049,0.57301,1.81521,0.10441,0.00065,0.00013,
21.787,5.09750,0.02091,0.90312,1.73533,0.10659,0.00065,0.00013,
21.788,5.09625,0.02091,1.94807,0.02445,0.10656,0.00065,0.00013,
21.789,5.09875,0.02070,1.70925,0.58442,0.10555,0.00065,0.00013,
21.790,5.09625,0.02133,2.21787,0.97648,0.10869,0.00065,0.00013,
21.791,5.09500,0.02133,2.21787,0.97648,0.10867,0.00065,0.00013,
21.792,5.09500,0.02070,1.42804,0.02608,0.10547,0.00065,0.00013,
21.793,5.09875,0.02070,1.85189,0.04320,0.10555,0.00065,0.00013,
21.794,5.09750,0.02175,1.80461,0.04565,0.11085,0.00065,0.00013,
21.795,5.10125,0.02175,1.64812,1.36854,0.11093,0.00065,0.00013,
21.796,5.09500,0.01986,1.81439,1.86004,0.10121,0.00065,0.00013,
21.797,5.09875,0.02154,2.46891,0.75396,0.10981,0.00065,0.00013,
21.798,5.09750,0.02133,1.88694,0.18095,0.10872,0.00065,0.00013,
21.799,5.10125,0.02049,1.21286,1.60166,0.10453,0.00065,0.00013,
21.800,5.09500,0.02028,0.66267,2.05403,0.10334,0.00065,0.00013,
21.801,5.09500,0.02070,1.54378,0.03097,0.10547,0.00065,0.00013,
21.802,5.09750,0.02070,1.54378,0.03097,0.10552,0.00065,0.00013,
21.803,5.09750,0.01986,1.64160,1.68480,0.10126,0.00065,0.00013,
21.804,5.09750,0.02028,0.87215,1.46799,0.10339,0.00065,0.00013,
21.805,5.09875,0.01966,2.10539,0.00652,0.10022,0.00065,0.00013,
21.806,5.09625,0.02049,1.69377,0.08151,0.10443,0.00065,0.00013,
21.807,5.09625,0.02028,0.46053,1.47695,0.10337,0.00065,0.00013,
21.808,5.09750,0.02028,1.82092,0.16954,0.10339,0.00065,0.00013,
21.809,5.09875,0.02133,1.97905,0.28528,0.10875,0.00065,0.00013,
21.810,5.09875,0.01945,2.12006,0.03586,0.09915,0.00065,0.00013,
21.811,5.09500,0.01945,0.68387,1.26340,0.09908,0.00065,0.00013,
21.812,5.09250,0.01924,1.35550,1.84212,0.09797,0.00065,0.00013,
21.813,5.09500,0.02112,1.35550,1.84212,0.10760,0.00065,0.00013,
21.814,5.09500,0.01966,2.10051,1.28052,0.10014,0.00065,0.00013,
21.815,5.09500,0.01986,3.08841,0.00652,0.10121,0.00065,0.00013,
21.816,5.09750,0.02091,0.66186,1.31802,0.10659,0.00065,0.00013,
21.817,5.09500,0.01945,1.55847,1.02947,0.09908,0.00065,0.00013,
21.818,5.09375,0.01986,1.01724,1.19004,0.10118,0.00065,0.00013,
21.819,5.09375,0.02070,2.05568,1.93831,0.10545,0.00065,0.00013,
21.820,5.10000,0.02070,1.90570,1.53972,0.10557,0.00065,0.00013,
21.821,5.09875,0.01986,1.97988,0.31300,0.10128,0.00065,0.00013,
21.822,5.09625,0.01945,1.86658,2.40373,0.09910,0.00065,0.00013,
21.823,5.09625,0.01882,3.05336,1.99862,0.09591,0.00065,0.00013,
21.824,5.09750,0.02007,3.05336,1.99862,0.10233,0.00065,0.00013,
21.825,5.09875,0.01966,3.02815,0.83305,0.10022,0.00065,0.00013,
21.826,5.09750,0.02007,2.54805,2.92137,0.10233,0.00065,0.00013,
21.827,5.09750,0.02091,2.45675,2.67846,0.10659,0.00065,0.00013,
21.828,5.09750,0.02091,1.88047,0.61704,0.10659,0.00065,0.00013,
21.829,5.09500,0.02091,1.53323,0.14835,0.10654,0.00065,0.00013,
21.830,5.09625,0.01966,2.08832,2.09077,0.10017,0.00065,0.00013,
21.831,5.09500,0.02133,1.69707,1.58295,0.10867,0.00065,0.00013,
21.832,5.09250,0.02133,1.87150,1.43134,0.10861,0.00065,0.00013,
21.833,5.09750,0.02049,2.15761,1.21778,0.10446,0.00065,0.00013,
21.834,5.09750,0.02133,1.29848,0.13857,0.10872,0.00065,0.00013,
21.835,5.09750,0.02070,1.29848,0.13857,0.10552,0.00065,0.00013,
21.836,5.09750,0.01903,1.69626,1.93590,0.09700,0.00065,0.00013,
21.837,5.09750,0.01945,0.44261,1.46802,0.09913,0.00065,0.00013,
21.838,5.09625,0.01945,1.56339,0.03342,0.09910,0.00065,0.00013,
21.839,5.09625,0.02028,1.74353,0.40022,0.10337,0.00065,0.00013,
21.840,5.09875,0.02133,1.96606,1.56910,0.10875,0.00065,0.00013,
21.841,5.09750,0.01903,0.75317,1.38325,0.09700,0.00065,0.00013,
21.842,5.09875,0.01945,2.07692,0.03179,0.09915,0.00065,0.00013,
21.843,5.09625,0.02049,2.50404,1.37266,0.10443,0.00065,0.00013,
21.844,5.09625,0.01986,1.37347,0.06847,0.10123,0.00065,0.00013,
21.845,5.09750,0.02028,2.15028,0.00734,0.10339,0.00065,0.00013,
21.846,5.09750,0.02070,2.15028,0.00734,0.10552,0.00065,0.00013,
21.847,5.09750,0.02070,2.75761,0.63581,0.10552,0.00065,0.00013,
21.848,5.09875,0.01966,0.75808,1.02055,0.10022,0.00065,0.00013,
21.849,5.09875,0.02070,1.55284,0.14346,0.10555,0.00065,0.00013,
21.850,5.09500,0.02112,1.51779,0.03342,0.10760,0.00065,0.00013,
21.851,5.09500,0.02028,1.60908,0.04972,0.10334,0.00065,0.00013,
21.852,5.09875,0.01966,1.12897,1.24390,0.10022,0.00065,0.00013,
21.853,5.09625,0.02112,1.17787,1.56017,0.10763,0.00065,0.00013,
21.854,5.09625,0.02112,0.54614,1.02300,0.10763,0.00065,0.00013,
21.855,5.09625,0.02028,3.06900,0.02119,0.10337,0.00065,0.00013,
21.856,5.09500,0.02028,0.91540,0.56652,0.10334,0.00065,0.00013,
21.857,5.09750,0.02049,0.91540,0.56652,0.10446,0.00065,0.00013,
21.858,5.09750,0.02091,1.70046,1.66051,0.10659,0.00065,0.00013,
21.859,5.09750,0.01986,1.22358,0.05054,0.10126,0.00065,0.00013,
21.860,5.09750,0.02112,3.06017,1.46242,0.10765,0.00065,0.00013,
21.861,5.09750,0.02196,2.11375,1.05973,0.11192,0.00065,0.00013,
21.862,5.09875,0.02049,1.57899,1.64910,0.10448,0.00065,0.00013,
21.863,5.09875,0.02070,3.05365,0.78338,0.10555,0.00065,0.00013,
21.864,5.09875,0.02133,1.25211,0.05380,0.10875,0.00065,0.00013,
21.865,5.09750,0.02133,3.07077,0.03016,0.10872,0.00065,0.00013,
21.866,5.09750,0.02049,0.41085,1.32384,0.10446,0.00065,0.00013,
21.867,5.09625,0.02070,0.38395,1.20564,0.10550,0.00065,0.00013,
21.868,5.09750,0.02070,0.38395,1.20564,0.10552,0.00065,0.00013,
21.869,5.09625,0.01966,2.62584,0.98968,0.10017,0.00065,0.00013,
21.870,5.09750,0.01924,0.41087,1.31333,0.09806,0.00065,0.00013,
21.871,5.09875,0.02007,0.73859,1.50002,0.10235,0.00065,0.00013,
21.872,5.09875,0.02007,2.00138,0.98561,0.10235,0.00065,0.00013,
21.873,5.09750,0.01986,3.05139,1.39567,0.10126,0.00065,0.00013,
21.874,5.09750,0.01986,3.07422,1.88480,0.10126,0.00065,0.00013,
21.875,5.09750,0.02007,1.94676,2.11307,0.10233,0.00065,0.00013,
21.876,5.09625,0.01986,3.08889,1.24893,0.10123,0.00065,0.00013,
21.877,5.09625,0.02049,2.16769,0.20625,0.10443,0.00065,0.00013,
21.878,5.09750,0.01924,2.88590,0.96278,0.09806,0.00065,0.00013,
21.879,5.09625,0.02112,2.88590,0.96278,0.10763,0.00065,0.00013,
21.880,5.09875,0.02091,1.68513,1.66312,0.10661,0.00065,0.00013,
21.881,5.09750,0.02049,2.55419,1.95416,0.10446,0.00065,0.00013,
21.882,5.09875,0.02112,1.44218,0.02120,0.10768,0.00065,0.00013,
21.883,5.09875,0.02070,1.64192,1.65170,0.10555,0.00065,0.00013,
21.884,5.09875,0.02070,1.64192,1.65170,0.10555,0.00065,0.00013,
21.885,5.09375,0.02049,0.97830,0.36523,0.10438,0.00065,0.00013,
21.886,5.09500,0.02112,1.59953,1.77318,0.10760,0.00065,0.00013,
21.887,5.09625,0.02112,2.88274,1.54409,0.10763,0.00065,0.00013,
21.888,5.09625,0.02049,2.45962,0.77449,0.10443,0.00065,0.00013,
21.889,5.09625,0.02175,2.03813,0.08642,0.11082,0.00065,0.00013,
21.890,5.09625,0.02049,2.10009,1.24652,0.10443,0.00065,0.00013,
21.891,5.09500,0.02007,2.10009,1.24652,0.10227,0.00065,0.00013,
21.892,5.09500,0.02049,1.52207,1.88649,0.10441,0.00065,0.00013,
21.893,5.09625,0.02049,3.05230,0.00000,0.10443,0.00065,0.00013,
21.894,5.09500,0.01966,1.56610,1.63784,0.10014,0.00065,0.00013,
21.895,5.09750,0.01966,1.82779,0.00571,0.10019,0.00065,0.00013,
21.896,5.09625,0.01945,1.30114,0.15408,0.09910,0.00065,0.00013,
21.897,5.09750,0.02007,1.74790,0.52502,0.10233,0.00065,0.00013,
21.898,5.09625,0.01945,2.76533,1.48620,0.09910,0.00065,0.00013,
21.899,5.09875,0.01986,0.46795,1.49436,0.10128,0.00065,0.00013,
21.900,5.09500,0.02007,1.47397,0.04892,0.10227,0.00065,0.00013,
21.901,5.09500,0.02091,1.77725,2.65935,0.10654,0.00065,0.00013,
21.902,5.09875,0.02091,1.77725,2.65935,0.10661,0.00065,0.00013,
21.903,5.09875,0.02007,3.05551,0.00571,0.10235,0.00065,0.00013,
21.904,5.09750,0.02049,2.09516,1.26851,0.10446,0.00065,0.00013,
21.905,5.09625,0.02091,3.08649,0.26088,0.10656,0.00065,0.00013,
21.906,5.09875,0.02070,0.74513,1.41933,0.10555,0.00065,0.00013,
21.907,5.09500,0.02070,1.25465,1.22693,0.10547,0.00065,0.00013,
21.908,5.09750,0.02112,1.65167,2.82969,0.10765,0.00065,0.00013,
21.909,5.09500,0.02070,2.19951,1.73075,0.10547,0.00065,0.00013,
21.910,5.09500,0.02028,2.65523,1.18699,0.10334,0.00065,0.00013,
21.911,5.09875,0.02028,2.18239,0.26984,0.10342,0.00065,0.00013,
21.912,5.09750,0.02133,1.86934,0.89676,0.10872,0.00065,0.00013,
21.913,5.09625,0.02133,1.86934,0.89676,0.10869,0.00065,0.00013,
21.914,5.09875,0.01986,1.43883,1.55541,0.10128,0.00065,0.00013,
21.915,5.09500,0.02133,1.21791,1.51872,0.10867,0.00065,0.00013,
21.916,5.09375,0.01986,1.68421,0.15652,0.10118,0.00065,0.00013,
21.917,5.09625,0.02049,1.91002,0.02853,0.10443,0.00065,0.00013,
21.918,5.09750,0.01945,2.94941,2.02415,0.09913,0.00065,0.00013,
21.919,5.09750,0.02070,2.98039,1.76655,0.10552,0.00065,0.00013,
21.920,5.09250,0.02070,1.35650,0.02690,0.10542,0.00065,0.00013,
21.921,5.09750,0.02070,1.30840,0.02446,0.10552,0.00065,0.00013,
21.922,5.09750,0.01945,2.99261,1.64916,0.09913,0.00065,0.00013,
21.923,5.09500,0.02112,3.05701,0.00978,0.10760,0.00065,0.00013,
21.924,5.09750,0.02007,3.05701,0.00978,0.10233,0.00065,0.00013,
21.925,5.09750,0.02007,1.89687,0.00652,0.10233,0.00065,0.00013,
21.926,5.09750,0.02112,2.70387,0.69859,0.10765,0.00065,0.00013,
21.927,5.09625,0.02112,1.64009,0.48257,0.10763,0.00065,0.00013,
21.928,5.09625,0.02049,1.94741,2.01262,0.10443,0.00065,0.00013,
21.929,5.09875,0.02049,1.68003,0.41247,0.10448,0.00065,0.00013,
21.930,5.09875,0.02112,0.63582,1.48521,0.10768,0.00065,0.00013,
21.931,5.09750,0.02133,3.11878,1.13796,0.10872,0.00065,0.00013,
21.932,5.09500,0.02049,1.63031,0.46301,0.10441,0.00065,0.00013,
21.933,5.09750,0.01945,3.05276,0.01712,0.09913,0.00065,0.00013,
21.934,5.09875,0.02007,2.18788,1.13062,0.10235,0.00065,0.00013,
21.935,5.09625,0.02112,2.18788,1.13062,0.10763,0.00065,0.00013,
21.936,5.09625,0.01966,2.71284,0.00489,0.10017,0.00065,0.00013,
21.937,5.09625,0.01966,1.57244,0.02445,0.10017,0.00065,0.00013,
21.938,5.09750,0.01966,0.84206,1.06785,0.10019,0.00065,0.00013,
21.939,5.09625,0.02049,2.28896,0.20623,0.10443,0.00065,0.00013,
21.940,5.09750,0.02091,1.66699,0.04483,0.10659,0.00065,0.00013,
21.941,5.09750,0.01966,1.23089,0.04646,0.10019,0.00065,0.00013,
21.942,5.09750,0.02091,1.78438,1.63113,0.10659,0.00065,0.00013,
21.943,5.09625,0.02049,3.05684,0.01875,0.10443,0.00065,0.00013,
21.944,5.09625,0.02028,1.80150,1.55695,0.10337,0.00065,0.00013,
21.945,5.09625,0.02091,0.38231,1.73221,0.10656,0.00065,0.00013,
21.946,5.09625,0.02112,0.38231,1.73221,0.10763,0.00065,0.00013,
21.947,5.09375,0.02112,1.74198,1.60993,0.10758,0.00066,0.00013,
21.948,5.09750,0.01966,2.11940,1.28631,0.10019,0.00066,0.00013,
21.949,5.09750,0.02112,2.26612,0.22661,0.10765,0.00066,0.00013,
21.950,5.09875,0.02070,2.09657,0.03913,0.10555,0.00066,0.00013,
21.951,5.09625,0.02049,0.88036,1.14773,0.10443,0.00066,0.00013,
21.952,5.09625,0.02070,2.56936,0.81760,0.10550,0.00066,0.00013,
21.953,5.09750,0.02091,3.05275,0.00652,0.10659,0.00066,0.00013,
21.954,5.09625,0.02028,1.51863,1.79008,0.10337,0.00066,0.00013,
21.955,5.09625,0.02049,1.67840,1.90257,0.10443,0.00066,0.00013,
21.956,5.09625,0.02049,1.94658,1.24392,0.10443,0.00066,0.00013,
21.957,5.09625,0.02028,1.94658,1.24392,0.10337,0.00066,0.00013,
21.958,5.09500,0.02049,2.03299,2.97694,0.10441,0.00066,0.00013,
21.959,5.09625,0.02028,2.37454,1.55042,0.10337,0.00066,0.00013,
21.960,5.09625,0.02091,0.75076,1.04503,0.10656,0.00066,0.00013,
21.961,5.09625,0.02007,1.87648,1.94007,0.10230,0.00066,0.00013,
21.962,5.09875,0.01986,2.06805,2.03870,0.10128,0.00066,0.00013,
21.963,5.09875,0.02028,3.05112,0.00571,0.10342,0.00066,0.00013,
21.964,5.09875,0.01986,0.84205,1.05970,0.10128,0.00066,0.00013,
21.965,5.09625,0.01986,1.94740,0.00000,0.10123,0.00066,0.00013,
21.966,5.09625,0.02028,1.36375,1.78111,0.10337,0.00066,0.00013,
21.967,5.09375,0.02049,1.40125,1.97593,0.10438,0.00066,0.00013,
21.968,5.09750,0.02070,1.40125,1.97593,0.10552,0.00066,0.00013,
21.969,5.09875,0.02070,1.35723,2.02321,0.10555,0.00066,0.00013,
21.970,5.09875,0.02028,0.61707,1.98164,0.10342,0.00066,0.00013,
21.971,5.09875,0.02154,3.09677,1.27082,0.10981,0.00066,0.00013,
21.972,5.09750,0.02070,2.64354,0.79885,0.10552,0.00066,0.00013,
21.973,5.09750,0.02028,3.05438,0.00815,0.10339,0.00066,0.00013,
21.974,5.09625,0.02028,1.49418,1.91806,0.10337,0.00066,0.00013,
21.975,5.09875,0.02070,0.44670,0.92683,0.10555,0.00066,0.00013,
21.976,5.10000,0.02133,1.83736,1.44771,0.10877,0.00066,0.00013,
21.977,5.09875,0.02007,2.67615,1.21621,0.10235,0.00066,0.00013,
21.978,5.09875,0.02133,2.65985,0.81271,0.10875,0.00066,0.00013,
21.979,5.09750,0.02070,2.65985,0.81271,0.10552,0.00066,0.00013,
21.980,5.09875,0.02049,2.27265,1.77867,0.10448,0.00066,0.00013,
21.981,5.09875,0.02049,1.95882,1.43549,0.10448,0.00066,0.00013,
21.982,5.09875,0.02133,1.84470,1.47461,0.10875,0.00066,0.00013,
21.983,5.09875,0.02133,3.05602,0.01712,0.10875,0.00066,0.00013,
21.984,5.09625,0.01986,2.73810,1.39147,0.10123,0.00066,0.00013,
21.985,5.09250,0.02133,1.77785,0.00571,0.10861,0.00066,0.00013,
21.986,5.09750,0.02112,1.82676,1.46157,0.10765,0.00066,0.00013,
21.987,5.09625,0.01986,1.92621,1.40370,0.10123,0.00066,0.00013,
21.988,5.10000,0.02091,1.63275,1.72405,0.10664,0.00066,0.00013,
21.989,5.09625,0.02007,3.05602,0.97574,0.10230,0.00066,0.00013,
21.990,5.10000,0.01986,3.05602,0.97574,0.10131,0.00066,0.00013,
21.991,5.10000,0.01986,2.39655,0.01141,0.10131,0.00066,0.00013,
21.992,5.09750,0.01986,1.67595,0.14265,0.10126,0.00066,0.00013,
21.993,5.09875,0.01945,3.05356,0.00571,0.09915,0.00066,0.00013,
21.994,5.09875,0.02007,1.54716,1.55042,0.10235,0.00066,0.00013,
21.995,5.09750,0.02007,3.07475,0.04076,0.10233,0.00066,0.00013,
21.996,5.09750,0.01945,1.73383,0.17118,0.09913,0.00066,0.00013,
21.997,5.09500,0.01986,3.09432,1.05888,0.10121,0.00066,0.00013,
21.998,5.09750,0.02133,2.24411,1.05644,0.10872,0.00066,0.00013,
21.999,5.09750,0.01986,1.12328,1.29283,0.10126,0.00066,0.00013,
22.000,5.09750,0.02154,0.84694,1.06377,0.10979,0.00066,0.00013,
22.001,5.09750,0.02154,0.84694,1.06377,0.10979,0.00066,0.00013,
22.002,5.09625,0.02049,2.63213,2.17727,0.10443,0.00066,0.00013,
22.003,5.09625,0.01986,3.05356,0.00734,0.10123,0.00066,0.00013,
22.004,5.09875,0.02133,2.92558,2.09005,0.10875,0.00066,0.00013,
22.005,5.09750,0.02070,1.39554,0.00163,0.10552,0.00066,0.00013,
22.006,5.09750,0.02028,0.44589,0.90400,0.10339,0.00066,0.00013,
22.007,5.10000,0.02049,0.84287,1.08334,0.10451,0.00066,0.00013,
22.008,5.09875,0.02070,1.30913,1.42733,0.10555,0.00066,0.00013,
22.009,5.09875,0.01986,3.12937,1.11920,0.10128,0.00066,0.00013,
22.010,5.09750,0.01986,2.31177,0.22335,0.10126,0.00066,0.00013,
22.011,5.09750,0.02028,3.02666,1.00345,0.10339,0.00066,0.00013,
22.012,5.09875,0.02028,3.02666,1.00345,0.10342,0.00066,0.00013,
22.013,5.10000,0.02007,3.05843,0.00734,0.10238,0.00066,0.00013,
22.014,5.09500,0.01986,2.43648,1.50150,0.10121,0.00066,0.00013,
22.015,5.09625,0.02049,1.93924,0.01060,0.10443,0.00066,0.00013,
22.016,5.09625,0.01945,2.20742,1.17626,0.09910,0.00066,0.00013,
22.017,5.09750,0.01966,2.36474,0.86161,0.10019,0.00066,0.00013,
22.018,5.09750,0.02070,1.33440,2.05254,0.10552,0.00066,0.00013,
22.019,5.09625,0.02070,0.94720,1.38901,0.10550,0.00066,0.00013,
22.020,5.09500,0.02049,1.88707,0.57142,0.10441,0.00066,0.00013,
22.021,5.09625,0.01924,1.78028,1.84142,0.09804,0.00066,0.00013,
22.022,5.09500,0.02028,1.41754,1.51047,0.10334,0.00066,0.00013,
22.023,5.09750,0.02028,1.41754,1.51047,0.10339,0.00066,0.00013,
22.024,5.09750,0.01924,2.03950,0.47034,0.09806,0.00066,0.00013,
22.025,5.09625,0.02112,0.87792,1.21539,0.10763,0.00066,0.00013,
22.026,5.09875,0.02049,1.96369,1.39472,0.10448,0.00066,0.00013,
22.027,5.09625,0.02049,1.51455,1.80637,0.10443,0.00066,0.00013,
22.028,5.09625,0.02049,2.18378,1.18523,0.10443,0.00066,0.00013,
22.029,5.09625,0.02133,1.85609,0.33829,0.10869,0.00066,0.00013,
22.030,5.09750,0.02133,2.14466,0.11738,0.10872,0.00066,0.00013,
22.031,5.09625,0.01986,1.22761,1.64415,0.10123,0.00066,0.00013,
22.032,5.09625,0.01986,2.37697,1.61481,0.10123,0.00066,0.00013,
22.033,5.09875,0.01945,3.05355,0.01875,0.09915,0.00066,0.00013,
22.034,5.09750,0.02112,3.05355,0.01875,0.10765,0.00066,0.00013,
22.035,5.09625,0.01966,3.09348,0.84123,0.10017,0.00066,0.00013,
22.036,5.09625,0.02007,2.32887,1.67187,0.10230,0.00066,0.00013,
22.037,5.09625,0.02007,1.71751,1.63926,0.10230,0.00066,0.00013,
22.038,5.09750,0.02112,1.58872,0.94394,0.10765,0.00066,0.00013,
22.039,5.09625,0.02028,1.30668,0.16384,0.10337,0.00066,0.00013,
22.040,5.09750,0.02049,1.40450,0.06440,0.10446,0.00066,0.00013,
22.041,5.09625,0.02112,1.66942,1.70203,0.10763,0.00066,0.00013,
22.042,5.09750,0.02070,1.50802,1.88869,0.10552,0.00066,0.00013,
22.043,5.09875,0.02007,3.05354,0.00489,0.10235,0.00066,0.00013,
22.044,5.09625,0.02091,1.64415,1.69713,0.10656,0.00066,0.00013,
22.045,5.09875,0.02028,1.64415,1.69713,0.10342,0.00066,0.00013,
22.046,5.09875,0.02007,2.17400,2.34355,0.10235,0.00066,0.00013,
22.047,5.09500,0.02007,2.17400,2.34355,0.10227,0.00066,0.00013,
22.048,5.09750,0.02028,1.74849,1.53818,0.10339,0.00066,0.00013,
22.049,5.10000,0.02112,2.63456,1.89522,0.10771,0.00066,0.00013,
22.050,5.09500,0.02007,1.79577,0.90318,0.10227,0.00066,0.00013,
22.051,5.09875,0.01986,1.18849,1.59443,0.10128,0.00066,0.00013,
22.052,5.09750,0.02070,1.80148,1.87810,0.10552,0.00066,0.00013,
22.053,5.09500,0.01966,2.24573,1.10534,0.10014,0.00066,0.00013,
22.054,5.09625,0.01945,2.41202,1.54633,0.09910,0.00066,0.00013,
22.055,5.09625,0.02070,3.08533,0.17933,0.10550,0.00066,0.00013,
22.056,5.09750,0.02070,2.67857,0.69858,0.10552,0.00066,0.00013,
22.057,5.09500,0.01945,2.67857,0.69858,0.09908,0.00066,0.00013,
22.058,5.09500,0.01966,1.80554,1.54632,0.10014,0.00066,0.00013,
22.059,5.09750,0.01986,1.65311,0.08314,0.10126,0.00066,0.00013,
22.060,5.09875,0.01986,1.63191,0.14673,0.10128,0.00066,0.00013,
22.061,5.09625,0.02028,1.81206,1.29608,0.10337,0.00066,0.00013,
22.062,5.09625,0.02028,1.72484,0.35214,0.10337,0.00066,0.00013,
22.063,5.09500,0.02070,3.05841,1.54062,0.10547,0.00066,0.00013,
22.064,5.09500,0.02175,0.83878,1.06947,0.11080,0.00066,0.00013,
22.065,5.09875,0.02175,3.07309,0.02690,0.11088,0.00066,0.00013,
22.066,5.09875,0.01966,2.29462,0.24780,0.10022,0.00066,0.00013,
22.067,5.09750,0.02112,2.43483,1.51290,0.10765,0.00066,0.00013,
22.068,5.09750,0.02049,2.43483,1.51290,0.10446,0.00066,0.00013,
22.069,5.09750,0.01966,2.93691,2.07450,0.10019,0.00066,0.00013,
22.070,5.09750,0.02175,2.84969,1.83241,0.11085,0.00066,0.00013,
22.071,5.09875,0.02112,1.00831,1.31806,0.10768,0.00066,0.00013,
22.072,5.09750,0.01966,2.07124,1.31317,0.10019,0.00066,0.00013,
22.073,5.09750,0.02133,1.67183,1.75008,0.10872,0.00066,0.00013,
22.074,5.09625,0.02133,2.12586,1.24552,0.10869,0.00066,0.00013,
22.075,5.09750,0.02091,3.08771,0.26084,0.10659,0.00066,0.00013,
22.076,5.09500,0.02133,1.57972,0.94229,0.10867,0.00066,0.00013,
22.077,5.09750,0.02007,1.25856,0.06113,0.10233,0.00066,0.00013,
22.078,5.09750,0.02028,1.90740,1.20721,0.10339,0.00066,0.00013,
22.079,5.09750,0.01966,1.90740,1.20721,0.10019,0.00066,0.00013,
22.080,5.09875,0.02028,1.67259,1.68074,0.10342,0.00066,0.00013,
22.081,5.09625,0.02049,2.89851,2.05895,0.10443,0.00066,0.00013,
22.082,5.09625,0.01924,1.64732,1.63673,0.09804,0.00066,0.00013,
22.083,5.09500,0.01924,1.74188,0.08966,0.09801,0.00066,0.00013,
22.084,5.09750,0.01903,2.07933,1.26178,0.09700,0.00066,0.00013,
22.085,5.09750,0.02154,3.08190,0.17688,0.10979,0.00066,0.00013,
22.086,5.09625,0.02049,3.12103,1.06208,0.10443,0.00066,0.00013,
22.087,5.09250,0.02028,1.93342,1.33188,0.10329,0.00066,0.00013,
22.088,5.09625,0.01945,2.55372,1.29601,0.09910,0.00066,0.00013,
22.089,5.09625,0.02049,2.17306,1.16723,0.10443,0.00066,0.00013,
22.090,5.09875,0.01924,2.17306,1.16723,0.09809,0.00066,0.00013,
22.091,5.09875,0.01986,2.75177,1.42887,0.10128,0.00066,0.00013,
22.092,5.09750,0.01986,2.58875,1.23650,0.10126,0.00066,0.00013,
22.093,5.10000,0.01966,2.71672,0.57138,0.10024,0.00066,0.00013,
22.094,5.09500,0.01966,1.59352,0.64067,0.10014,0.00066,0.00013,
22.095,5.09750,0.01986,2.30754,2.89930,0.10126,0.00066,0.00013,
22.096,5.09875,0.02112,2.09480,0.63333,0.10768,0.00066,0.00013,
22.097,5.09750,0.02091,1.65709,1.45087,0.10659,0.00066,0.00013,
22.098,5.09750,0.02028,1.39463,1.55439,0.10339,0.00066,0.00013,
22.099,5.09500,0.02154,2.01900,1.32209,0.10973,0.00066,0.00013,
22.100,5.09500,0.02154,2.83899,2.50153,0.10973,0.00066,0.00013,
22.101,5.10000,0.02154,2.83899,2.50153,0.10984,0.00066,0.00013,
22.102,5.09875,0.02007,1.83886,0.96671,0.10235,0.00066,0.00013,
22.103,5.09625,0.02091,3.05580,0.78494,0.10656,0.00066,0.00013,
22.104,5.09500,0.02049,1.76224,1.58618,0.10441,0.00066,0.00013,
22.105,5.10000,0.02028,3.07944,0.23556,0.10344,0.00066,0.00013,
22.106,5.09625,0.02070,2.00922,0.48172,0.10550,0.00066,0.00013,
22.107,5.09625,0.02049,2.55941,0.72788,0.10443,0.00066,0.00013,
22.108,5.10125,0.01966,1.90407,1.46636,0.10027,0.00066,0.00013,
22.109,5.10125,0.02091,2.44692,0.94307,0.10667,0.00066,0.00013,
22.110,5.09500,0.02091,1.06859,1.40441,0.10654,0.00066,0.00013,
22.111,5.09750,0.01966,1.28378,1.69051,0.10019,0.00066,0.00013,
22.112,5.09500,0.02028,1.28378,1.69051,0.10334,0.00066,0.00013,
22.113,5.09625,0.01903,1.90572,2.69963,0.09697,0.00066,0.00013,
22.114,5.10000,0.02049,2.10623,1.25445,0.10451,0.00066,0.00013,
22.115,5.10000,0.01924,3.09088,1.16968,0.09811,0.00066,0.00013,
22.116,5.09625,0.01986,1.50142,0.16547,0.10123,0.00066,0.00013,
22.117,5.09625,0.01986,2.77217,0.53226,0.10123,0.00066,0.00013,
22.118,5.09625,0.02154,1.35715,1.60576,0.10976,0.00066,0.00013,
22.119,5.09625,0.02154,2.24806,1.66689,0.10976,0.00066,0.00013,
22.120,5.09875,0.01924,2.29208,1.05149,0.09809,0.00066,0.00013,
22.121,5.09500,0.02007,0.80206,0.85994,0.10227,0.00066,0.00013,
22.122,5.09625,0.02049,2.90748,2.08341,0.10443,0.00066,0.00013,
22.123,5.10125,0.01945,2.90748,2.08341,0.09920,0.00066,0.00013,
22.124,5.09750,0.02007,1.86742,0.00734,0.10233,0.00066,0.00013,
22.125,5.09875,0.02091,3.06563,0.01549,0.10661,0.00066,0.00013,
22.126,5.09875,0.02070,2.11766,0.03750,0.10555,0.00066,0.00013,
22.127,5.09875,0.02049,1.82422,1.51122,0.10448,0.00066,0.00013,
22.128,5.09750,0.02049,1.45986,1.63022,0.10446,0.00066,0.00013,
22.129,5.09750,0.02070,2.31003,1.07839,0.10552,0.00066,0.00013,
22.130,5.09625,0.02070,1.03193,1.36124,0.10550,0.00066,0.00013,
22.131,5.09750,0.02091,2.64667,1.17947,0.10659,0.00066,0.00013,
22.132,5.09500,0.01966,2.91158,2.09973,0.10014,0.00066,0.00013,
22.133,5.09625,0.02049,1.55849,0.07010,0.10443,0.00066,0.00013,
22.134,5.09500,0.02091,1.55849,0.07010,0.10654,0.00066,0.00013,
22.135,5.09875,0.01966,0.44343,1.40853,0.10022,0.00066,0.00013,
22.136,5.09875,0.02133,1.77534,2.46982,0.10875,0.00066,0.00013,
22.137,5.09500,0.02133,1.74925,0.00408,0.10867,0.00066,0.00013,
22.138,5.09875,0.02112,1.66448,1.69056,0.10768,0.00066,0.00013,
22.139,5.09500,0.02007,2.07449,1.26996,0.10227,0.00066,0.00013,
22.140,5.09750,0.02091,1.88782,1.46315,0.10659,0.00066,0.00013,
22.141,5.09750,0.02112,2.74778,1.43380,0.10765,0.00066,0.00013,
22.142,5.09625,0.02007,1.76637,1.83240,0.10230,0.00066,0.00013,
22.143,5.09750,0.02133,3.06649,0.02364,0.10872,0.00066,0.00013,
22.144,5.09875,0.02154,2.55378,2.25871,0.10981,0.00066,0.00013,
22.145,5.09875,0.01945,2.55378,2.25871,0.09915,0.00066,0.00013,
22.146,5.09875,0.01945,0.83877,2.20981,0.09915,0.00066,0.00013,
22.147,5.09875,0.01986,1.96445,0.30975,0.10128,0.00066,0.00013,
22.148,5.09500,0.02049,1.74029,1.82507,0.10441,0.00066,0.00013,
22.149,5.09875,0.01945,2.50570,0.87789,0.09915,0.00066,0.00013,
22.150,5.09875,0.02007,2.23019,1.09961,0.10235,0.00066,0.00013,
22.151,5.09500,0.01966,1.40365,1.80632,0.10014,0.00066,0.00013,
22.152,5.09750,0.01966,2.53341,1.33273,0.10019,0.00066,0.00013,
22.153,5.09625,0.01945,2.67443,0.61216,0.09910,0.00066,0.00013,
22.154,5.09625,0.02091,1.61803,0.95696,0.10656,0.00066,0.00013,
22.155,5.09875,0.02091,1.87153,2.70051,0.10661,0.00066,0.00013,
22.156,5.09750,0.01945,1.87153,2.70051,0.09913,0.00066,0.00013,
22.157,5.09750,0.01924,3.07657,0.09375,0.09806,0.00066,0.00013,
22.158,5.09500,0.02049,2.72359,2.32088,0.10441,0.00066,0.00013,
22.159,5.09625,0.01986,1.95567,1.44046,0.10123,0.00066,0.00013,
22.160,5.09750,0.01986,1.57497,1.72252,0.10126,0.00066,0.00013,
22.161,5.09875,0.02049,1.86274,1.53666,0.10448,0.00066,0.00013,
22.162,5.09875,0.02091,1.50405,0.87960,0.10661,0.00066,0.00013,
22.163,5.10125,0.02112,1.84073,1.19020,0.10773,0.00066,0.00013,
22.164,5.10125,0.02112,2.51490,1.70459,0.10773,0.00066,0.00013,
22.165,5.09625,0.02070,1.46736,0.16467,0.10550,0.00066,0.00013,
22.166,5.09500,0.02112,1.60676,1.48856,0.10760,0.00066,0.00013,
22.167,5.09625,0.02154,1.60676,1.48856,0.10976,0.00066,0.00013,
22.168,5.09750,0.02091,2.09018,1.26764,0.10659,0.00066,0.00013,
22.169,5.09750,0.02049,2.06409,1.34997,0.10446,0.00066,0.00013,
22.170,5.09875,0.02196,2.11626,0.03505,0.11195,0.00066,0.00013,
22.171,5.09875,0.01945,2.88092,2.56952,0.09915,0.00066,0.00013,
22.172,5.09750,0.02133,2.44479,0.79401,0.10872,0.00066,0.00013,
22.173,5.09750,0.02112,1.79589,1.06791,0.10765,0.00066,0.00013,
22.174,5.09375,0.02112,2.16192,1.46736,0.10758,0.00066,0.00013,
22.175,5.09500,0.01986,2.56789,2.47088,0.10121,0.00066,0.00013,
22.176,5.09625,0.02133,1.00840,1.32633,0.10869,0.00066,0.00013,
22.177,5.09625,0.02070,1.88801,0.52336,0.10550,0.00066,0.00013,
22.178,5.09750,0.02028,1.88801,0.52336,0.10339,0.00066,0.00013,
22.179,5.09500,0.02028,1.40541,1.51139,0.10334,0.00066,0.00013,
22.180,5.09750,0.02028,1.44536,0.07255,0.10339,0.00066,0.00013,
22.181,5.09625,0.01966,1.84807,1.43558,0.10017,0.00066,0.00013,
22.182,5.09625,0.01986,2.10730,1.25786,0.10123,0.00066,0.00013,
22.183,5.09875,0.01986,3.05294,0.00571,0.10128,0.00066,0.00013,
22.184,5.09500,0.02007,2.09018,1.38585,0.10227,0.00066,0.00013,
22.185,5.09625,0.02007,2.49534,2.71545,0.10230,0.00066,0.00013,
22.186,5.09500,0.01945,2.63800,0.75569,0.09908,0.00066,0.00013,
22.187,5.09875,0.01986,1.62552,1.26031,0.10128,0.00066,0.00013,
22.188,5.09625,0.01945,1.71601,1.62470,0.09910,0.00066,0.00013,
22.189,5.09625,0.01966,1.71601,1.62470,0.10017,0.00066,0.00013,
22.190,5.09750,0.01945,0.90896,1.30270,0.09913,0.00066,0.00013,
22.191,5.09750,0.02070,0.79890,1.47879,0.10552,0.00066,0.00013,
22.192,5.09500,0.02070,1.37933,1.59944,0.10547,0.00066,0.00013,
22.193,5.09875,0.01966,2.00297,1.33776,0.10022,0.00066,0.00013,
22.194,5.09875,0.02070,1.62797,1.68585,0.10555,0.00066,0.00013,
22.195,5.09625,0.02070,2.95187,1.18694,0.10550,0.00066,0.00013,
22.196,5.09750,0.02007,2.77823,1.55134,0.10233,0.00066,0.00013,
22.197,5.09750,0.02007,2.77334,1.51710,0.10233,0.00066,0.00013,
22.198,5.09750,0.02154,1.40460,1.55949,0.10979,0.00066,0.00013,
22.199,5.09500,0.02112,1.54237,1.54237,0.10760,0.00066,0.00013,
22.200,5.09500,0.01986,1.54237,1.54237,0.10121,0.00066,0.00013,
22.201,5.09625,0.01986,1.40461,1.96630,0.10123,0.00066,0.00013,
22.202,5.09625,0.02133,2.20026,1.15271,0.10869,0.00066,0.00013,
22.203,5.09875,0.02091,1.43641,1.94592,0.10661,0.00066,0.00013,
22.204,5.09500,0.01986,0.52581,1.16739,0.10121,0.00066,0.00013,
22.205,5.09750,0.02133,2.90135,1.43722,0.10872,0.00066,0.00013,
22.206,5.09625,0.02175,2.20597,2.63233,0.11082,0.00066,0.00013,
22.207,5.09375,0.01945,2.68939,2.26466,0.09905,0.00066,0.00013,
22.208,5.09875,0.02091,2.68939,2.26466,0.10661,0.00066,0.00013,
22.209,5.09875,0.02154,1.90515,1.47880,0.10981,0.00066,0.00013,
22.210,5.09500,0.02154,2.84754,2.51575,0.10973,0.00066,0.00013,
22.211,5.09875,0.02049,2.20678,0.41902,0.10448,0.00066,0.00013,
22.212,5.09500,0.02112,2.20678,0.41902,0.10760,0.00066,0.00013,
22.213,5.09500,0.02070,1.58559,2.84998,0.10547,0.00066,0.00013,
22.214,5.09500,0.01945,1.69809,1.64102,0.09908,0.00066,0.00013,
22.215,5.09500,0.01986,1.44782,1.58640,0.10121,0.00066,0.00013,
22.216,5.09625,0.02049,1.70379,1.65407,0.10443,0.00066,0.00013,
22.217,5.09500,0.02007,1.31168,1.74048,0.10227,0.00066,0.00013,
22.218,5.09500,0.01945,2.84591,2.28749,0.09908,0.00066,0.00013,
22.219,5.09625,0.01945,2.11140,1.28151,0.09910,0.00066,0.00013,
22.220,5.09625,0.01986,2.37716,0.88777,0.10123,0.00066,0.00013,
22.221,5.09625,0.01945,0.84374,1.06059,0.09910,0.00066,0.00013,
22.222,5.09500,0.01882,2.95351,1.96385,0.09588,0.00066,0.00013,
22.223,5.09750,0.02007,2.95351,1.96385,0.10233,0.00066,0.00013,
22.224,5.09875,0.02007,2.15457,1.21057,0.10235,0.00066,0.00013,
22.225,5.09375,0.02028,3.08553,0.16793,0.10331,0.00066,0.00013,
22.226,5.09625,0.02007,2.01762,1.38258,0.10230,0.00066,0.00013,
22.227,5.09625,0.02112,2.47169,0.72716,0.10763,0.00066,0.00013,
22.228,5.09875,0.02112,2.34044,0.87797,0.10768,0.00066,0.00013,
22.229,5.09625,0.02112,1.00840,1.32878,0.10763,0.00066,0.00013,
22.230,5.09625,0.02049,2.05675,2.12930,0.10443,0.00066,0.00013,
22.231,5.09500,0.02091,2.05104,1.34182,0.10654,0.00066,0.00013,
22.232,5.09875,0.02091,2.63146,1.18122,0.10661,0.00066,0.00013,
22.233,5.09750,0.01903,2.23528,1.83909,0.09700,0.00066,0.00013,
22.234,5.09500,0.01966,2.23528,1.83909,0.10014,0.00066,0.00013,
22.235,5.10000,0.02049,1.59852,0.07499,0.10451,0.00066,0.00013,
22.236,5.10000,0.02112,2.22864,0.00326,0.10771,0.00066,0.00013,
22.237,5.09625,0.02112,1.30344,1.70287,0.10763,0.00066,0.00013,
22.238,5.09625,0.01966,1.36865,2.00366,0.10017,0.00066,0.00013,
22.239,5.09875,0.02133,2.11860,1.05644,0.10875,0.00066,0.00013,
22.240,5.09750,0.02007,1.88954,1.49500,0.10233,0.00066,0.00013,
22.241,5.09625,0.02007,2.29630,1.05400,0.10230,0.00066,0.00013,
22.242,5.09500,0.02049,2.68350,0.71082,0.10441,0.00066,0.00013,
22.243,5.09750,0.02175,1.64743,1.51375,0.11085,0.00066,0.00013,
22.244,5.09625,0.02007,2.16261,0.43122,0.10230,0.00066,0.00013,
22.245,5.09625,0.02112,2.16261,0.43122,0.10763,0.00066,0.00013,
22.246,5.09750,0.02112,1.54218,0.00571,0.10765,0.00066,0.00013,
22.247,5.09625,0.02133,3.06235,1.38323,0.10869,0.00066,0.00013,
22.248,5.09750,0.02028,2.19100,1.19902,0.10339,0.00066,0.00013,
22.249,5.09875,0.02028,1.91876,2.72978,0.10342,0.00066,0.00013,
22.250,5.09625,0.02112,1.97744,2.71185,0.10763,0.00066,0.00013,
22.251,5.09750,0.01924,1.93017,0.81755,0.09806,0.00066,0.00013,
22.252,5.09875,0.01966,1.76715,1.55766,0.10022,0.00066,0.00013,
22.253,5.09750,0.02112,2.30593,1.04496,0.10765,0.00066,0.00013,
22.254,5.09750,0.01966,2.93111,1.98233,0.10019,0.00066,0.00013,
22.255,5.09875,0.01966,0.85015,1.80220,0.10022,0.00066,0.00013,
22.256,5.09375,0.01882,0.85015,1.80220,0.09586,0.00066,0.00013,
22.257,5.09750,0.02028,0.83467,1.17294,0.10339,0.00066,0.00013,
22.258,5.09750,0.02070,2.62953,1.18190,0.10552,0.00066,0.00013,
22.259,5.09625,0.02112,1.58375,1.75329,0.10763,0.00066,0.00013,
22.260,5.09750,0.02070,2.13965,0.00326,0.10552,0.00066,0.00013,
22.261,5.09500,0.02175,1.34737,1.69379,0.11080,0.00066,0.00013,
22.262,5.09375,0.02112,1.35389,1.48512,0.10758,0.00066,0.00013,
22.263,5.09375,0.01986,3.05257,1.69379,0.10118,0.00066,0.00013,
22.264,5.09500,0.01986,2.34995,1.65059,0.10121,0.00066,0.00013,
22.265,5.09500,0.02112,1.50550,0.14835,0.10760,0.00066,0.00013,
22.266,5.10000,0.02216,1.63591,0.00489,0.11304,0.00066,0.00013,
22.267,5.09750,0.01966,1.63591,0.00489,0.10019,0.00066,0.00013,
22.268,5.09875,0.02112,2.38419,2.89200,0.10768,0.00066,0.00013,
22.269,5.10000,0.02091,1.76552,1.59680,0.10664,0.00066,0.00013,
22.270,5.09750,0.02070,1.14523,1.72314,0.10552,0.00066,0.00013,
22.271,5.09500,0.02070,1.66200,0.60155,0.10547,0.00066,0.00013,
22.272,5.09500,0.02049,2.36463,0.00815,0.10441,0.00066,0.00013,
22.273,5.09750,0.02049,1.46230,1.82584,0.10446,0.00066,0.00013,
22.274,5.09375,0.01903,1.36367,0.78576,0.09692,0.00066,0.00013,
22.275,5.09750,0.02028,2.50564,1.78101,0.10339,0.00066,0.00013,
22.276,5.09875,0.02028,1.71825,3.02079,0.10342,0.00066,0.00013,
22.277,5.09625,0.01945,2.01087,1.34248,0.09910,0.00066,0.00013,
22.278,5.09750,0.02007,2.01087,1.34248,0.10233,0.00066,0.00013,
22.279,5.09625,0.02112,0.62193,1.41910,0.10763,0.00066,0.00013,
22.280,5.09625,0.01903,2.76567,0.63089,0.09697,0.00066,0.00013,
22.281,5.09625,0.02049,2.14781,0.43201,0.10443,0.00066,0.00013,
22.282,5.09750,0.02049,1.44030,1.91225,0.10446,0.00066,0.00013,
22.283,5.09625,0.02070,1.35390,0.04728,0.10550,0.00066,0.00013,
22.284,5.09750,0.02028,2.54722,1.75167,0.10339,0.00066,0.00013,
22.285,5.09625,0.02007,3.13328,1.04008,0.10230,0.00066,0.00013,
22.286,5.09875,0.02028,1.83889,0.96264,0.10342,0.00066,0.00013,
22.287,5.09750,0.02049,1.95545,1.33270,0.10446,0.00066,0.00013,
22.288,5.09500,0.01966,2.43799,0.95042,0.10014,0.00066,0.00013,
22.289,5.09500,0.02070,2.43799,0.95042,0.10547,0.00066,0.00013,
22.290,5.09500,0.02028,1.61723,0.01060,0.10334,0.00066,0.00013,
22.291,5.09750,0.02028,1.95226,0.49886,0.10339,0.00066,0.00013,
22.292,5.09875,0.02091,2.73153,0.55266,0.10661,0.00066,0.00013,
22.293,5.09500,0.02028,1.58789,1.71750,0.10334,0.00067,0.00013,
22.294,5.09625,0.02112,0.67820,1.90416,0.10763,0.00067,0.00013,
22.295,5.10000,0.02112,2.17071,1.19581,0.10771,0.00067,0.00013,
22.296,5.09500,0.02007,1.91965,2.38509,0.10227,0.00067,0.00013,
22.297,5.09750,0.02070,1.92047,1.35639,0.10552,0.00067,0.00013,
22.298,5.09750,0.02028,2.01584,1.33112,0.10339,0.00067,0.00013,
22.299,5.09750,0.02028,1.99709,2.06882,0.10339,0.00067,0.00013,
22.300,5.09625,0.02028,1.99709,2.06882,0.10337,0.00067,0.00013,
22.301,5.09750,0.02049,2.17321,0.00245,0.10446,0.00067,0.00013,
22.302,5.09750,0.02070,2.11126,1.96290,0.10552,0.00067,0.00013,
22.303,5.09875,0.02070,3.05602,0.60240,0.10555,0.00067,0.00013,
22.304,5.09875,0.01966,1.63357,2.99081,0.10022,0.00067,0.00013,
22.305,5.09875,0.02070,2.15364,0.10842,0.10555,0.00067,0.00013,
22.306,5.09625,0.01986,1.36376,0.79233,0.10123,0.00067,0.00013,
22.307,5.09875,0.01924,2.75604,0.54289,0.09809,0.00067,0.00013,
22.308,5.09875,0.02133,2.73893,0.66272,0.10875,0.00067,0.00013,
22.309,5.09875,0.02133,1.65069,1.32789,0.10875,0.00067,0.00013,
22.310,5.09500,0.01924,0.78744,1.15426,0.09801,0.00067,0.00013,
22.311,5.09500,0.01945,0.78744,1.15426,0.09908,0.00067,0.00013,
22.312,5.09625,0.02091,1.63867,1.33702,0.10656,0.00067,0.00013,
22.313,5.09625,0.01945,2.67323,0.71091,0.09910,0.00067,0.00013,
22.314,5.09750,0.01903,1.87265,0.52503,0.09700,0.00067,0.00013,
22.315,5.09625,0.01986,1.41203,2.03570,0.10123,0.00067,0.00013,
22.316,5.09750,0.02049,1.90526,2.98629,0.10446,0.00067,0.00013,
22.317,5.09625,0.01924,1.32072,1.65660,0.09804,0.00067,0.00013,
22.318,5.09625,0.01924,1.67291,0.60166,0.09804,0.00067,0.00013,
22.319,5.09500,0.01986,2.71481,2.04141,0.10121,0.00067,0.00013,
22.320,5.09375,0.01986,2.23788,1.84085,0.10118,0.00067,0.00013,
22.321,5.09750,0.01924,1.78949,0.56090,0.09806,0.00067,0.00013,
22.322,5.09625,0.01924,1.78949,0.56090,0.09804,0.00067,0.00013,
22.323,5.09750,0.02007,2.11722,0.00734,0.10233,0.00067,0.00013,
22.324,5.09625,0.02112,1.58241,1.49600,0.10763,0.00067,0.00013,
22.325,5.09750,0.02049,1.31582,1.11609,0.10446,0.00067,0.00013,
22.326,5.10000,0.02133,3.11999,0.02120,0.10877,0.00067,0.00013,
22.327,5.10000,0.02133,2.51099,0.72395,0.10877,0.00067,0.00013,
22.328,5.09750,0.02112,1.63948,1.71693,0.10765,0.00067,0.00013,
22.329,5.09500,0.01966,1.99738,2.70747,0.10014,0.00067,0.00013,
22.330,5.09750,0.02133,2.49550,2.86644,0.10872,0.00067,0.00013,
22.331,5.09375,0.02112,2.19060,2.93656,0.10758,0.00067,0.00013,
22.332,5.09375,0.01966,1.51964,0.67340,0.10012,0.00067,0.00013,
22.333,5.09875,0.01986,1.51964,0.67340,0.10128,0.00067,0.00013,
22.334,5.09625,0.02091,1.47888,0.00326,0.10656,0.00067,0.00013,
22.335,5.09625,0.02049,0.52992,1.10386,0.10443,0.00067,0.00013,
22.336,5.09625,0.02049,1.54247,1.41774,0.10443,0.00067,0.00013,
22.337,5.09750,0.02049,1.73895,0.00163,0.10446,0.00067,0.00013,
22.338,5.09625,0.02133,1.86776,1.46176,0.10869,0.00067,0.00013,
22.339,5.10000,0.02133,2.10337,2.04141,0.10877,0.00067,0.00013,
22.340,5.09750,0.02007,2.86645,2.53627,0.10233,0.00067,0.00013,
22.341,5.09750,0.02154,2.03081,1.84493,0.10979,0.00067,0.00013,
22.342,5.09875,0.02175,2.10989,1.29300,0.11088,0.00067,0.00013,
22.343,5.09625,0.02070,3.05641,1.22452,0.10550,0.00067,0.00013,
22.344,5.09500,0.02091,3.05641,1.22452,0.10654,0.00067,0.00013,
22.345,5.09500,0.02112,1.59628,1.51964,0.10760,0.00067,0.00013,
22.346,5.09625,0.02112,1.91341,2.81916,0.10763,0.00067,0.00013,
22.347,5.09625,0.02049,2.22973,0.00489,0.10443,0.00067,0.00013,
22.348,5.09625,0.02070,1.30686,1.68106,0.10550,0.00067,0.00013,
22.349,5.09625,0.02049,1.99249,2.97406,0.10443,0.00067,0.00013,
22.350,5.09500,0.01882,2.66752,2.22484,0.09588,0.00067,0.00013,
22.351,5.09625,0.01986,2.05037,1.33458,0.10123,0.00067,0.00013,
22.352,5.09625,0.02070,2.05037,0.46714,0.10550,0.00067,0.00013,
22.353,5.09500,0.02049,2.24522,1.62318,0.10441,0.00067,0.00013,
22.354,5.09500,0.01986,0.71661,1.80172,0.10121,0.00067,0.00013,
22.355,5.09500,0.01986,0.71661,1.80172,0.10121,0.00067,0.00013,
22.356,5.09625,0.02070,1.76177,0.01549,0.10550,0.00067,0.00013,
22.357,5.09625,0.02070,2.32022,1.48866,0.10550,0.00067,0.00013,
22.358,5.09750,0.02028,1.88895,2.98628,0.10339,0.00067,0.00013,
22.359,5.09875,0.01966,1.72916,0.58535,0.10022,0.00067,0.00013,
22.360,5.09375,0.02112,2.31859,2.58844,0.10758,0.00067,0.00013,
22.361,5.09875,0.02091,1.76666,2.93492,0.10661,0.00067,0.00013,
22.362,5.09875,0.02028,1.77807,2.46207,0.10342,0.00067,0.00013,
22.363,5.09875,0.02112,1.73976,1.39083,0.10768,0.00067,0.00013,
22.364,5.09625,0.02112,3.07678,0.08479,0.10763,0.00067,0.00013,
22.365,5.09750,0.02091,1.65171,0.41252,0.10659,0.00067,0.00013,
22.366,5.09750,0.01986,1.65171,0.41252,0.10126,0.00067,0.00013,
22.367,5.09750,0.02070,0.59676,1.37207,0.10552,0.00067,0.00013,
22.368,5.09750,0.02091,1.40060,1.53838,0.10659,0.00067,0.00013,
22.369,5.09500,0.02028,0.62937,1.44626,0.10334,0.00067,0.00013,
22.370,5.09875,0.02133,0.62937,1.44626,0.10875,0.00067,0.00013,
22.371,5.09375,0.02112,2.16938,0.42556,0.10758,0.00067,0.00013,
22.372,5.09375,0.01986,1.72670,0.01304,0.10118,0.00067,0.00013,
22.373,5.09500,0.01986,2.44494,0.82585,0.10121,0.00067,0.00013,
22.374,5.09500,0.02070,2.89822,2.60554,0.10547,0.00067,0.00013,
22.375,5.09375,0.02049,0.71008,1.17315,0.10438,0.00067,0.00013,
22.376,5.09500,0.01882,1.57017,1.37288,0.09588,0.00067,0.00013,
22.377,5.09625,0.01966,2.78164,2.57130,0.10017,0.00067,0.00013,
22.378,5.09875,0.02070,2.78164,2.57130,0.10555,0.00067,0.00013,
22.379,5.10000,0.01966,1.13478,1.22853,0.10024,0.00067,0.00013,
22.380,5.09750,0.01966,1.58723,1.72174,0.10019,0.00067,0.00013,
22.381,5.09750,0.02070,1.65978,0.83804,0.10552,0.00067,0.00013,
22.382,5.09375,0.02070,1.45353,1.90190,0.10545,0.00067,0.00013,
22.383,5.09625,0.02007,3.05380,0.00408,0.10230,0.00067,0.00013,
22.384,5.09625,0.01966,2.55896,0.70924,0.10017,0.00067,0.00013,
22.385,5.09625,0.01986,0.76467,0.84701,0.10123,0.00067,0.00013,
22.386,5.09750,0.01945,1.90598,2.40978,0.09913,0.00067,0.00013,
22.387,5.09625,0.01966,1.87255,2.50271,0.10017,0.00067,0.00013,
22.388,5.09625,0.02028,2.07962,2.67962,0.10337,0.00067,0.00013,
22.389,5.09500,0.02112,2.07962,2.67962,0.10760,0.00067,0.00013,
22.390,5.09500,0.02175,2.16735,0.00734,0.11080,0.00067,0.00013,
22.391,5.09750,0.02175,2.19914,1.16396,0.11085,0.00067,0.00013,
22.392,5.09750,0.01945,1.98558,2.71917,0.09913,0.00067,0.00013,
22.393,5.09500,0.02133,1.76388,2.79987,0.10867,0.00067,0.00013,
22.394,5.09625,0.02154,2.75667,0.53634,0.10976,0.00067,0.00013,
22.395,5.09750,0.02007,2.48198,2.69309,0.10233,0.00067,0.00013,
22.396,5.09625,0.02091,2.04997,1.58211,0.10656,0.00067,0.00013,
22.397,5.09625,0.02091,1.36611,2.02634,0.10656,0.00067,0.00013,
22.398,5.09875,0.01966,1.98640,1.27808,0.10022,0.00067,0.00013,
22.399,5.09875,0.02028,3.08108,0.12879,0.10342,0.00067,0.00013,
22.400,5.10000,0.02028,3.08108,0.12879,0.10344,0.00067,0.00013,
22.401,5.09500,0.02049,1.72989,1.94826,0.10441,0.00067,0.00013,
22.402,5.09625,0.02070,1.84641,1.52455,0.10550,0.00067,0.00013,
22.403,5.09500,0.02007,1.36973,0.79120,0.10227,0.00067,0.00013,
22.404,5.09500,0.02028,1.53270,1.55144,0.10334,0.00067,0.00013,
22.405,5.09750,0.01903,1.72256,0.93787,0.09700,0.00067,0.00013,
22.406,5.09750,0.01924,3.11348,0.00978,0.09806,0.00067,0.00013,
22.407,5.09375,0.02049,0.94358,1.22225,0.10438,0.00067,0.00013,
22.408,5.09375,0.02007,1.40151,0.72765,0.10225,0.00067,0.00013,
22.409,5.09625,0.02007,1.84967,0.52883,0.10230,0.00067,0.00013,
22.410,5.09625,0.01966,2.19923,2.91955,0.10017,0.00067,0.00013,
22.411,5.09500,0.02007,2.19923,2.91955,0.10227,0.00067,0.00013,
22.412,5.09750,0.02049,1.44144,0.00815,0.10446,0.00067,0.00013,
22.413,5.09625,0.01903,2.25547,1.64841,0.09697,0.00067,0.00013,
22.414,5.09625,0.01986,1.99309,1.34611,0.10123,0.00067,0.00013,
22.415,5.09750,0.02070,1.78612,0.14586,0.10552,0.00067,0.00013,
22.416,5.09750,0.01945,0.84498,1.43167,0.09913,0.00067,0.00013,
22.417,5.09750,0.01945,1.55960,0.00652,0.09913,0.00067,0.00013,
22.418,5.09625,0.01945,1.86271,0.91262,0.09910,0.00067,0.00013,
22.419,5.09625,0.02007,1.45774,1.89694,0.10230,0.00067,0.00013,
22.420,5.10000,0.02007,2.32962,1.47811,0.10238,0.00067,0.00013,
22.421,5.09625,0.01945,2.17154,2.64496,0.09910,0.00067,0.00013,
22.422,5.09625,0.02070,2.17154,2.64496,0.10550,0.00067,0.00013,
22.423,5.09750,0.02112,3.06547,0.00733,0.10765,0.00067,0.00013,
22.424,5.09625,0.01945,1.97031,0.29253,0.09910,0.00067,0.00013,
22.425,5.09875,0.02112,1.88556,0.90448,0.10768,0.00067,0.00013,
22.426,5.09875,0.02112,3.18118,0.00326,0.10768,0.00067,0.00013,
22.427,5.09750,0.02112,2.76805,2.13328,0.10765,0.00067,0.00013,
22.428,5.09625,0.01966,1.86601,2.28810,0.10017,0.00067,0.00013,
22.429,5.09625,0.02070,2.25714,1.41703,0.10550,0.00067,0.00013,
22.430,5.09625,0.02091,1.16279,1.25813,0.10656,0.00067,0.00013,
22.431,5.09750,0.02007,0.48076,1.02834,0.10233,0.00067,0.00013,
22.432,5.10000,0.02007,1.45614,1.62318,0.10238,0.00067,0.00013,
22.433,5.09500,0.02112,1.45614,1.62318,0.10760,0.00067,0.00013,
22.434,5.09375,0.02007,2.05671,2.95714,0.10225,0.00067,0.00013,
22.435,5.09375,0.02049,1.72588,2.63282,0.10438,0.00067,0.00013,
22.436,5.09625,0.02049,0.56307,1.81633,0.10443,0.00067,0.00013,
22.437,5.09750,0.02007,2.43970,1.88641,0.10233,0.00067,0.00013,
22.438,5.09625,0.01945,2.14227,1.99478,0.09910,0.00067,0.00013,
22.439,5.09500,0.02028,1.60365,1.27933,0.10334,0.00067,0.00013,
22.440,5.10250,0.02091,2.46496,2.87565,0.10669,0.00067,0.00013,
22.441,5.09625,0.02049,2.41444,1.76907,0.10443,0.00067,0.00013,
22.442,5.09875,0.02007,0.78308,1.58409,0.10235,0.00067,0.00013,
22.443,5.09625,0.02216,3.08670,1.53765,0.11296,0.00067,0.00013,
22.444,5.09625,0.02175,3.08670,1.53765,0.11082,0.00067,0.00013,
22.445,5.09875,0.02175,2.12934,0.72363,0.11088,0.00067,0.00013,
22.446,5.09250,0.01903,2.70140,0.70082,0.09690,0.00067,0.00013,
22.447,5.09750,0.02112,2.20839,2.93528,0.10765,0.00067,0.00013,
22.448,5.09750,0.02070,2.50583,1.69907,0.10552,0.00067,0.00013,
22.449,5.09750,0.01945,1.87917,2.25646,0.09913,0.00067,0.00013,
22.450,5.09875,0.01986,0.97870,1.17753,0.10128,0.00067,0.00013,
22.451,5.09500,0.02112,1.01374,1.15064,0.10760,0.00067,0.00013,
22.452,5.09750,0.01966,1.80582,2.76822,0.10019,0.00067,0.00013,
22.453,5.09625,0.02007,3.04855,0.02445,0.10230,0.00067,0.00013,
22.454,5.09625,0.02007,2.13912,1.95903,0.10230,0.00067,0.00013,
22.455,5.09750,0.01966,2.13912,1.95903,0.10019,0.00067,0.00013,
22.456,5.09750,0.02070,3.06750,0.00896,0.10552,0.00067,0.00013,
22.457,5.09875,0.02091,2.55653,1.76113,0.10661,0.00067,0.00013,
22.458,5.09625,0.02049,2.71381,2.31122,0.10443,0.00067,0.00013,
22.459,5.09625,0.02070,1.68859,1.42373,0.10550,0.00067,0.00013,
22.460,5.10000,0.02112,3.08054,0.12143,0.10771,0.00067,0.00013,
22.461,5.09750,0.02028,1.56798,1.80676,0.10339,0.00067,0.00013,
22.462,5.09625,0.02070,2.05451,0.46779,0.10550,0.00067,0.00013,
22.463,5.09625,0.02133,3.05447,0.00163,0.10869,0.00067,0.00013,
22.464,5.09750,0.02133,2.76027,0.52972,0.10872,0.00067,0.00013,
22.465,5.09625,0.01966,1.13605,0.04971,0.10017,0.00067,0.00013,
22.466,5.09500,0.02112,1.13605,0.04971,0.10760,0.00067,0.00013,
22.467,5.10000,0.02112,3.06949,0.02119,0.10771,0.00067,0.00013,
22.468,5.09875,0.01986,1.30409,1.70754,0.10128,0.00067,0.00013,
22.469,5.09750,0.02070,2.58453,2.48999,0.10552,0.00067,0.00013,
22.470,5.09625,0.02049,0.99029,0.61374,0.10443,0.00067,0.00013,
22.471,5.09750,0.01966,2.17864,0.00326,0.10019,0.00067,0.00013,
22.472,5.09750,0.02028,2.48999,1.96591,0.10339,0.00067,0.00013,
22.473,5.09625,0.02028,1.42960,1.49073,0.10337,0.00067,0.00013,
22.474,5.09750,0.02007,1.75807,0.57054,0.10233,0.00067,0.00013,
22.475,5.09875,0.01945,2.19820,0.20621,0.09915,0.00067,0.00013,
22.476,5.09500,0.01986,0.47681,1.04979,0.10121,0.00067,0.00013,
22.477,5.09500,0.02070,0.47681,1.04979,0.10547,0.00067,0.00013,
22.478,5.09875,0.01986,1.29777,1.60672,0.10128,0.00067,0.00013,
22.479,5.09250,0.01924,2.15371,1.81541,0.09797,0.00067,0.00013,
22.480,5.09875,0.02007,0.70350,1.80644,0.10235,0.00067,0.00013,
22.481,5.09875,0.02049,2.17490,0.00652,0.10448,0.00067,0.00013,
22.482,5.09500,0.02049,2.09665,1.27250,0.10441,0.00067,0.00013,
22.483,5.09625,0.01903,1.88959,1.49097,0.09697,0.00067,0.00013,
22.484,5.09625,0.02007,2.38278,0.83964,0.10230,0.00067,0.00013,
22.485,5.09625,0.01903,1.95807,2.01921,0.09697,0.00067,0.00013,
22.486,5.09875,0.01966,3.07731,0.03994,0.10022,0.00067,0.00013,
22.487,5.09875,0.02028,1.71270,1.94013,0.10342,0.00067,0.00013,
22.488,5.09875,0.02112,1.71270,1.94013,0.10768,0.00067,0.00013,
22.489,5.09750,0.02112,1.59219,0.00652,0.10765,0.00067,0.00013,
22.490,5.09750,0.02070,2.16205,1.31908,0.10552,0.00067,0.00013,
22.491,5.09875,0.02070,3.04089,0.97178,0.10555,0.00067,0.00013,
22.492,5.09750,0.02112,0.52013,1.13320,0.10765,0.00067,0.00013,
22.493,5.09750,0.02091,0.81362,1.98351,0.10659,0.00067,0.00013,
22.494,5.09500,0.01966,1.54246,1.85144,0.10014,0.00067,0.00013,
22.495,5.09625,0.02028,2.71072,1.32071,0.10337,0.00067,0.00013,
22.496,5.09500,0.02112,2.72295,2.26640,0.10760,0.00067,0.00013,
22.497,5.09875,0.02028,3.07269,0.07337,0.10342,0.00067,0.00013,
22.498,5.09625,0.02070,1.83595,2.55174,0.10550,0.00067,0.00013,
22.499,5.09625,0.02070,1.83595,2.55174,0.10550,0.00067,0.00013,
22.500,5.09625,0.02070,3.07269,0.00489,0.10550,0.00067,0.00013,
22.501,5.09625,0.01986,2.85910,2.49060,0.10123,0.00067,0.00013,
22.502,5.09625,0.01966,2.96100,2.68789,0.10017,0.00067,0.00013,
22.503,5.09625,0.02007,3.05639,0.98075,0.10230,0.00067,0.00013,
22.504,5.09625,0.01924,2.17021,2.94551,0.09804,0.00067,0.00013,
22.505,5.09875,0.02028,2.79795,1.61420,0.10342,0.00067,0.00013,
22.506,5.09875,0.02028,2.90720,0.00571,0.10342,0.00067,0.00013,
22.507,5.09500,0.01882,0.50546,1.09652,0.09588,0.00067,0.00013,
22.508,5.09500,0.02007,2.59332,1.81720,0.10227,0.00067,0.00013,
22.509,5.09750,0.02007,1.83758,0.54377,0.10233,0.00067,0.00013,
22.510,5.09750,0.02049,1.83758,0.54377,0.10446,0.00067,0.00013,
22.511,5.09750,0.02007,3.07188,0.01467,0.10233,0.00067,0.00013,
22.512,5.09625,0.01882,2.29168,2.61289,0.09591,0.00067,0.00013,
22.513,5.09750,0.02028,1.02314,0.52584,0.10339,0.00067,0.00013,
22.514,5.09875,0.02007,2.57294,0.68318,0.10235,0.00067,0.00013,
22.515,5.09625,0.02007,0.67340,1.28403,0.10230,0.00067,0.00013,
22.516,5.09500,0.01966,1.89873,0.01304,0.10014,0.00067,0.00013,
22.517,5.09500,0.02007,1.38104,1.62969,0.10227,0.00067,0.00013,
22.518,5.09625,0.02007,2.17184,0.00652,0.10230,0.00067,0.00013,
22.519,5.09750,0.01986,2.64061,2.18651,0.10126,0.00067,0.00013,
22.520,5.09500,0.02028,1.58648,1.79356,0.10334,0.00067,0.00013,
22.521,5.10125,0.02112,1.58648,1.79356,0.10773,0.00067,0.00013,
22.522,5.09750,0.02091,2.91780,1.38349,0.10659,0.00067,0.00013,
22.523,5.09625,0.02049,1.42670,1.49681,0.10443,0.00067,0.00013,
22.524,5.09875,0.02154,1.81557,2.37973,0.10981,0.00067,0.00013,
22.525,5.09625,0.02112,1.80253,2.61941,0.10763,0.00067,0.00013,
22.526,5.09625,0.02007,3.06944,0.02283,0.10230,0.00067,0.00013,
22.527,5.09750,0.02007,2.80203,2.44740,0.10233,0.00067,0.00013,
22.528,5.09875,0.02091,0.63019,2.01042,0.10661,0.00067,0.00013,
22.529,5.09500,0.02028,1.39735,0.72069,0.10334,0.00067,0.00013,
22.530,5.09875,0.02028,1.57181,1.76584,0.10342,0.00067,0.00013,
22.531,5.09500,0.02133,1.57181,1.76584,0.10867,0.00067,0.00013,
22.532,5.09875,0.02007,3.08656,0.54214,0.10235,0.00067,0.00013,
22.533,5.09625,0.02007,3.08656,0.54214,0.10230,0.00067,0.00013,
22.534,5.09750,0.02028,1.50333,0.00571,0.10339,0.00067,0.00013,
22.535,5.09750,0.02112,3.09145,1.30033,0.10765,0.00067,0.00013,
22.536,5.09875,0.02112,1.30441,1.69899,0.10768,0.00067,0.00013,
22.537,5.09875,0.01986,1.73894,2.74822,0.10128,0.00067,0.00013,
22.538,5.09875,0.01966,3.07514,0.05625,0.10022,0.00067,0.00013,
22.539,5.09625,0.02028,1.67453,2.88519,0.10337,0.00067,0.00013,
22.540,5.09500,0.01903,1.66964,0.00815,0.09695,0.00067,0.00013,
22.541,5.09875,0.01966,1.29299,1.60931,0.10022,0.00067,0.00013,
22.542,5.09500,0.01882,1.75361,2.72621,0.09588,0.00067,0.00013,
22.543,5.09500,0.02175,3.05965,0.00326,0.11080,0.00067,0.00013,
22.544,5.09500,0.02070,3.05965,0.00326,0.10547,0.00067,0.00013,
22.545,5.09750,0.02070,2.55824,1.28483,0.10552,0.00067,0.00013,
22.546,5.09625,0.02133,2.27617,1.80006,0.10869,0.00067,0.00013,
22.547,5.09875,0.02112,1.26526,0.02853,0.10768,0.00067,0.00013,
22.548,5.09750,0.01924,1.51473,1.43646,0.09806,0.00067,0.00013,
22.549,5.09500,0.02070,2.62265,1.85142,0.10547,0.00067,0.00013,
22.550,5.09750,0.02049,1.51065,0.00163,0.10446,0.00067,0.00013,
22.551,5.09625,0.01986,0.99623,1.86365,0.10123,0.00067,0.00013,
22.552,5.09500,0.01903,2.68379,1.96637,0.09695,0.00067,0.00013,
22.553,5.09500,0.01945,1.70223,1.92235,0.09908,0.00067,0.00013,
22.554,5.09625,0.01945,0.98726,0.64078,0.09910,0.00067,0.00013,
22.555,5.09875,0.02112,0.98726,0.64078,0.10768,0.00067,0.00013,
22.556,5.09750,0.02091,1.12907,0.28532,0.10659,0.00067,0.00013,
22.557,5.09875,0.02007,1.80732,1.58885,0.10235,0.00067,0.00013,
22.558,5.09875,0.02112,1.41765,1.58314,0.10768,0.00067,0.00013,
22.559,5.09875,0.02070,3.07090,0.00082,0.10555,0.00067,0.00013,
22.560,5.09750,0.02007,0.97418,1.20407,0.10233,0.00067,0.00013,
22.561,5.09750,0.02133,2.58177,2.00705,0.10872,0.00067,0.00013,
22.562,5.09750,0.02154,2.05596,0.45978,0.10979,0.00067,0.00013,
22.563,5.09750,0.02154,1.81711,1.21467,0.10979,0.00067,0.00013,
22.564,5.09875,0.02007,1.49347,1.45189,0.10235,0.00067,0.00013,
22.565,5.09875,0.02112,2.96982,1.11765,0.10768,0.00067,0.00013,
22.566,5.10000,0.02112,2.96982,1.11765,0.10771,0.00067,0.00013,
22.567,5.09875,0.02028,0.90319,2.23923,0.10342,0.00067,0.00013,
22.568,5.09500,0.02070,0.54452,1.21947,0.10547,0.00067,0.00013,
22.569,5.09500,0.02070,1.54716,0.00163,0.10547,0.00067,0.00013,
22.570,5.09500,0.01945,1.46320,1.46565,0.09908,0.00067,0.00013,
22.571,5.09500,0.02091,2.02158,2.69734,0.10654,0.00067,0.00013,
22.572,5.09750,0.02091,2.21885,0.00652,0.10659,0.00067,0.00013,
22.573,5.09625,0.02091,2.11369,0.00408,0.10656,0.00067,0.00013,
22.574,5.09750,0.02070,0.82412,0.91297,0.10552,0.00067,0.00013,
22.575,5.09625,0.02112,2.14711,1.04829,0.10763,0.00067,0.00013,
22.576,5.10000,0.02112,3.06824,0.03016,0.10771,0.00067,0.00013,
22.577,5.09875,0.02028,3.06824,0.03016,0.10342,0.00067,0.00013,
22.578,5.09625,0.02028,3.09107,0.53474,0.10337,0.00067,0.00013,
22.579,5.09875,0.02112,1.23415,1.34012,0.10768,0.00067,0.00013,
22.580,5.09875,0.02007,1.66210,1.89198,0.10235,0.00067,0.00013,
22.581,5.09625,0.02007,2.13897,1.21784,0.10230,0.00067,0.00013,
22.582,5.09500,0.01966,0.46790,0.99694,0.10014,0.00067,0.00013,
22.583,5.09750,0.01966,3.04950,0.00408,0.10019,0.00067,0.00013,
22.584,5.09625,0.02007,1.74036,0.00489,0.10230,0.00067,0.00013,
22.585,5.09625,0.02028,3.08863,1.05074,0.10337,0.00067,0.00013,
22.586,5.09875,0.01945,1.09149,1.76074,0.09915,0.00067,0.00013,
22.587,5.09750,0.02133,3.06825,0.01712,0.10872,0.00067,0.00013,
22.588,5.09625,0.02112,3.06825,0.01712,0.10763,0.00067,0.00013,
22.589,5.09625,0.02049,2.01263,0.01386,0.10443,0.00067,0.00013,
22.590,5.09500,0.02049,2.95821,2.72671,0.10441,0.00067,0.00013,
22.591,5.09875,0.02112,2.31179,1.70368,0.10768,0.00067,0.00013,
22.592,5.09625,0.02049,2.34929,0.00734,0.10443,0.00067,0.00013,
22.593,5.10125,0.02007,1.49663,0.01141,0.10240,0.00067,0.00013,
22.594,5.09750,0.02091,2.06235,0.00652,0.10659,0.00067,0.00013,
22.595,5.09750,0.02112,2.00937,0.02853,0.10765,0.00067,0.00013,
22.596,5.09875,0.02028,1.90421,2.42428,0.10342,0.00067,0.00013,
22.597,5.09875,0.02091,1.07275,1.61238,0.10661,0.00067,0.00013,
22.598,5.09875,0.02112,3.07967,1.57815,0.10768,0.00067,0.00013,
22.599,5.09625,0.02112,3.07967,1.57815,0.10763,0.00067,0.00013,
22.600,5.09750,0.02007,1.33933,1.32791,0.10233,0.00067,0.00013,
22.601,5.09875,0.02133,1.55535,1.34259,0.10875,0.00067,0.00013,
22.602,5.09875,0.02133,2.36155,0.00734,0.10875,0.00067,0.00013,
22.603,5.09750,0.01945,2.05831,0.00326,0.09913,0.00067,0.00013,
22.604,5.09500,0.01966,1.53660,0.00326,0.10014,0.00067,0.00013,
22.605,5.09750,0.02070,1.85859,0.15814,0.10552,0.00067,0.00013,
22.606,5.09250,0.01986,1.37356,0.79968,0.10116,0.00067,0.00013,
22.607,5.09625,0.02028,3.08542,1.71349,0.10337,0.00067,0.00013,
22.608,5.09625,0.02028,1.43063,0.00408,0.10337,0.00067,0.00013,
22.609,5.09750,0.02091,3.06178,0.01875,0.10659,0.00067,0.00013,
22.610,5.09875,0.01986,3.06178,0.01875,0.10128,0.00067,0.00013,
22.611,5.09750,0.01986,1.96456,0.00408,0.10126,0.00067,0.00013,
22.612,5.09625,0.02028,3.01287,0.85919,0.10337,0.00067,0.00013,
22.613,5.09375,0.02007,2.07216,2.10477,0.10225,0.00067,0.00013,
22.614,5.09625,0.01945,3.08950,0.77686,0.09910,0.00067,0.00013,
22.615,5.09875,0.02007,1.37927,0.03098,0.10235,0.00067,0.00013,
22.616,5.09625,0.02070,2.43084,1.87897,0.10550,0.00067,0.00013,
22.617,5.09625,0.02070,0.60323,1.39965,0.10550,0.00067,0.00013,
22.618,5.09750,0.02112,1.69229,0.00326,0.10765,0.00067,0.00013,
22.619,5.09500,0.02049,0.52252,0.93174,0.10441,0.00067,0.00013,
22.620,5.09750,0.02112,1.18118,1.48361,0.10765,0.00067,0.00013,
22.621,5.09625,0.02112,1.18118,1.48361,0.10763,0.00067,0.00013,
22.622,5.09625,0.02007,3.08787,0.25189,0.10230,0.00067,0.00013,
22.623,5.09875,0.02091,3.06097,0.00489,0.10661,0.00067,0.00013,
22.624,5.09875,0.02112,1.77218,0.01386,0.10768,0.00067,0.00013,
22.625,5.09500,0.01882,1.79256,0.02853,0.09588,0.00067,0.00013,
22.626,5.09500,0.02112,3.07646,0.07010,0.10760,0.00067,0.00013,
22.627,5.09625,0.02112,3.09358,0.24618,0.10763,0.00067,0.00013,
22.628,5.09750,0.02049,1.45182,0.00326,0.10446,0.00067,0.00013,
22.629,5.09750,0.02028,1.88142,0.00734,0.10339,0.00067,0.00013,
22.630,5.10125,0.02112,2.90853,1.40699,0.10773,0.00067,0.00013,
22.631,5.09500,0.02070,1.99799,2.23112,0.10547,0.00067,0.00013,
22.632,5.09625,0.02028,1.99799,2.23112,0.10337,0.00067,0.00013,
22.633,5.09750,0.02070,1.79176,0.00652,0.10552,0.00067,0.00013,
22.634,5.09750,0.02070,1.31325,1.43552,0.10552,0.00067,0.00013,
22.635,5.09750,0.02091,2.51971,1.94338,0.10659,0.00067,0.00013,
22.636,5.09625,0.02091,2.41047,2.95012,0.10656,0.00067,0.00013,
22.637,5.09625,0.01966,1.51786,0.01141,0.10017,0.00067,0.00013,
22.638,5.09500,0.02112,0.39699,1.26678,0.10760,0.00067,0.00013,
22.639,5.09625,0.01966,0.39618,1.93034,0.10017,0.00067,0.00013,
22.640,5.09875,0.01924,1.67111,0.00245,0.09809,0.00068,0.00013,
22.641,5.10000,0.02091,1.18608,1.30184,0.10664,0.00068,0.00013,
22.642,5.09500,0.02007,3.06588,0.00489,0.10227,0.00068,0.00013,
22.643,5.09625,0.02028,3.06588,0.00489,0.10337,0.00068,0.00013,
22.644,5.09625,0.02049,1.76408,0.15081,0.10443,0.00068,0.00013,
22.645,5.09500,0.02049,2.04939,1.04100,0.10441,0.00068,0.00013,
22.646,5.09750,0.02070,2.17004,0.26494,0.10552,0.00068,0.00013,
22.647,5.09500,0.02070,3.08142,1.79016,0.10547,0.00068,0.00013,
22.648,5.09625,0.02112,3.06268,0.00734,0.10763,0.00068,0.00013,
22.649,5.09625,0.02133,1.37604,0.00652,0.10869,0.00068,0.00013,
22.650,5.09500,0.02007,0.51357,1.14616,0.10227,0.00068,0.00013,
22.651,5.09500,0.02007,2.92491,2.65589,0.10227,0.00068,0.00013,
22.652,5.09750,0.01924,1.98988,0.01386,0.09806,0.00068,0.00013,
22.653,5.09750,0.01945,3.11159,0.00000,0.09913,0.00068,0.00013,
22.654,5.10000,0.01945,3.11159,0.00000,0.09918,0.00068,0.00013,
22.655,5.09750,0.02007,2.25971,1.09235,0.10233,0.00068,0.00013,
22.656,5.09625,0.02070,1.81950,1.30920,0.10550,0.00068,0.00013,
22.657,5.09875,0.02091,2.11134,0.01304,0.10661,0.00068,0.00013,
22.658,5.09500,0.02070,3.17598,0.01386,0.10547,0.00068,0.00013,
22.659,5.09625,0.01966,1.14371,0.22825,0.10017,0.00068,0.00013,
22.660,5.10000,0.02112,1.70130,2.61595,0.10771,0.00068,0.00013,
22.661,5.09500,0.02070,1.63772,2.96159,0.10547,0.00068,0.00013,
22.662,5.09500,0.02007,3.12625,0.01060,0.10227,0.00068,0.00013,
22.663,5.09625,0.02007,3.07327,0.07092,0.10230,0.00068,0.00013,
22.664,5.09500,0.02112,1.66217,0.00326,0.10760,0.00068,0.00013,
22.665,5.09500,0.02154,1.66217,0.00326,0.10973,0.00068,0.00013,
22.666,5.09750,0.01986,1.52604,0.00408,0.10126,0.00068,0.00013,
22.667,5.09625,0.02175,3.07979,0.08967,0.11082,0.00068,0.00013,
22.668,5.09500,0.02091,1.50403,0.00326,0.10654,0.00068,0.00013,
22.669,5.09375,0.02028,3.07979,0.09538,0.10331,0.00068,0.00013,
22.670,5.09875,0.02070,2.14477,0.00489,0.10555,0.00068,0.00013,
22.671,5.09875,0.02133,3.09283,0.58938,0.10875,0.00068,0.00013,
22.672,5.09750,0.02133,1.72657,0.00163,0.10872,0.00068,0.00013,
22.673,5.09625,0.01966,1.48935,0.00408,0.10017,0.00068,0.00013,
22.674,5.09625,0.02112,1.75755,0.01467,0.10763,0.00068,0.00013,
22.675,5.09625,0.02091,3.10343,1.26681,0.10656,0.00068,0.00013,
22.676,5.09500,0.01966,3.10343,1.26681,0.10014,0.00068,0.00013,
22.677,5.09875,0.01945,0.36928,1.76652,0.09915,0.00068,0.00013,
22.678,5.09500,0.02133,2.07059,2.38199,0.10867,0.00068,0.00013,
22.679,5.09375,0.01966,3.07572,0.09130,0.10012,0.00068,0.00013,
22.680,5.09375,0.01986,2.22058,1.55702,0.10118,0.00068,0.00013,
22.681,5.09500,0.01986,0.56574,0.96926,0.10121,0.00068,0.00013,
22.682,5.09375,0.01966,1.42333,0.00978,0.10012,0.00068,0.00013,
22.683,5.09750,0.02070,0.44428,0.95051,0.10552,0.00068,0.00013,
22.684,5.09875,0.01966,3.09121,0.55025,0.10022,0.00068,0.00013,
22.685,5.09625,0.02007,2.14314,1.95239,0.10230,0.00068,0.00013,
22.686,5.09625,0.02028,1.09888,1.76245,0.10337,0.00068,0.00013,
22.687,5.09750,0.02049,1.09888,1.76245,0.10446,0.00068,0.00013,
22.688,5.09500,0.02007,3.06350,1.53583,0.10227,0.00068,0.00013,
22.689,5.09500,0.02175,0.71330,1.42170,0.11080,0.00068,0.00013,
22.690,5.09625,0.02175,1.41925,0.00652,0.11082,0.00068,0.00013,
22.691,5.09625,0.02049,1.43393,1.48284,0.10443,0.00068,0.00013,
22.692,5.09750,0.02007,3.07817,0.11331,0.10233,0.00068,0.00013,
22.693,5.09500,0.02070,3.07817,0.11331,0.10547,0.00068,0.00013,
22.694,5.09625,0.02070,2.27684,0.01304,0.10550,0.00068,0.00013,
22.695,5.09625,0.01966,1.90185,2.75373,0.10017,0.00068,0.00013,
22.696,5.09625,0.02112,2.08690,1.94016,0.10763,0.00068,0.00013,
22.697,5.09625,0.02070,0.76465,1.34426,0.10550,0.00068,0.00013,
22.698,5.09625,0.02070,1.81625,0.01630,0.10550,0.00068,0.00013,
22.699,5.09750,0.02070,1.81625,0.01630,0.10552,0.00068,0.00013,
22.700,5.09750,0.02112,3.07082,0.03424,0.10765,0.00068,0.00013,
22.701,5.09750,0.02133,1.75918,1.22523,0.10872,0.00068,0.00013,
22.702,5.09875,0.02049,1.97928,1.25132,0.10448,0.00068,0.00013,
22.703,5.09625,0.02028,3.09528,0.74019,0.10337,0.00068,0.00013,
22.704,5.09375,0.02112,2.07303,0.00326,0.10758,0.00068,0.00013,
22.705,5.09750,0.01966,1.11437,1.46327,0.10019,0.00068,0.00013,
22.706,5.09500,0.02070,1.93282,0.00815,0.10547,0.00068,0.00013,
22.707,5.09500,0.02133,3.17109,0.01630,0.10867,0.00068,0.00013,
22.708,5.09625,0.02133,3.06593,0.01141,0.10869,0.00068,0.00013,
22.709,5.09750,0.01966,2.01515,2.19449,0.10019,0.00068,0.00013,
22.710,5.09750,0.02112,2.01515,2.19449,0.10765,0.00068,0.00013,
22.711,5.09875,0.02091,3.09604,0.52090,0.10661,0.00068,0.00013,
22.712,5.09625,0.01945,0.75078,1.38580,0.09910,0.00068,0.00013,
22.713,5.09875,0.01945,2.62324,0.00000,0.09915,0.00068,0.00013,
22.714,5.09500,0.02070,0.49726,2.03224,0.10547,0.00068,0.00013,
22.715,5.09750,0.02028,1.45346,1.17630,0.10339,0.00068,0.00013,
22.716,5.09750,0.01986,2.71780,2.29880,0.10126,0.00068,0.00013,
22.717,5.10125,0.01986,1.66051,1.89447,0.10133,0.00068,0.00013,
22.718,5.09500,0.01903,2.15859,0.00408,0.09695,0.00068,0.00013,
22.719,5.09625,0.02070,3.07159,0.00978,0.10550,0.00068,0.00013,
22.720,5.09875,0.02112,1.83252,0.00734,0.10768,0.00068,0.00013,
22.721,5.09750,0.02091,1.83252,0.00734,0.10659,0.00068,0.00013,
22.722,5.09375,0.02070,0.74424,0.79233,0.10545,0.00068,0.00013,
22.723,5.09625,0.02091,1.74035,1.18034,0.10656,0.00068,0.00013,
22.724,5.09875,0.01966,2.40715,1.62786,0.10022,0.00068,0.00013,
22.725,5.09875,0.02154,1.88382,2.24819,0.10981,0.00068,0.00013,
22.726,5.09500,0.02154,1.91561,2.09739,0.10973,0.00068,0.00013,
22.727,5.09875,0.02091,2.40144,0.00815,0.10661,0.00068,0.00013,
22.728,5.09625,0.01966,1.48847,1.66210,0.10017,0.00068,0.00013,
22.729,5.09625,0.02133,3.08210,0.20053,0.10869,0.00068,0.00013,
22.730,5.09500,0.02070,0.99449,1.55124,0.10547,0.00068,0.00013,
22.731,5.09875,0.02007,3.07802,0.13042,0.10235,0.00068,0.00013,
22.732,5.09750,0.02070,3.07802,0.13042,0.10552,0.00068,0.00013,
22.733,5.09875,0.02091,2.37943,1.79986,0.10661,0.00068,0.00013,
22.734,5.09875,0.02049,1.50559,0.00897,0.10448,0.00068,0.00013,
22.735,5.09875,0.02049,2.65251,1.17545,0.10448,0.00068,0.00013,
22.736,5.09875,0.02070,2.01180,0.41247,0.10555,0.00068,0.00013,
22.737,5.09750,0.02028,2.39084,0.00815,0.10339,0.00068,0.00013,
22.738,5.09750,0.01986,0.60729,1.38087,0.10126,0.00068,0.00013,
22.739,5.09750,0.02070,3.09432,0.01386,0.10552,0.00068,0.00013,
22.740,5.09875,0.01986,3.06334,0.00652,0.10128,0.00068,0.00013,
22.741,5.09750,0.02028,2.62398,2.67941,0.10339,0.00068,0.00013,
22.742,5.09500,0.01986,2.06723,0.00000,0.10121,0.00068,0.00013,
22.743,5.09750,0.02070,2.06723,0.00000,0.10552,0.00068,0.00013,
22.744,5.09750,0.02070,3.07722,0.05951,0.10552,0.00068,0.00013,
22.745,5.09875,0.02028,1.56429,1.77052,0.10342,0.00068,0.00013,
22.746,5.09875,0.01945,0.85102,1.06133,0.09915,0.00068,0.00013,
22.747,5.09625,0.01966,1.73384,0.00408,0.10017,0.00068,0.00013,
22.748,5.09750,0.02175,2.00855,0.01304,0.11085,0.00068,0.00013,
22.749,5.09750,0.02007,2.17728,0.00326,0.10233,0.00068,0.00013,
22.750,5.09500,0.02007,3.07396,0.06766,0.10227,0.00068,0.00013,
22.751,5.09625,0.02007,3.08618,0.34563,0.10230,0.00068,0.00013,
22.752,5.09625,0.02070,2.04523,0.00652,0.10550,0.00068,0.00013,
22.753,5.09625,0.01986,1.43386,0.00571,0.10123,0.00068,0.00013,
22.754,5.09375,0.01986,1.43386,0.00571,0.10118,0.00068,0.00013,
22.755,5.09750,0.02007,2.01100,0.48421,0.10233,0.00068,0.00013,
22.756,5.09375,0.01986,3.06827,0.01549,0.10118,0.00068,0.00013,
22.757,5.09625,0.01966,3.08294,0.24618,0.10017,0.00068,0.00013,
22.758,5.09750,0.01966,2.12349,0.00163,0.10019,0.00068,0.00013,
22.759,5.09500,0.02133,1.15508,1.52598,0.10867,0.00068,0.00013,
22.760,5.09875,0.02112,3.07642,0.06684,0.10768,0.00068,0.00013,
22.761,5.09875,0.02007,3.06990,1.79254,0.10235,0.00068,0.00013,
22.762,5.09875,0.02007,2.15203,0.00815,0.10235,0.00068,0.00013,
22.763,5.09625,0.02091,2.33055,0.00897,0.10656,0.00068,0.00013,
22.764,5.09625,0.02091,3.07153,0.07663,0.10656,0.00068,0.00013,
22.765,5.09750,0.02049,3.07153,0.07663,0.10446,0.00068,0.00013,
22.766,5.09750,0.02049,2.96720,1.85287,0.10446,0.00068,0.00013,
22.767,5.09500,0.02070,2.99247,0.95374,0.10547,0.00068,0.00013,
22.768,5.09625,0.02049,3.06747,0.01467,0.10443,0.00068,0.00013,
22.769,5.09750,0.02133,3.09110,0.57225,0.10872,0.00068,0.00013,
22.770,5.10000,0.02112,2.53516,0.00000,0.10771,0.00068,0.00013,
22.771,5.10000,0.02007,3.08295,0.17934,0.10238,0.00068,0.00013,
22.772,5.09875,0.02007,2.28165,0.00326,0.10235,0.00068,0.00013,
22.773,5.09750,0.01986,3.06910,0.00652,0.10126,0.00068,0.00013,
22.774,5.09875,0.02133,3.08866,0.61219,0.10875,0.00068,0.00013,
22.775,5.09875,0.01986,1.64419,1.69391,0.10128,0.00068,0.00013,
22.776,5.09750,0.02070,1.64419,1.69391,0.10552,0.00068,0.00013,
22.777,5.09500,0.02028,3.07653,1.86352,0.10334,0.00068,0.00013,
22.778,5.09750,0.02028,2.00129,0.00734,0.10339,0.00068,0.00013,
22.779,5.09500,0.01966,3.07000,0.07011,0.10014,0.00068,0.00013,
22.780,5.09500,0.01945,3.06511,0.03831,0.09908,0.00068,0.00013,
22.781,5.09750,0.01945,3.07979,0.15978,0.09913,0.00068,0.00013,
22.782,5.09750,0.02028,0.86981,1.21300,0.10339,0.00068,0.00013,
22.783,5.09875,0.02007,3.05452,0.00815,0.10235,0.00068,0.00013,
22.784,5.09750,0.02007,3.06837,0.03913,0.10233,0.00068,0.00013,
22.785,5.09750,0.02091,2.19123,1.07360,0.10659,0.00068,0.00013,
22.786,5.09500,0.02112,3.01049,0.00000,0.10760,0.00068,0.00013,
22.787,5.09875,0.02028,3.01049,0.00000,0.10342,0.00068,0.00013,
22.788,5.09750,0.02070,2.39669,1.34019,0.10552,0.00068,0.00013,
22.789,5.09750,0.02028,3.07004,0.02364,0.10339,0.00068,0.00013,
22.790,5.09750,0.02028,3.08635,0.46629,0.10339,0.00068,0.00013,
22.791,5.09750,0.02049,3.07493,0.10272,0.10446,0.00068,0.00013,
22.792,5.09500,0.02112,1.75757,0.00978,0.10760,0.00068,0.00013,
22.793,5.09625,0.02070,1.94670,0.00163,0.10550,0.00068,0.00013,
22.794,5.09500,0.01924,2.92412,1.34100,0.09801,0.00068,0.00013,
22.795,5.09875,0.02091,1.90105,2.75211,0.10661,0.00068,0.00013,
22.796,5.09500,0.02175,1.76409,0.00408,0.11080,0.00068,0.00013,
22.797,5.09750,0.02007,3.06923,0.02935,0.10233,0.00068,0.00013,
22.798,5.09750,0.02133,3.06923,0.02935,0.10872,0.00068,0.00013,
22.799,5.09500,0.02133,0.44511,1.18370,0.10867,0.00068,0.00013,
22.800,5.09625,0.02007,1.53831,0.00245,0.10230,0.00068,0.00013,
22.801,5.09500,0.01986,3.09212,0.75326,0.10121,0.00068,0.00013,
22.802,5.09625,0.02028,3.16467,0.01712,0.10337,0.00068,0.00013,
22.803,5.09625,0.02049,1.68261,0.00489,0.10443,0.00068,0.00013,
22.804,5.09500,0.01945,0.71332,2.04783,0.09908,0.00068,0.00013,
22.805,5.09875,0.02028,2.52391,0.73043,0.10342,0.00068,0.00013,
22.806,5.09750,0.02133,3.09212,0.50707,0.10872,0.00068,0.00013,
22.807,5.09750,0.01966,1.60842,0.00571,0.10019,0.00068,0.00013,
22.808,5.09750,0.01966,3.06929,0.01141,0.10019,0.00068,0.00013,
22.809,5.09750,0.01861,3.06929,0.01141,0.09486,0.00068,0.00013,
22.810,5.09750,0.02091,1.19103,1.21630,0.10659,0.00068,0.00013,
22.811,5.09625,0.01966,3.07255,0.06766,0.10017,0.00068,0.00013,
22.812,5.09625,0.02007,0.99619,0.61386,0.10230,0.00068,0.00013,
22.813,5.09500,0.02028,2.22635,2.51249,0.10334,0.00068,0.00013,
22.814,5.09375,0.02091,0.65217,0.16712,0.10651,0.00068,0.00013,
22.815,5.09750,0.02091,2.10570,1.23913,0.10659,0.00068,0.00013,
22.816,5.09750,0.02070,2.06739,2.54429,0.10552,0.00068,0.00013,
22.817,5.09750,0.02070,1.60597,1.76087,0.10552,0.00068,0.00013,
22.818,5.09625,0.02091,1.34755,1.48777,0.10656,0.00068,0.00013,
22.819,5.09750,0.02175,3.07907,0.13206,0.11085,0.00068,0.00013,
22.820,5.09750,0.02007,3.07907,0.13206,0.10233,0.00068,0.00013,
22.821,5.09750,0.02133,1.57745,1.65652,0.10872,0.00068,0.00013,
22.822,5.09500,0.02112,1.96305,0.00571,0.10760,0.00068,0.00013,
22.823,5.09750,0.02007,3.06604,0.00734,0.10233,0.00068,0.00013,
22.824,5.09375,0.02154,1.49919,2.52555,0.10971,0.00068,0.00013,
22.825,5.09375,0.02154,2.08451,1.26685,0.10971,0.00068,0.00013,
22.826,5.09625,0.02154,3.06767,0.03750,0.10976,0.00068,0.00013,
22.827,5.09875,0.01924,1.42989,0.00571,0.09809,0.00068,0.00013,
22.828,5.09625,0.02028,2.16359,0.01141,0.10337,0.00068,0.00013,
22.829,5.09500,0.02007,3.13288,0.00163,0.10227,0.00068,0.00013,
22.830,5.10000,0.01986,3.06604,0.02935,0.10131,0.00068,0.00013,
22.831,5.09750,0.02007,3.06604,0.02935,0.10233,0.00068,0.00013,
22.832,5.09500,0.01986,3.09049,0.30245,0.10121,0.00068,0.00013,
22.833,5.09875,0.01966,2.58668,2.85081,0.10022,0.00068,0.00013,
22.834,5.09875,0.02007,3.01793,0.83560,0.10235,0.00068,0.00013,
22.835,5.09875,0.02007,2.46440,2.55000,0.10235,0.00068,0.00013,
22.836,5.09750,0.02028,1.98342,0.19891,0.10339,0.00068,0.00013,
22.837,5.09500,0.02070,2.96413,2.71793,0.10547,0.00068,0.00013,
22.838,5.09750,0.01966,3.07663,0.04565,0.10019,0.00068,0.00013,
22.839,5.09875,0.02007,2.92745,1.10543,0.10235,0.00068,0.00013,
22.840,5.09875,0.02049,3.06929,0.03832,0.10448,0.00068,0.00013,
22.841,5.09625,0.01924,0.75815,2.17255,0.09804,0.00068,0.00013,
22.842,5.09500,0.01966,0.75815,2.17255,0.10014,0.00068,0.00013,
22.843,5.09500,0.02154,2.47419,2.97555,0.10973,0.00068,0.00013,
22.844,5.09750,0.02154,3.07419,0.09212,0.10979,0.00068,0.00013,
22.845,5.09875,0.01945,2.03968,1.21957,0.09915,0.00068,0.00013,
22.846,5.09625,0.02112,2.55245,0.84131,0.10763,0.00068,0.00013,
22.847,5.09500,0.02070,2.03316,0.00245,0.10547,0.00068,0.00013,
22.848,5.09750,0.02028,1.42500,0.00734,0.10339,0.00068,0.00013,
22.849,5.09625,0.01945,3.06441,1.65408,0.09910,0.00068,0.00013,
22.850,5.09750,0.02049,3.07012,0.08152,0.10446,0.00068,0.00013,
22.851,5.09750,0.02091,2.75137,2.13180,0.10659,0.00068,0.00013,
22.852,5.09750,0.02028,1.72664,0.00571,0.10339,0.00068,0.00013,
22.853,5.09750,0.02028,1.72664,0.00571,0.10339,0.00068,0.00013,
22.854,5.09875,0.02112,2.84187,1.77638,0.10768,0.00068,0.00013,
22.855,5.09750,0.01945,2.84187,1.77638,0.09913,0.00068,0.00013,
22.856,5.09750,0.02175,1.40952,1.80491,0.11085,0.00068,0.00013,
22.857,5.09750,0.02070,0.38560,1.21224,0.10552,0.00068,0.00013,
22.858,5.09750,0.02070,1.79431,1.21305,0.10552,0.00068,0.00013,
22.859,5.09500,0.02175,3.08970,1.20409,0.11080,0.00068,0.00013,
22.860,5.09500,0.01945,3.07014,0.02609,0.09908,0.00068,0.00013,
22.861,5.09500,0.02154,3.11497,0.01304,0.10973,0.00068,0.00013,
22.862,5.09625,0.02154,3.07095,0.03424,0.10976,0.00068,0.00013,
22.863,5.09750,0.02091,3.07910,0.07582,0.10659,0.00068,0.00013,
22.864,5.09750,0.02028,1.79431,0.00897,0.10339,0.00068,0.00013,
22.865,5.09625,0.02175,1.79431,0.00897,0.11082,0.00068,0.00013,
22.866,5.09625,0.02091,2.49458,1.42338,0.10656,0.00068,0.00013,
22.867,5.09875,0.01924,1.59050,0.00326,0.09809,0.00068,0.00013,
22.868,5.09625,0.02112,3.09050,0.29593,0.10763,0.00068,0.00013,
22.869,5.09625,0.02133,2.63561,0.88778,0.10869,0.00068,0.00013,
22.870,5.09625,0.02049,3.09621,0.37582,0.10443,0.00068,0.00013,
22.871,5.09625,0.02049,3.07501,0.03342,0.10443,0.00068,0.00013,
22.872,5.09625,0.01882,2.30381,0.01386,0.09591,0.00068,0.00013,
22.873,5.09750,0.02049,3.09213,0.52908,0.10446,0.00068,0.00013,
22.874,5.09750,0.01924,3.14838,0.00408,0.09806,0.00068,0.00013,
22.875,5.09750,0.01945,2.44811,1.69892,0.09913,0.00068,0.00013,
22.876,5.09750,0.02049,2.44811,1.69892,0.10446,0.00068,0.00013,
22.877,5.09500,0.01986,2.99917,0.96603,0.10121,0.00068,0.00013,
22.878,5.09500,0.02070,0.93994,0.79809,0.10547,0.00068,0.00013,
22.879,5.09500,0.02070,1.52526,0.00000,0.10547,0.00068,0.00013,
22.880,5.09750,0.02070,2.81574,1.87091,0.10552,0.00068,0.00013,
22.881,5.09625,0.02049,3.07254,0.01304,0.10443,0.00068,0.00013,
22.882,5.09500,0.02112,2.17499,0.00734,0.10760,0.00068,0.00013,
22.883,5.09500,0.02007,0.49402,1.12744,0.10227,0.00068,0.00013,
22.884,5.09625,0.02070,3.06602,0.00326,0.10550,0.00068,0.00013,
22.885,5.09500,0.02070,1.67689,1.44374,0.10547,0.00068,0.00013,
22.886,5.09750,0.02028,3.05460,1.16575,0.10339,0.00068,0.00013,
22.887,5.09750,0.02112,3.05460,1.16575,0.10765,0.00068,0.00013,
22.888,5.09750,0.02112,3.09529,0.60487,0.10765,0.00068,0.00013,
22.889,5.09750,0.02112,3.07735,0.04157,0.10765,0.00068,0.00013,
22.890,5.09750,0.02028,3.09610,0.53966,0.10339,0.00068,0.00013,
22.891,5.09625,0.02154,1.97929,2.48389,0.10976,0.00068,0.00013,
22.892,5.09625,0.02154,2.48226,2.97871,0.10976,0.00068,0.00013,
22.893,5.09875,0.01986,2.64774,2.55807,0.10128,0.00068,0.00013,
22.894,5.09750,0.02028,1.61408,0.00571,0.10339,0.00068,0.00013,
22.895,5.09875,0.02070,2.11379,0.03750,0.10555,0.00068,0.00013,
22.896,5.09500,0.02028,0.60895,0.82905,0.10334,0.00068,0.00013,
22.897,5.09500,0.02070,3.08876,0.99290,0.10547,0.00068,0.00013,
22.898,5.09500,0.02070,3.08876,0.99290,0.10547,0.00068,0.00013,
22.899,5.09500,0.02049,1.24398,1.44860,0.10441,0.00068,0.00013,
22.900,5.09750,0.01966,0.67987,1.07035,0.10019,0.00068,0.00013,
22.901,5.09375,0.02028,3.08877,0.51357,0.10331,0.00068,0.00013,
22.902,5.09750,0.02070,2.34613,2.60862,0.10552,0.00068,0.00013,
22.903,5.09625,0.01966,0.49564,1.58637,0.10017,0.00068,0.00013,
22.904,5.09750,0.01945,3.07002,0.04157,0.09913,0.00068,0.00013,
22.905,5.09875,0.02049,1.80728,0.62362,0.10448,0.00068,0.00013,
22.906,5.09750,0.01924,1.40702,2.47656,0.09806,0.00068,0.00013,
22.907,5.09750,0.01986,2.49531,2.70807,0.10126,0.00068,0.00013,
22.908,5.09500,0.01986,3.03415,0.91709,0.10121,0.00068,0.00013,
22.909,5.09625,0.02091,3.03415,0.91709,0.10656,0.00068,0.00013,
22.910,5.09500,0.02091,0.40760,1.62551,0.10654,0.00068,0.00013,
22.911,5.09875,0.02112,3.04069,1.01248,0.10768,0.00068,0.00013,
22.912,5.09500,0.01986,2.12115,0.28940,0.10121,0.00068,0.00013,
22.913,5.09625,0.02154,2.70972,1.31492,0.10976,0.00068,0.00013,
22.914,5.09750,0.02070,3.08634,0.21603,0.10552,0.00068,0.00013,
22.915,5.09625,0.01966,1.79751,1.46002,0.10017,0.00068,0.00013,
22.916,5.09625,0.02133,3.07167,0.08560,0.10869,0.00068,0.00013,
22.917,5.09875,0.02133,3.08716,0.40760,0.10875,0.00068,0.00013,
22.918,5.09875,0.02091,0.82009,1.45187,0.10661,0.00068,0.00013,
22.919,5.09625,0.02049,3.09368,0.45977,0.10443,0.00068,0.00013,
22.920,5.09750,0.02154,3.09368,0.45977,0.10979,0.00068,0.00013,
22.921,5.09625,0.02112,1.37035,2.00457,0.10763,0.00068,0.00013,
22.922,5.09625,0.02049,3.08144,0.29347,0.10443,0.00068,0.00013,
22.923,5.09875,0.02133,3.08552,0.53640,0.10875,0.00068,0.00013,
22.924,5.09875,0.02070,3.08878,0.41657,0.10555,0.00068,0.00013,
22.925,5.09875,0.02028,1.11356,1.27904,0.10342,0.00068,0.00013,
22.926,5.09875,0.02028,2.78716,1.95647,0.10342,0.00068,0.00013,
22.927,5.09625,0.02049,3.06677,0.04891,0.10443,0.00068,0.00013,
22.928,5.09500,0.02112,2.75618,2.15049,0.10760,0.00068,0.00013,
22.929,5.09625,0.01945,1.69072,2.61352,0.09910,0.00068,0.00013,
22.930,5.09500,0.02028,3.06433,0.00652,0.10334,0.00068,0.00013,
22.931,5.09500,0.02049,3.06433,0.00652,0.10441,0.00068,0.00013,
22.932,5.09750,0.02007,2.89804,1.47796,0.10233,0.00068,0.00013,
22.933,5.09875,0.01966,1.12824,1.43312,0.10022,0.00068,0.00013,
22.934,5.09875,0.02049,2.24261,2.87195,0.10448,0.00068,0.00013,
22.935,5.09750,0.02049,2.09506,0.70922,0.10446,0.00068,0.00013,
22.936,5.09750,0.02049,0.88368,1.13883,0.10446,0.00068,0.00013,
22.937,5.10000,0.01986,3.08716,1.27416,0.10131,0.00068,0.00013,
22.938,5.09500,0.01882,1.54154,2.55647,0.09588,0.00068,0.00013,
22.939,5.09375,0.01966,3.07086,1.72252,0.10012,0.00068,0.00013,
22.940,5.09625,0.01903,2.97303,1.07525,0.09697,0.00068,0.00013,
22.941,5.09750,0.01924,3.08798,0.52743,0.09806,0.00068,0.00013,
22.942,5.09875,0.01986,3.08798,0.52743,0.10128,0.00068,0.00013,
22.943,5.09875,0.02133,1.31492,0.17119,0.10875,0.00068,0.00013,
22.944,5.09625,0.02133,3.06760,0.00652,0.10869,0.00068,0.00013,
22.945,5.09500,0.02028,1.56437,1.77388,0.10334,0.00068,0.00013,
22.946,5.09625,0.02154,2.84505,2.36979,0.10976,0.00068,0.00013,
22.947,5.09750,0.02112,3.07983,1.87333,0.10765,0.00068,0.00013,
22.948,5.10000,0.02028,0.57146,0.95378,0.10344,0.00068,0.00013,
22.949,5.09750,0.02154,3.09287,0.82580,0.10979,0.00068,0.00013,
22.950,5.09750,0.02133,2.83771,1.74616,0.10872,0.00068,0.00013,
22.951,5.09500,0.01945,2.88500,1.51790,0.09908,0.00068,0.00013,
22.952,5.09500,0.02133,3.08064,0.23885,0.10867,0.00068,0.00013,
22.953,5.09625,0.02133,3.08064,0.23885,0.10869,0.00068,0.00013,
22.954,5.09625,0.02070,2.86056,1.65487,0.10550,0.00068,0.00013,
22.955,5.09625,0.02070,2.88094,1.96710,0.10550,0.00068,0.00013,
22.956,5.10000,0.02091,1.35569,2.45214,0.10664,0.00068,0.00013,
22.957,5.09750,0.02091,3.07985,0.18179,0.10659,0.00068,0.00013,
22.958,5.09750,0.01986,3.09208,0.99455,0.10126,0.00068,0.00013,
22.959,5.09500,0.02049,2.21573,0.26657,0.10441,0.00068,0.00013,
22.960,5.09750,0.02028,2.55568,1.89128,0.10339,0.00068,0.00013,
22.961,5.09750,0.02133,0.49891,1.22852,0.10872,0.00068,0.00013,
22.962,5.09750,0.02133,0.71249,0.78341,0.10872,0.00068,0.00013,
22.963,5.09875,0.01945,0.57472,2.09671,0.09915,0.00068,0.00013,
22.964,5.09625,0.02112,0.57472,2.09671,0.10763,0.00068,0.00013,
22.965,5.09750,0.02091,2.08701,1.10057,0.10659,0.00068,0.00013,
22.966,5.09875,0.02028,3.07508,0.08397,0.10342,0.00068,0.00013,
22.967,5.09875,0.02154,2.88920,1.50493,0.10981,0.00068,0.00013,
22.968,5.09625,0.02154,1.96391,2.00874,0.10976,0.00068,0.00013,
22.969,5.09750,0.01986,1.59297,1.73972,0.10126,0.00068,0.00013,
22.970,5.09750,0.02091,1.62232,0.00571,0.10659,0.00068,0.00013,
22.971,5.09500,0.02091,3.07426,0.08152,0.10654,0.00068,0.00013,
22.972,5.09625,0.02028,2.12288,1.67287,0.10337,0.00068,0.00013,
22.973,5.09875,0.02049,2.60713,1.18699,0.10448,0.00068,0.00013,
22.974,5.09500,0.02070,1.49351,0.16957,0.10547,0.00068,0.00013,
22.975,5.09750,0.02070,1.49351,0.16957,0.10552,0.00068,0.00013,
22.976,5.09250,0.01986,1.63789,0.02201,0.10116,0.00068,0.00013,
22.977,5.09500,0.02028,3.06951,0.05870,0.10334,0.00068,0.00013,
22.978,5.09500,0.01966,2.36430,2.92113,0.10014,0.00068,0.00013,
22.979,5.09500,0.02112,0.73456,1.37455,0.10760,0.00068,0.00013,
22.980,5.10000,0.02112,3.07766,0.09865,0.10771,0.00068,0.00013,
22.981,5.09625,0.01945,0.74516,0.83810,0.09910,0.00068,0.00013,
22.982,5.09625,0.02028,0.61553,0.80794,0.10337,0.00068,0.00013,
22.983,5.09750,0.02091,3.05321,1.08432,0.10659,0.00068,0.00013,
22.984,5.09500,0.02091,3.07114,0.01060,0.10654,0.00068,0.00013,
22.985,5.09625,0.02028,0.96121,1.14383,0.10337,0.00069,0.00013,
22.986,5.09625,0.02112,0.96121,1.14383,0.10763,0.00069,0.00013,
22.987,5.09625,0.02133,2.25342,0.95713,0.10869,0.00069,0.00013,
22.988,5.09625,0.02007,3.08582,1.30199,0.10230,0.00069,0.00013,
22.989,5.09625,0.02007,0.49243,1.19601,0.10230,0.00069,0.00013,
22.990,5.09750,0.02154,3.07359,0.07419,0.10979,0.00069,0.00013,
22.991,5.09750,0.02091,3.08092,1.70800,0.10659,0.00069,0.00013,
22.992,5.09750,0.01945,0.41579,1.57674,0.09913,0.00069,0.00013,
22.993,5.10000,0.02133,2.78090,1.99579,0.10877,0.00069,0.00013,
22.994,5.09625,0.02070,1.45200,0.13615,0.10550,0.00069,0.00013,
22.995,5.09625,0.02007,2.70916,1.28977,0.10230,0.00069,0.00013,
22.996,5.09625,0.02112,1.11204,1.27346,0.10763,0.00069,0.00013,
22.997,5.09625,0.02175,1.11204,1.27346,0.11082,0.00069,0.00013,
22.998,5.10000,0.02175,2.66026,0.90414,0.11091,0.00069,0.00013,
22.999,5.09750,0.01945,1.15362,1.25961,0.09913,0.00069,0.00013,
23.000,5.09625,0.02091,3.07523,0.08642,0.10656,0.00069,0.00013,
23.001,5.09500,0.02028,1.22047,0.04158,0.10334,0.00069,0.00013,
23.002,5.09750,0.01882,3.09235,0.47938,0.09593,0.00069,0.00013,
23.003,5.09500,0.01966,3.12252,1.07128,0.10014,0.00069,0.00013,
23.004,5.09750,0.02049,2.92522,1.31994,0.10446,0.00069,0.00013,
23.005,5.09875,0.01945,1.03785,1.21069,0.09915,0.00069,0.00013,
23.006,5.09875,0.02070,0.44840,1.43000,0.10555,0.00069,0.00013,
23.007,5.09875,0.02070,0.48835,1.28406,0.10555,0.00069,0.00013,
23.008,5.10000,0.02049,0.48835,1.28406,0.10451,0.00069,0.00013,
23.009,5.09875,0.02007,2.16538,0.10436,0.10235,0.00069,0.00013,
23.010,5.09500,0.02007,1.75611,0.00815,0.10227,0.00069,0.00013,
23.011,5.09750,0.01903,0.37910,1.72187,0.09700,0.00069,0.00013,
23.012,5.09750,0.02007,2.57221,2.85429,0.10233,0.00069,0.00013,
23.013,5.09750,0.02091,0.36198,1.82786,0.10659,0.00069,0.00013,
23.014,5.09750,0.01945,1.93303,2.27952,0.09913,0.00069,0.00013,
23.015,5.09750,0.02112,1.29955,2.08304,0.10765,0.00069,0.00013,
23.016,5.09875,0.02112,1.12835,1.49767,0.10768,0.00069,0.00013,
23.017,5.10000,0.02007,1.12835,1.49767,0.10238,0.00069,0.00013,
23.018,5.09500,0.02028,3.06871,0.03424,0.10334,0.00069,0.00013,
23.019,5.09875,0.02133,1.62648,0.46308,0.10875,0.00069,0.00013,
23.020,5.09875,0.02070,1.62648,0.46308,0.10555,0.00069,0.00013,
23.021,5.10000,0.02049,1.81563,0.03506,0.10451,0.00069,0.00013,
23.022,5.09625,0.02154,1.99499,0.00326,0.10976,0.00069,0.00013,
23.023,5.09625,0.02070,0.85930,0.96040,0.10550,0.00069,0.00013,
23.024,5.09625,0.02028,3.02958,0.81773,0.10337,0.00069,0.00013,
23.025,5.09500,0.02028,2.10424,1.24656,0.10334,0.00069,0.00013,
23.026,5.09500,0.02091,3.08339,0.20300,0.10654,0.00069,0.00013,
23.027,5.09750,0.02049,2.97414,1.09737,0.10446,0.00069,0.00013,
23.028,5.09750,0.02070,3.01980,0.85441,0.10552,0.00069,0.00013,
23.029,5.09750,0.02070,2.82739,1.71779,0.10552,0.00069,0.00013,
23.030,5.09875,0.02070,1.63137,0.16143,0.10555,0.00069,0.00013,
23.031,5.09750,0.02091,1.63137,0.16143,0.10659,0.00069,0.00013,
23.032,5.09375,0.01945,2.66024,2.57300,0.09905,0.00069,0.00013,
23.033,5.09625,0.02091,0.56743,0.98159,0.10656,0.00069,0.00013,
23.034,5.09625,0.02091,1.84986,0.04239,0.10656,0.00069,0.00013,
23.035,5.09625,0.01966,1.84007,0.16305,0.10017,0.00069,0.00013,
23.036,5.09625,0.01986,2.77845,2.15069,0.10123,0.00069,0.00013,
23.037,5.09750,0.02028,1.82295,0.51851,0.10339,0.00069,0.00013,
23.038,5.09875,0.01861,3.08826,0.19404,0.09489,0.00069,0.00013,
23.039,5.09375,0.01903,0.39948,1.27916,0.09692,0.00069,0.00013,
23.040,5.09750,0.02070,3.09152,0.34894,0.10552,0.00069,0.00013,
23.041,5.09750,0.02091,3.07521,0.03750,0.10659,0.00069,0.00013,
23.042,5.09750,0.02112,3.07521,0.03750,0.10765,0.00069,0.00013,
23.043,5.09875,0.02070,1.04679,1.51312,0.10555,0.00069,0.00013,
23.044,5.09625,0.02070,2.10989,2.40827,0.10550,0.00069,0.00013,
23.045,5.09875,0.02070,2.85014,2.51915,0.10555,0.00069,0.00013,
23.046,5.09875,0.02133,1.78786,1.55225,0.10875,0.00069,0.00013,
23.047,5.09625,0.01986,3.09227,0.22664,0.10123,0.00069,0.00013,
23.048,5.09625,0.02112,3.14201,0.01304,0.10763,0.00069,0.00013,
23.049,5.09750,0.02091,0.93510,0.86743,0.10659,0.00069,0.00013,
23.050,5.09625,0.02007,2.42213,2.64062,0.10230,0.00069,0.00013,
23.051,5.09750,0.02049,1.41936,2.47838,0.10446,0.00069,0.00013,
23.052,5.09750,0.02049,1.13484,0.07174,0.10446,0.00069,0.00013,
23.053,5.09750,0.02154,1.13484,0.07174,0.10979,0.00069,0.00013,
23.054,5.09625,0.01986,1.04024,2.31200,0.10123,0.00069,0.00013,
23.055,5.09750,0.02091,2.93483,2.67151,0.10659,0.00069,0.00013,
23.056,5.09875,0.01966,3.07424,0.12636,0.10022,0.00069,0.00013,
23.057,5.09875,0.01945,0.37419,1.90194,0.09915,0.00069,0.00013,
23.058,5.09625,0.01986,1.67938,1.76172,0.10123,0.00069,0.00013,
23.059,5.09500,0.02007,0.60816,1.94433,0.10227,0.00069,0.00013,
23.060,5.09625,0.01945,2.74570,2.18401,0.09910,0.00069,0.00013,
23.061,5.09625,0.01966,0.74186,2.00710,0.10017,0.00069,0.00013,
23.062,5.09875,0.01966,3.07179,0.02772,0.10022,0.00069,0.00013,
23.063,5.09250,0.02007,1.17556,1.25138,0.10222,0.00069,0.00013,
23.064,5.09625,0.01945,1.17556,1.25138,0.09910,0.00069,0.00013,
23.065,5.09750,0.02028,3.07181,0.01630,0.10339,0.00069,0.00013,
23.066,5.09750,0.01924,3.06936,0.03995,0.09806,0.00069,0.00013,
23.067,5.09750,0.02112,3.06447,0.00815,0.10765,0.00069,0.00013,
23.068,5.09750,0.02028,0.92448,1.02638,0.10339,0.00069,0.00013,
23.069,5.09750,0.02049,0.49159,1.20329,0.10446,0.00069,0.00013,
23.070,5.09750,0.02028,1.34351,0.16060,0.10339,0.00069,0.00013,
23.071,5.09625,0.02028,0.39376,1.68020,0.10337,0.00069,0.00013,
23.072,5.09500,0.01966,3.08648,0.47610,0.10014,0.00069,0.00013,
23.073,5.09875,0.02091,2.22315,1.31987,0.10661,0.00069,0.00013,
23.074,5.09625,0.01945,0.44186,1.46416,0.09910,0.00069,0.00013,
23.075,5.09500,0.02028,0.44186,1.46416,0.10334,0.00069,0.00013,
23.076,5.09750,0.02049,2.33566,0.92040,0.10446,0.00069,0.00013,
23.077,5.09750,0.02028,1.85140,0.00408,0.10339,0.00069,0.00013,
23.078,5.09625,0.02112,0.65545,1.34759,0.10763,0.00069,0.00013,
23.079,5.09625,0.02070,0.62773,2.00548,0.10550,0.00069,0.00013,
23.080,5.09625,0.02070,2.55659,1.89787,0.10550,0.00069,0.00013,
23.081,5.10125,0.01986,1.28481,1.39732,0.10133,0.00069,0.00013,
23.082,5.09750,0.02133,1.97695,0.00326,0.10872,0.00069,0.00013,
23.083,5.09375,0.02070,3.06611,0.02609,0.10545,0.00069,0.00013,
23.084,5.09625,0.01986,0.62692,1.45275,0.10123,0.00069,0.00013,
23.085,5.10000,0.02070,1.14704,0.19240,0.10557,0.00069,0.00013,
23.086,5.09625,0.02049,1.14704,0.19240,0.10443,0.00069,0.00013,
23.087,5.09750,0.01986,0.67910,1.50658,0.10126,0.00069,0.00013,
23.088,5.09750,0.02112,3.09143,0.83074,0.10765,0.00069,0.00013,
23.089,5.09875,0.02112,0.54296,1.73893,0.10768,0.00069,0.00013,
23.090,5.09750,0.02070,1.65659,1.73649,0.10552,0.00069,0.00013,
23.091,5.09625,0.02049,3.09143,1.28565,0.10443,0.00069,0.00014,
23.092,5.09625,0.02112,3.07431,0.07500,0.10763,0.00069,0.00014,
23.093,5.09625,0.02070,3.05149,0.02364,0.10550,0.00069,0.00014,
23.094,5.09625,0.01924,1.69491,2.10498,0.09804,0.00069,0.00014,
23.095,5.09750,0.02112,0.44024,0.93591,0.10765,0.00069,0.00014,
23.096,5.09625,0.02112,3.08899,0.40681,0.10763,0.00069,0.00014,
23.097,5.09625,0.01986,3.08899,0.40681,0.10123,0.00069,0.00014,
23.098,5.09875,0.01986,2.92186,2.10987,0.10128,0.00069,0.00014,
23.099,5.09625,0.02007,1.10304,1.20657,0.10230,0.00069,0.00014,
23.100,5.09625,0.02028,1.33701,0.16550,0.10337,0.00069,0.00014,
23.101,5.09875,0.01924,0.86498,1.78866,0.09809,0.00069,0.00014,
23.102,5.09500,0.01945,1.92399,0.01304,0.09908,0.00069,0.00014,
23.103,5.09750,0.01986,1.68920,0.03913,0.10126,0.00069,0.00014,
23.104,5.09750,0.02028,0.57475,2.08949,0.10339,0.00069,0.00014,
23.105,5.09875,0.02007,0.84379,1.96394,0.10235,0.00069,0.00014,
23.106,5.09875,0.01966,0.62204,1.28321,0.10022,0.00069,0.00014,
23.107,5.09750,0.01966,3.05230,1.31092,0.10019,0.00069,0.00014,
23.108,5.09500,0.02112,3.05230,1.31092,0.10760,0.00069,0.00014,
23.109,5.09875,0.02133,2.94061,2.04384,0.10875,0.00069,0.00014,
23.110,5.10000,0.01945,2.34303,1.65496,0.09918,0.00069,0.00014,
23.111,5.09375,0.02154,1.58077,1.99818,0.10971,0.00069,0.00014,
23.112,5.09500,0.02133,3.07432,0.08642,0.10867,0.00069,0.00014,
23.113,5.09875,0.02070,0.70682,2.05280,0.10555,0.00069,0.00014,
23.114,5.09625,0.02112,3.07024,1.76176,0.10763,0.00069,0.00014,
23.115,5.09625,0.02133,1.08021,1.40549,0.10869,0.00069,0.00014,
23.116,5.09625,0.02133,3.06779,1.80986,0.10869,0.00069,0.00014,
23.117,5.09875,0.02007,2.94224,1.23674,0.10235,0.00069,0.00014,
23.118,5.09750,0.02112,0.39214,1.18701,0.10765,0.00069,0.00014,
23.119,5.09750,0.02112,0.39214,1.18701,0.10765,0.00069,0.00014,
23.120,5.09750,0.02007,1.72915,0.56008,0.10233,0.00069,0.00014,
23.121,5.09500,0.01966,2.58435,2.85419,0.10014,0.00069,0.00014,
23.122,5.09500,0.02049,3.05475,1.69735,0.10441,0.00069,0.00014,
23.123,5.09750,0.02028,1.05820,0.17283,0.10339,0.00069,0.00014,
23.124,5.09750,0.01986,2.37157,1.56447,0.10126,0.00069,0.00014,
23.125,5.09875,0.01986,1.26364,0.01957,0.10128,0.00069,0.00014,
23.126,5.09750,0.01924,1.77725,2.15878,0.09806,0.00069,0.00014,
23.127,5.10000,0.02049,2.41314,2.62266,0.10451,0.00069,0.00014,
23.128,5.09625,0.01945,0.81117,0.86172,0.09910,0.00069,0.00014,
23.129,5.09875,0.01966,2.36178,1.58729,0.10022,0.00069,0.00014,
23.130,5.09750,0.02049,2.36178,1.58729,0.10446,0.00069,0.00014,
23.131,5.09500,0.02007,0.60655,1.27180,0.10227,0.00069,0.00014,
23.132,5.09875,0.01861,2.19222,0.00734,0.09489,0.00069,0.00014,
23.133,5.09875,0.02049,3.07188,1.88568,0.10448,0.00069,0.00014,
23.134,5.09625,0.02049,2.12292,2.43353,0.10443,0.00069,0.00014,
23.135,5.09625,0.01966,1.46746,1.44218,0.10017,0.00069,0.00014,
23.136,5.09750,0.02028,2.69115,0.68807,0.10339,0.00069,0.00014,
23.137,5.09750,0.02070,2.51343,2.95937,0.10552,0.00069,0.00014,
23.138,5.09750,0.02070,1.43403,1.15277,0.10552,0.00069,0.00014,
23.139,5.09750,0.01986,1.15522,0.05218,0.10126,0.00069,0.00014,
23.140,5.09625,0.02196,0.45573,1.22859,0.11189,0.00069,0.00014,
23.141,5.09625,0.02133,0.45573,1.22859,0.10869,0.00069,0.00014,
23.142,5.09625,0.01903,1.57997,0.15082,0.09697,0.00069,0.00014,
23.143,5.09750,0.01903,1.80579,2.18489,0.09700,0.00069,0.00014,
23.144,5.09500,0.02049,1.22615,1.73568,0.10441,0.00069,0.00014,
23.145,5.09625,0.02028,1.05983,0.43942,0.10337,0.00069,0.00014,
23.146,5.09750,0.01945,1.98270,2.24766,0.09913,0.00069,0.00014,
23.147,5.09875,0.01986,2.70910,2.33082,0.10128,0.00069,0.00014,
23.148,5.09750,0.01945,0.64894,2.03243,0.09913,0.00069,0.00014,
23.149,5.09750,0.01945,1.56529,2.00390,0.09913,0.00069,0.00014,
23.150,5.09750,0.01945,1.23022,1.64682,0.09913,0.00069,0.00014,
23.151,5.09750,0.02049,2.95041,1.18620,0.10446,0.00069,0.00014,
23.152,5.09750,0.02049,2.95041,1.18620,0.10446,0.00069,0.00014,
23.153,5.09625,0.01986,1.70880,0.16794,0.10123,0.00069,0.00014,
23.154,5.09625,0.01945,0.36524,1.80418,0.09910,0.00069,0.00014,
23.155,5.09500,0.02007,1.54085,0.00082,0.10227,0.00069,0.00014,
23.156,5.09625,0.02049,1.97457,1.34682,0.10443,0.00069,0.00014,
23.157,5.10125,0.01966,3.08822,0.33997,0.10027,0.00069,0.00014,
23.158,5.09750,0.01986,0.74434,1.07126,0.10126,0.00069,0.00014,
23.159,5.09500,0.02007,2.18328,1.25795,0.10227,0.00069,0.00014,
23.160,5.09500,0.02028,1.54330,0.07337,0.10334,0.00069,0.00014,
23.161,5.09500,0.02028,2.06670,0.02690,0.10334,0.00069,0.00014,
23.162,5.09625,0.02007,3.07355,1.84413,0.10230,0.00069,0.00014,
23.163,5.09625,0.02049,3.07355,1.84413,0.10443,0.00069,0.00014,
23.164,5.09500,0.02007,2.93740,2.05936,0.10227,0.00069,0.00014,
23.165,5.09750,0.02007,2.71320,2.01941,0.10233,0.00069,0.00014,
23.166,5.09750,0.02070,1.82456,1.99006,0.10552,0.00069,0.00014,
23.167,5.10000,0.02175,2.82326,1.80499,0.11091,0.00069,0.00014,
23.168,5.09875,0.01966,0.48019,1.53677,0.10022,0.00069,0.00014,
23.169,5.09875,0.02112,1.31991,1.12588,0.10768,0.00069,0.00014,
23.170,5.09500,0.02112,2.43519,1.51068,0.10760,0.00069,0.00014,
23.171,5.09625,0.02112,0.58128,1.87348,0.10763,0.00069,0.00014,
23.172,5.09875,0.02112,3.08577,1.30279,0.10768,0.00069,0.00014,
23.173,5.09625,0.02007,2.08137,0.63101,0.10230,0.00069,0.00014,
23.174,5.09750,0.02091,2.08137,0.63101,0.10659,0.00069,0.00014,
23.175,5.09750,0.02049,3.06867,0.01467,0.10446,0.00069,0.00014,
23.176,5.10000,0.02007,3.09068,0.47204,0.10238,0.00069,0.00014,
23.177,5.09500,0.02112,3.07193,1.37373,0.10760,0.00069,0.00014,
23.178,5.09500,0.02070,2.51428,1.93952,0.10547,0.00069,0.00014,
23.179,5.09750,0.02070,2.51428,1.93952,0.10552,0.00069,0.00014,
23.180,5.09750,0.02028,2.21753,2.47841,0.10339,0.00069,0.00014,
23.181,5.10000,0.02133,1.12425,1.50172,0.10877,0.00069,0.00014,
23.182,5.09750,0.02133,1.53841,0.00326,0.10872,0.00069,0.00014,
23.183,5.09500,0.01945,3.05888,1.58977,0.09908,0.00069,0.00014,
23.184,5.09625,0.02028,0.97261,1.28975,0.10337,0.00069,0.00014,
23.185,5.09625,0.02049,0.82260,1.46177,0.10443,0.00069,0.00014,
23.186,5.09875,0.01903,0.82260,1.46177,0.09702,0.00069,0.00014,
23.187,5.09875,0.02007,1.84658,0.04729,0.10235,0.00069,0.00014,
23.188,5.09875,0.02007,0.94000,1.04762,0.10235,0.00069,0.00014,
23.189,5.09625,0.02091,0.62042,0.80304,0.10656,0.00069,0.00014,
23.190,5.09750,0.02028,2.37894,1.87674,0.10339,0.00069,0.00014,
23.191,5.09750,0.01966,1.88652,0.02527,0.10019,0.00069,0.00014,
23.192,5.09500,0.01966,2.58113,0.81608,0.10014,0.00069,0.00014,
23.193,5.09750,0.01945,1.15931,1.25062,0.09913,0.00069,0.00014,
23.194,5.09625,0.01945,0.52911,1.68923,0.09910,0.00069,0.00014,
23.195,5.09750,0.01966,2.22730,1.35334,0.10019,0.00069,0.00014,
23.196,5.09750,0.01986,3.09638,0.00815,0.10126,0.00069,0.00014,
23.197,5.09750,0.01966,3.09638,0.00815,0.10019,0.00069,0.00014,
23.198,5.10125,0.01966,2.12862,0.09212,0.10027,0.00069,0.00014,
23.199,5.09875,0.01945,1.05983,1.17070,0.09915,0.00069,0.00014,
23.200,5.09750,0.02112,0.52013,1.67860,0.10765,0.00069,0.00014,
23.201,5.09500,0.01966,0.89352,0.61551,0.10014,0.00069,0.00014,
23.202,5.09625,0.02070,1.55061,2.54766,0.10550,0.00069,0.00014,
23.203,5.09875,0.02091,1.75524,2.15226,0.10661,0.00069,0.00014,
23.204,5.09500,0.02133,0.43045,1.17559,0.10867,0.00069,0.00014,
23.205,5.09750,0.02028,2.24683,2.62593,0.10339,0.00069,0.00014,
23.206,5.09750,0.02049,1.91421,1.42098,0.10446,0.00069,0.00014,
23.207,5.09875,0.02049,1.61012,2.03079,0.10448,0.00069,0.00014,
23.208,5.09750,0.02133,1.61012,2.03079,0.10872,0.00069,0.00014,
23.209,5.09750,0.01966,3.02204,1.65572,0.10019,0.00069,0.00014,
23.210,5.09625,0.02028,3.08237,1.64105,0.10337,0.00069,0.00014,
23.211,5.09750,0.02028,1.23344,0.04565,0.10339,0.00069,0.00014,
23.212,5.09875,0.01986,1.78453,0.90898,0.10128,0.00069,0.00014,
23.213,5.09500,0.01986,0.36278,1.86116,0.10121,0.00069,0.00014,
23.214,5.09750,0.01966,1.53996,1.65491,0.10019,0.00069,0.00014,
23.215,5.09750,0.01945,1.53425,0.00326,0.09913,0.00069,0.00014,
23.216,5.09750,0.01945,2.90546,2.06007,0.09913,0.00069,0.00014,
23.217,5.09625,0.01903,2.06089,0.03342,0.09697,0.00069,0.00014,
23.218,5.09875,0.01945,0.82338,0.92528,0.09915,0.00069,0.00014,
23.219,5.09875,0.01986,0.82338,0.92528,0.10128,0.00069,0.00014,
23.220,5.09750,0.01903,1.20158,1.59531,0.09700,0.00069,0.00014,
23.221,5.09625,0.02028,1.74775,0.03587,0.10337,0.00069,0.00014,
23.222,5.09875,0.01945,2.13334,1.24316,0.09915,0.00069,0.00014,
23.223,5.09625,0.01903,2.29311,1.45429,0.09697,0.00069,0.00014,
23.224,5.09625,0.02028,2.47164,2.97134,0.10337,0.00069,0.00014,
23.225,5.09375,0.02028,2.23605,2.92080,0.10331,0.00069,0.00014,
23.226,5.09375,0.02049,1.68906,0.03179,0.10438,0.00069,0.00014,
23.227,5.09625,0.02007,1.59613,1.29044,0.10230,0.00069,0.00014,
23.228,5.09500,0.01945,0.52416,1.68091,0.09908,0.00069,0.00014,
23.229,5.09625,0.02112,1.37114,2.46512,0.10763,0.00069,0.00014,
23.230,5.09875,0.02028,1.37114,2.46512,0.10342,0.00069,0.00014,
23.231,5.09625,0.01966,1.89851,1.45751,0.10017,0.00069,0.00014,
23.232,5.10125,0.02028,1.16160,1.26594,0.10347,0.00069,0.00014,
23.233,5.10125,0.02112,3.07397,0.04483,0.10773,0.00069,0.00014,
23.234,5.09750,0.02112,1.28958,1.42979,0.10765,0.00069,0.00014,
23.235,5.09625,0.02007,0.70511,1.50234,0.10230,0.00069,0.00014,
23.236,5.09625,0.02133,2.96392,2.72834,0.10869,0.00069,0.00014,
23.237,5.09875,0.02007,1.58875,0.04728,0.10235,0.00069,0.00014,
23.238,5.09500,0.02028,2.33869,0.21194,0.10334,0.00069,0.00014,
23.239,5.09500,0.02007,2.69736,2.36233,0.10227,0.00069,0.00014,
23.240,5.09625,0.02049,2.19767,1.28306,0.10443,0.00069,0.00014,
23.241,5.09750,0.01882,2.19767,1.28306,0.09593,0.00069,0.00014,
23.242,5.09750,0.02028,2.71367,0.68637,0.10339,0.00069,0.00014,
23.243,5.09875,0.02028,2.28897,2.55146,0.10342,0.00069,0.00014,
23.244,5.09625,0.02049,3.03322,0.89016,0.10443,0.00069,0.00014,
23.245,5.09375,0.02028,1.59609,0.00408,0.10331,0.00069,0.00014,
23.246,5.09875,0.02007,1.80966,0.01141,0.10235,0.00069,0.00014,
23.247,5.09750,0.01945,1.77624,0.90238,0.09913,0.00069,0.00014,
23.248,5.09625,0.02028,0.50051,1.60913,0.10337,0.00069,0.00014,
23.249,5.09625,0.01945,3.03729,0.91706,0.09910,0.00069,0.00014,
23.250,5.09750,0.02049,0.87467,1.78031,0.10446,0.00069,0.00014,
23.251,5.09750,0.02007,2.19605,1.87813,0.10233,0.00069,0.00014,
23.252,5.09500,0.02007,2.19605,1.87813,0.10227,0.00069,0.00014,
23.253,5.09625,0.01861,2.74873,0.64316,0.09484,0.00069,0.00014,
23.254,5.09375,0.02070,3.03893,0.00978,0.10545,0.00069,0.00014,
23.255,5.09750,0.02007,1.40779,0.00326,0.10233,0.00069,0.00014,
23.256,5.09625,0.01986,0.48258,1.19829,0.10123,0.00069,0.00014,
23.257,5.10000,0.02007,1.01243,1.54881,0.10238,0.00069,0.00014,
23.258,5.09750,0.02049,1.75831,1.42572,0.10446,0.00069,0.00014,
23.259,5.09500,0.02007,0.43041,1.38089,0.10227,0.00069,0.00014,
23.260,5.09500,0.01966,1.25128,0.05869,0.10014,0.00069,0.00014,
23.261,5.09500,0.01966,2.90198,0.90402,0.10014,0.00069,0.00014,
23.262,5.09875,0.02070,2.20583,1.32220,0.10555,0.00069,0.00014,
23.263,5.09625,0.02112,2.20583,1.32220,0.10763,0.00069,0.00014,
23.264,5.09625,0.02007,1.95150,0.18749,0.10230,0.00069,0.00014,
23.265,5.09875,0.02070,2.87427,2.77889,0.10555,0.00069,0.00014,
23.266,5.09875,0.02049,2.09334,0.10842,0.10448,0.00069,0.00014,
23.267,5.09625,0.02028,1.38007,0.03261,0.10337,0.00069,0.00014,
23.268,5.09625,0.02007,1.92705,2.26045,0.10230,0.00069,0.00014,
23.269,5.09625,0.02028,0.46057,1.38252,0.10337,0.00069,0.00014,
23.270,5.09750,0.02028,2.98105,0.93336,0.10339,0.00069,0.00014,
23.271,5.09625,0.01945,1.80070,1.88303,0.09910,0.00069,0.00014,
23.272,5.09875,0.02007,2.15692,0.10353,0.10235,0.00069,0.00014,
23.273,5.09875,0.01986,2.25637,1.36784,0.10128,0.00069,0.00014,
23.274,5.09750,0.02028,2.25637,1.36784,0.10339,0.00069,0.00014,
23.275,5.09625,0.01966,0.78989,0.76544,0.10017,0.00069,0.00014,
23.276,5.09500,0.01945,1.79825,0.09537,0.09908,0.00069,0.00014,
23.277,5.09625,0.02028,1.77217,1.64663,0.10337,0.00069,0.00014,
23.278,5.09625,0.02091,0.43367,1.37681,0.10656,0.00069,0.00014,
23.279,5.09625,0.02091,3.08377,1.77869,0.10656,0.00069,0.00014,
23.280,5.09500,0.01924,2.16345,0.09456,0.09801,0.00069,0.00014,
23.281,5.09625,0.02091,1.85042,0.53882,0.10656,0.00069,0.00014,
23.282,5.09750,0.01966,1.55370,1.84146,0.10019,0.00069,0.00014,
23.283,5.09750,0.01945,3.08947,0.83880,0.09913,0.00069,0.00014,
23.284,5.09625,0.02112,2.55228,0.79152,0.10763,0.00069,0.00014,
23.285,5.09750,0.02028,2.55228,0.79152,0.10339,0.00069,0.00014,
23.286,5.09500,0.01945,2.17732,1.20482,0.09908,0.00069,0.00014,
23.287,5.09500,0.02028,0.95293,1.62382,0.10334,0.00069,0.00014,
23.288,5.09625,0.02028,1.07847,1.12249,0.10337,0.00069,0.00014,
23.289,5.09625,0.02049,3.09439,1.17955,0.10443,0.00069,0.00014,
23.290,5.09750,0.01966,1.62627,0.41411,0.10019,0.00069,0.00014,
23.291,5.09500,0.02007,1.59366,1.65969,0.10227,0.00069,0.00014,
23.292,5.10000,0.02049,2.54904,0.81191,0.10451,0.00069,0.00014,
23.293,5.09750,0.01924,1.50644,0.13613,0.09806,0.00069,0.00014,
23.294,5.09750,0.01986,1.55208,1.70534,0.10126,0.00069,0.00014,
23.295,5.09625,0.02070,2.14308,0.00326,0.10550,0.00069,0.00014,
23.296,5.09625,0.02007,2.14308,0.00326,0.10230,0.00069,0.00014,
23.297,5.09750,0.02007,1.83006,2.57349,0.10233,0.00069,0.00014,
23.298,5.09500,0.02007,1.74365,2.63789,0.10227,0.00069,0.00014,
23.299,5.09875,0.02070,2.58164,2.84576,0.10555,0.00069,0.00014,
23.300,5.09500,0.02049,1.89364,0.12961,0.10441,0.00069,0.00014,
23.301,5.09625,0.02007,1.66295,0.31466,0.10230,0.00069,0.00014,
23.302,5.09750,0.02133,1.80316,0.03098,0.10872,0.00069,0.00014,
23.303,5.09625,0.02175,1.61730,0.17363,0.11082,0.00069,0.00014,
23.304,5.09625,0.02028,0.40188,1.62463,0.10337,0.00069,0.00014,
23.305,5.09625,0.02007,2.47649,0.00897,0.10230,0.00069,0.00014,
23.306,5.09875,0.02007,3.12862,1.07929,0.10235,0.00069,0.00014,
23.307,5.09625,0.02028,3.12862,1.07929,0.10337,0.00069,0.00014,
23.308,5.09750,0.01966,3.04550,1.48362,0.10019,0.00069,0.00014,
23.309,5.09750,0.02007,3.08136,0.16222,0.10233,0.00069,0.00014,
23.310,5.09750,0.02007,1.69149,0.15081,0.10233,0.00069,0.00014,
23.311,5.09500,0.01924,1.42982,1.97109,0.09801,0.00069,0.00014,
23.312,5.09625,0.02049,1.73388,0.14347,0.10443,0.00069,0.00014,
23.313,5.09625,0.01966,0.76953,1.01000,0.10017,0.00069,0.00014,
23.314,5.09625,0.02070,1.89039,2.24907,0.10550,0.00069,0.00014,
23.315,5.09500,0.02070,2.24418,0.00734,0.10547,0.00069,0.00014,
23.316,5.09500,0.01924,2.84252,1.80317,0.09801,0.00069,0.00014,
23.317,5.09750,0.01945,1.42167,1.10782,0.09913,0.00069,0.00014,
23.318,5.09625,0.02070,1.42167,1.10782,0.10550,0.00069,0.00014,
23.319,5.09625,0.02028,1.48280,0.14836,0.10337,0.00069,0.00014,
23.320,5.09875,0.01924,1.58551,2.00288,0.09809,0.00069,0.00014,
23.321,5.09500,0.02028,1.26189,0.05788,0.10334,0.00069,0.00014,
23.322,5.09875,0.02028,1.90995,0.35460,0.10342,0.00069,0.00014,
23.323,5.09750,0.02007,1.35156,0.02119,0.10233,0.00069,0.00014,
23.324,5.09750,0.02007,0.70186,2.06810,0.10233,0.00069,0.00014,
23.325,5.10000,0.02070,1.62709,0.00652,0.10557,0.00069,0.00014,
23.326,5.10000,0.01986,1.84229,0.33015,0.10131,0.00069,0.00014,
23.327,5.09500,0.01986,2.06565,0.03261,0.10121,0.00069,0.00014,
23.328,5.09875,0.02028,2.51563,1.93685,0.10342,0.00069,0.00014,
23.329,5.09625,0.02112,2.51563,1.93685,0.10763,0.00069,0.00014,
23.330,5.09750,0.02007,1.97517,1.17386,0.10233,0.00069,0.00014,
23.331,5.10000,0.02028,2.02816,0.63747,0.10344,0.00069,0.00014,
23.332,5.09875,0.02070,2.09908,0.03831,0.10555,0.00069,0.00014,
23.333,5.09875,0.02028,3.09115,0.63258,0.10342,0.00070,0.00014,
23.334,5.10000,0.02028,1.83252,2.67704,0.10344,0.00070,0.00014,
23.335,5.09625,0.01924,1.60997,1.80154,0.09804,0.00070,0.00014,
23.336,5.10125,0.02175,2.78301,2.40477,0.11093,0.00070,0.00014,
23.337,5.09750,0.01945,1.82600,0.12717,0.09913,0.00070,0.00014,
23.338,5.09750,0.01903,0.62850,1.43308,0.09700,0.00070,0.00014,
23.339,5.09625,0.01966,2.21076,1.74285,0.10017,0.00070,0.00014,
23.340,5.09500,0.02007,2.21076,1.74285,0.10227,0.00070,0.00014,
23.341,5.09625,0.02007,2.21076,1.74285,0.10230,0.00070,0.00014,
23.342,5.09625,0.02007,1.31080,2.08115,0.10230,0.00070,0.00014,
23.343,5.09875,0.01945,2.23114,1.11109,0.09915,0.00070,0.00014,
23.344,5.09875,0.02028,3.01778,0.83800,0.10342,0.00070,0.00014,
23.345,5.09625,0.02028,1.07766,0.41493,0.10337,0.00070,0.00014,
23.346,5.09500,0.02007,1.23092,1.64666,0.10227,0.00070,0.00014,
23.347,5.09750,0.02070,1.80317,0.03261,0.10552,0.00070,0.00014,
23.348,5.09875,0.02112,2.15614,1.19423,0.10768,0.00070,0.00014,
23.349,5.09625,0.01986,0.42552,1.35075,0.10123,0.00070,0.00014,
23.350,5.09500,0.02070,2.31103,0.22091,0.10547,0.00070,0.00014,
23.351,5.09500,0.02133,1.40863,0.16304,0.10867,0.00070,0.00014,
23.352,5.09875,0.02133,1.40863,0.16304,0.10875,0.00070,0.00014,
23.353,5.09875,0.01945,1.88467,1.50725,0.09915,0.00070,0.00014,
23.354,5.09625,0.02112,0.81517,1.87815,0.10763,0.00070,0.00014,
23.355,5.09625,0.02091,3.16041,0.00815,0.10656,0.00070,0.00014,
23.356,5.09750,0.02070,0.69534,2.12515,0.10552,0.00070,0.00014,
23.357,5.09500,0.02112,0.63583,1.48279,0.10760,0.00070,0.00014,
23.358,5.09875,0.02049,2.21563,1.14531,0.10448,0.00070,0.00014,
23.359,5.09750,0.02028,0.50377,1.60833,0.10339,0.00070,0.00014,
23.360,5.09750,0.02133,2.12922,0.16303,0.10872,0.00070,0.00014,
23.361,5.09500,0.02133,2.12678,1.17303,0.10867,0.00070,0.00014,
23.362,5.09500,0.02112,0.49888,1.59529,0.10760,0.00070,0.00014,
23.363,5.09500,0.02007,0.49888,1.59529,0.10227,0.00070,0.00014,
23.364,5.09750,0.02028,0.88280,1.12735,0.10339,0.00070,0.00014,
23.365,5.09875,0.02091,1.83326,0.00408,0.10661,0.00070,0.00014,
23.366,5.10000,0.02007,1.70529,0.36193,0.10238,0.00070,0.00014,
23.367,5.09625,0.02028,1.47868,0.06847,0.10337,0.00070,0.00014,
23.368,5.09500,0.01924,2.09248,1.28630,0.09801,0.00070,0.00014,
23.369,5.09500,0.02133,1.82756,1.52025,0.10867,0.00070,0.00014,
23.370,5.09750,0.02133,1.39064,1.13387,0.10872,0.00070,0.00014,
23.371,5.09625,0.02070,2.24247,1.15262,0.10550,0.00070,0.00014,
23.372,5.09500,0.01986,1.99222,0.02771,0.10121,0.00070,0.00014,
23.373,5.09875,0.02112,1.70203,0.13857,0.10768,0.00070,0.00014,
23.374,5.09375,0.02070,1.70203,0.13857,0.10545,0.00070,0.00014,
23.375,5.09375,0.02049,3.09736,0.53226,0.10438,0.00070,0.00014,
23.376,5.09875,0.02112,2.03366,0.31055,0.10768,0.00070,0.00014,
23.377,5.09375,0.02112,1.43946,0.14264,0.10758,0.00070,0.00014,
23.378,5.09375,0.02007,1.80788,0.38880,0.10225,0.00070,0.00014,
23.379,5.09625,0.02007,1.57721,0.15405,0.10230,0.00070,0.00014,
23.380,5.09625,0.02070,0.47601,1.19982,0.10550,0.00070,0.00014,
23.381,5.09875,0.01986,2.32139,0.24942,0.10128,0.00070,0.00014,
23.382,5.09875,0.01945,1.44598,0.06358,0.09915,0.00070,0.00014,
23.383,5.09750,0.01945,3.04845,0.04972,0.09913,0.00070,0.00014,
23.384,5.09625,0.02028,3.09654,1.24628,0.10337,0.00070,0.00014,
23.385,5.09875,0.02007,3.09654,1.24628,0.10235,0.00070,0.00014,
23.386,5.09500,0.02028,2.72568,0.66512,0.10334,0.00070,0.00014,
23.387,5.09500,0.02091,1.95297,0.03097,0.10654,0.00070,0.00014,
23.388,5.09750,0.02091,1.98476,0.13205,0.10659,0.00070,0.00014,
23.389,5.10000,0.02028,1.32453,0.16465,0.10344,0.00070,0.00014,
23.390,5.09375,0.02049,1.36447,2.02551,0.10438,0.00070,0.00014,
23.391,5.09875,0.02070,2.89033,2.78274,0.10555,0.00070,0.00014,
23.392,5.09625,0.02070,2.31243,1.29356,0.10550,0.00070,0.00014,
23.393,5.09875,0.02028,1.73860,1.65057,0.10342,0.00070,0.00014,
23.394,5.09875,0.02133,0.60969,1.97742,0.10875,0.00070,0.00014,
23.395,5.09625,0.02091,0.57627,1.30252,0.10656,0.00070,0.00014,
23.396,5.09625,0.02049,0.57627,1.30252,0.10443,0.00070,0.00014,
23.397,5.09750,0.02049,1.87637,1.40198,0.10446,0.00070,0.00014,
23.398,5.09750,0.02070,1.35470,0.77761,0.10552,0.00070,0.00014,
23.399,5.09875,0.02154,1.49164,0.14346,0.10981,0.00070,0.00014,
23.400,5.09750,0.01924,2.45184,1.71580,0.09806,0.00070,0.00014,
23.401,5.09625,0.01945,2.08096,0.65534,0.09910,0.00070,0.00014,
23.402,5.09625,0.01924,1.92039,0.09129,0.09804,0.00070,0.00014,
23.403,5.09750,0.02049,2.55046,0.83222,0.10446,0.00070,0.00014,
23.404,5.09625,0.01945,1.48838,1.93669,0.09910,0.00070,0.00014,
23.405,5.09625,0.01966,1.35226,1.63592,0.10017,0.00070,0.00014,
23.406,5.09875,0.01966,2.83657,1.77530,0.10022,0.00070,0.00014,
23.407,5.09625,0.01966,2.83657,1.77530,0.10017,0.00070,0.00014,
23.408,5.09625,0.01945,1.56910,0.63987,0.09910,0.00070,0.00014,
23.409,5.10000,0.02007,1.70930,0.94961,0.10238,0.00070,0.00014,
23.410,5.09875,0.02070,2.15680,1.70604,0.10555,0.00070,0.00014,
23.411,5.09625,0.02028,1.93997,0.08966,0.10337,0.00070,0.00014,
23.412,5.09500,0.02028,1.36939,1.78510,0.10334,0.00070,0.00014,
23.413,5.09875,0.01986,2.97191,1.90003,0.10128,0.00070,0.00014,
23.414,5.09875,0.02049,1.80711,0.14672,0.10448,0.00070,0.00014,
23.415,5.09625,0.02049,2.21956,0.00489,0.10443,0.00070,0.00014,
23.416,5.09875,0.02049,2.60837,0.74583,0.10448,0.00070,0.00014,
23.417,5.09625,0.02112,1.26098,1.38896,0.10763,0.00070,0.00014,
23.418,5.09750,0.02028,1.26098,1.38896,0.10339,0.00070,0.00014,
23.419,5.09750,0.02007,1.36947,2.03709,0.10233,0.00070,0.00014,
23.420,5.09875,0.02070,0.97249,1.07520,0.10555,0.00070,0.00014,
23.421,5.09625,0.02112,1.35317,1.76075,0.10763,0.00070,0.00014,
23.422,5.09875,0.02007,1.60016,0.14673,0.10235,0.00070,0.00014,
23.423,5.09875,0.02237,0.97656,1.29122,0.11408,0.00070,0.00014,
23.424,5.09750,0.02237,1.90014,0.03831,0.11405,0.00070,0.00014,
23.425,5.09875,0.02112,1.50234,0.00734,0.10768,0.00070,0.00014,
23.426,5.09625,0.02091,2.69166,1.27165,0.10656,0.00070,0.00014,
23.427,5.09625,0.02091,1.36132,2.04932,0.10656,0.00070,0.00014,
23.428,5.09875,0.02070,2.82290,1.72325,0.10555,0.00070,0.00014,
23.429,5.09625,0.02049,2.82290,1.72325,0.10443,0.00070,0.00014,
23.430,5.09750,0.02133,0.80054,1.58233,0.10872,0.00070,0.00014,
23.431,5.09750,0.02028,0.77445,0.98478,0.10339,0.00070,0.00014,
23.432,5.09750,0.02007,1.36222,2.01194,0.10233,0.00070,0.00014,
23.433,5.09875,0.02007,1.35651,0.01549,0.10235,0.00070,0.00014,
23.434,5.09875,0.01924,1.44374,0.06929,0.09809,0.00070,0.00014,
23.435,5.09750,0.02007,0.69130,1.85379,0.10233,0.00070,0.00014,
23.436,5.09875,0.02112,2.76357,2.38857,0.10768,0.00070,0.00014,
23.437,5.09375,0.02049,2.89563,2.03151,0.10438,0.00070,0.00014,
23.438,5.09875,0.01903,2.96574,1.82037,0.09702,0.00070,0.00014,
23.439,5.09875,0.02112,1.63613,0.45081,0.10768,0.00070,0.00014,
23.440,5.09500,0.01986,1.63613,0.45081,0.10121,0.00070,0.00014,
23.441,5.09500,0.01945,2.59438,0.66939,0.09908,0.00070,0.00014,
23.442,5.10000,0.01945,3.12761,0.83001,0.09918,0.00070,0.00014,
23.443,5.09500,0.02091,1.41215,0.72483,0.10654,0.00070,0.00014,
23.444,5.09500,0.02112,1.21403,1.20669,0.10760,0.00070,0.00014,
23.445,5.10125,0.02049,1.86140,1.19446,0.10453,0.00070,0.00014,
23.446,5.09875,0.02112,1.61925,0.50306,0.10768,0.00070,0.00014,
23.447,5.09625,0.02112,1.93070,1.46026,0.10763,0.00070,0.00014,
23.448,5.09875,0.02007,1.01590,1.33796,0.10235,0.00070,0.00014,
23.449,5.09875,0.02133,2.60335,0.80799,0.10875,0.00070,0.00014,
23.450,5.09875,0.02112,2.53731,1.85895,0.10768,0.00070,0.00014,
23.451,5.09750,0.02112,2.53731,1.85895,0.10765,0.00070,0.00014,
23.452,5.09875,0.02028,2.23481,1.58174,0.10342,0.00070,0.00014,
23.453,5.09750,0.02070,2.63514,1.16429,0.10552,0.00070,0.00014,
23.454,5.09500,0.02112,1.60946,1.01671,0.10760,0.00070,0.00014,
23.455,5.09500,0.02028,2.22748,0.00815,0.10334,0.00070,0.00014,
23.456,5.09625,0.02070,2.29841,0.71993,0.10550,0.00070,0.00014,
23.457,5.09875,0.02133,1.54178,1.84346,0.10875,0.00070,0.00014,
23.458,5.09625,0.02007,1.89971,1.97391,0.10230,0.00070,0.00014,
23.459,5.09625,0.02028,1.69833,0.09050,0.10337,0.00070,0.00014,
23.460,5.09500,0.02028,2.32939,1.57521,0.10334,0.00070,0.00014,
23.461,5.09875,0.02112,0.84223,1.05422,0.10768,0.00070,0.00014,
23.462,5.09750,0.01986,0.84223,1.05422,0.10126,0.00070,0.00014,
23.463,5.09500,0.01966,3.06645,0.01305,0.10014,0.00070,0.00014,
23.464,5.09875,0.02070,1.67387,1.35915,0.10555,0.00070,0.00014,
23.465,5.09625,0.01966,3.07216,0.04647,0.10017,0.00070,0.00014,
23.466,5.09625,0.01986,2.21117,1.59641,0.10123,0.00070,0.00014,
23.467,5.09500,0.02028,2.94170,1.96331,0.10334,0.00070,0.00014,
23.468,5.09500,0.02091,2.63596,0.74766,0.10654,0.00070,0.00014,
23.469,5.09500,0.02091,2.61965,0.77538,0.10654,0.00070,0.00014,
23.470,5.09750,0.02112,0.96453,0.37424,0.10765,0.00070,0.00014,
23.471,5.09500,0.01986,1.38280,1.52140,0.10121,0.00070,0.00014,
23.472,5.09750,0.02175,3.19201,0.00815,0.11085,0.00070,0.00014,
23.473,5.09750,0.02112,3.19201,0.00815,0.10765,0.00070,0.00014,
23.474,5.09625,0.01986,1.42763,0.70933,0.10123,0.00070,0.00014,
23.475,5.09375,0.02154,1.93150,0.00734,0.10971,0.00070,0.00014,
23.476,5.09750,0.02070,1.44883,1.81980,0.10552,0.00070,0.00014,
23.477,5.09875,0.01986,2.76558,0.62943,0.10128,0.00070,0.00014,
23.478,5.09875,0.01986,2.84548,0.87810,0.10128,0.00070,0.00014,
23.479,5.09750,0.02028,1.79045,0.18426,0.10339,0.00070,0.00014,
23.480,5.10000,0.02007,3.01344,0.93599,0.10238,0.00070,0.00014,
23.481,5.09875,0.02028,2.29921,1.05340,0.10342,0.00070,0.00014,
23.482,5.09875,0.01966,2.76966,1.50101,0.10022,0.00070,0.00014,
23.483,5.09375,0.02091,1.29229,1.18630,0.10651,0.00070,0.00014,
23.484,5.09500,0.02070,1.29229,1.18630,0.10547,0.00070,0.00014,
23.485,5.09875,0.02049,2.79657,1.96412,0.10448,0.00070,0.00014,
23.486,5.10125,0.02112,1.65756,1.17081,0.10773,0.00070,0.00014,
23.487,5.10125,0.02154,1.14472,1.26702,0.10987,0.00070,0.00014,
23.488,5.09875,0.02154,1.06156,1.22544,0.10981,0.00070,0.00014,
23.489,5.09625,0.01986,1.36323,1.46596,0.10123,0.00070,0.00014,
23.490,5.09750,0.02049,2.05299,2.36852,0.10446,0.00070,0.00014,
23.491,5.09750,0.02070,1.77986,0.34896,0.10552,0.00070,0.00014,
23.492,5.09500,0.02028,2.68242,1.98124,0.10334,0.00070,0.00014,
23.493,5.09875,0.02112,1.71137,1.63391,0.10768,0.00070,0.00014,
23.494,5.09750,0.02133,3.08438,1.24174,0.10872,0.00070,0.00014,
23.495,5.09500,0.01924,3.08438,1.24174,0.09801,0.00070,0.00014,
23.496,5.09500,0.02133,2.12719,0.00326,0.10867,0.00070,0.00014,
23.497,5.09625,0.02133,2.91887,2.10762,0.10869,0.00070,0.00014,
23.498,5.09750,0.02070,1.75132,1.53200,0.10552,0.00070,0.00014,
23.499,5.09750,0.02070,1.04280,1.20913,0.10552,0.00070,0.00014,
23.500,5.10125,0.01966,0.88789,0.60579,0.10027,0.00070,0.00014,
23.501,5.09625,0.02028,1.27191,1.38035,0.10337,0.00070,0.00014,
23.502,5.09750,0.01986,1.27191,1.38035,0.10126,0.00070,0.00014,
23.503,5.09625,0.01924,1.24990,0.03995,0.09804,0.00070,0.00014,
23.504,5.09625,0.02007,2.21443,2.62535,0.10230,0.00070,0.00014,
23.505,5.09625,0.02070,1.59070,0.00734,0.10550,0.00070,0.00014,
23.506,5.09750,0.02070,2.83734,1.76274,0.10552,0.00070,0.00014,
23.507,5.09625,0.01986,2.83734,1.76274,0.10123,0.00070,0.00014,
23.508,5.09750,0.01966,2.26579,1.09172,0.10019,0.00070,0.00014,
23.509,5.09625,0.01966,1.02731,1.36241,0.10017,0.00070,0.00014,
23.510,5.09500,0.02007,2.32367,1.66652,0.10227,0.00070,0.00014,
23.511,5.09625,0.02007,1.62413,1.69343,0.10230,0.00070,0.00014,
23.512,5.09750,0.02070,2.70606,0.67509,0.10552,0.00070,0.00014,
23.513,5.09500,0.02049,3.05910,1.16184,0.10441,0.00070,0.00014,
23.514,5.09500,0.02028,2.65307,0.85283,0.10334,0.00070,0.00014,
23.515,5.09750,0.02028,1.79534,0.00815,0.10339,0.00070,0.00014,
23.516,5.09500,0.02049,2.64736,0.74439,0.10441,0.00070,0.00014,
23.517,5.09875,0.02175,2.43293,1.52303,0.11088,0.00070,0.00014,
23.518,5.09375,0.02028,2.43293,1.52303,0.10331,0.00070,0.00014,
23.519,5.09875,0.02154,1.48957,1.59556,0.10981,0.00070,0.00014,
23.520,5.09750,0.02091,2.34238,0.22992,0.10659,0.00070,0.00014,
23.521,5.09500,0.01986,1.99832,0.09458,0.10121,0.00070,0.00014,
23.522,5.09500,0.02112,0.60985,1.96571,0.10760,0.00070,0.00014,
23.523,5.09500,0.02133,1.47081,1.39091,0.10867,0.00070,0.00014,
23.524,5.09875,0.02133,2.20785,1.15611,0.10875,0.00070,0.00014,
23.525,5.09875,0.02007,1.76106,0.00652,0.10235,0.00070,0.00014,
23.526,5.09750,0.02154,2.75900,0.64898,0.10979,0.00070,0.00014,
23.527,5.09625,0.02091,2.52745,0.78270,0.10656,0.00070,0.00014,
23.528,5.09625,0.02028,2.66443,1.18220,0.10337,0.00070,0.00014,
23.529,5.09750,0.02133,2.66443,1.18220,0.10872,0.00070,0.00014,
23.530,5.09375,0.02007,0.66854,1.50176,0.10225,0.00070,0.00014,
23.531,5.09250,0.01986,0.63103,1.45121,0.10116,0.00070,0.00014,
23.532,5.09250,0.01945,0.65060,1.50421,0.09903,0.00070,0.00014,
23.533,5.09625,0.01945,1.70477,0.07908,0.09910,0.00070,0.00014,
23.534,5.09750,0.01966,2.69616,0.69952,0.10019,0.00070,0.00014,
23.535,5.09750,0.02070,1.48953,0.00082,0.10552,0.00070,0.00014,
23.536,5.09750,0.01945,1.68031,3.03858,0.09913,0.00070,0.00014,
23.537,5.09500,0.02007,2.31297,1.06558,0.10227,0.00070,0.00014,
23.538,5.09625,0.02007,2.28525,0.92943,0.10230,0.00070,0.00014,
23.539,5.09500,0.01945,2.97825,0.95959,0.09908,0.00070,0.00014,
23.540,5.09625,0.01903,2.97825,0.95959,0.09697,0.00070,0.00014,
23.541,5.09625,0.02070,1.86356,1.47471,0.10550,0.00070,0.00014,
23.542,5.09750,0.02070,0.44347,1.40134,0.10552,0.00070,0.00014,
23.543,5.09750,0.02028,3.05539,0.02120,0.10339,0.00070,0.00014,
23.544,5.09750,0.02007,1.98910,1.36466,0.10233,0.00070,0.00014,
23.545,5.09875,0.02049,3.07903,1.85215,0.10448,0.00070,0.00014,
23.546,5.09750,0.02091,3.07414,0.07255,0.10659,0.00070,0.00014,
23.547,5.09750,0.02007,0.66113,1.33286,0.10233,0.00070,0.00014,
23.548,5.09875,0.02133,2.12117,1.25949,0.10875,0.00070,0.00014,
23.549,5.10000,0.02133,1.01004,1.84400,0.10877,0.00070,0.00014,
23.550,5.10000,0.02049,1.81302,1.58558,0.10451,0.00070,0.00014,
23.551,5.09500,0.02049,1.81302,1.58558,0.10441,0.00070,0.00014,
23.552,5.09875,0.02112,1.50243,1.87905,0.10768,0.00070,0.00014,
23.553,5.09750,0.02154,3.05866,1.41764,0.10979,0.00070,0.00014,
23.554,5.09625,0.02049,1.80324,2.41057,0.10443,0.00070,0.00014,
23.555,5.09750,0.02091,3.05866,1.37118,0.10659,0.00070,0.00014,
23.556,5.09750,0.02070,1.63775,0.15163,0.10552,0.00070,0.00014,
23.557,5.09750,0.02091,1.25705,0.04647,0.10659,0.00070,0.00014,
23.558,5.09500,0.02049,0.65053,0.77363,0.10441,0.00070,0.00014,
23.559,5.09500,0.02133,2.81817,1.71275,0.10867,0.00070,0.00014,
23.560,5.09750,0.02133,3.07496,0.09619,0.10872,0.00070,0.00014,
23.561,5.09875,0.01945,2.60214,0.85189,0.09915,0.00070,0.00014,
23.562,5.09875,0.02007,2.60214,0.85189,0.10235,0.00070,0.00014,
23.563,5.09875,0.01924,3.06191,1.66628,0.09809,0.00070,0.00014,
23.564,5.09625,0.02049,2.67713,1.21955,0.10443,0.00070,0.00014,
23.565,5.09875,0.01945,3.08637,0.22744,0.09915,0.00070,0.00014,
23.566,5.09750,0.01966,2.91354,2.11138,0.10019,0.00070,0.00014,
23.567,5.09500,0.02070,1.49590,0.17038,0.10547,0.00070,0.00014,
23.568,5.09500,0.01966,0.98966,1.18368,0.10014,0.00070,0.00014,
23.569,5.09875,0.01966,1.43558,1.92551,0.10022,0.00070,0.00014,
23.570,5.09625,0.01986,1.56601,1.82687,0.10123,0.00070,0.00014,
23.571,5.09625,0.02154,2.40730,0.98721,0.10976,0.00070,0.00014,
23.572,5.09375,0.02133,3.01055,1.68177,0.10864,0.00070,0.00014,
23.573,5.09750,0.01986,3.01055,1.68177,0.10126,0.00070,0.00014,
23.574,5.09625,0.02091,1.60677,1.80161,0.10656,0.00070,0.00014,
23.575,5.09750,0.02154,3.07578,0.07418,0.10979,0.00070,0.00014,
23.576,5.09750,0.01966,2.56220,0.58532,0.10019,0.00070,0.00014,
23.577,5.09750,0.02133,1.82443,1.09401,0.10872,0.00070,0.00014,
23.578,5.09875,0.02133,0.97417,1.26765,0.10875,0.00070,0.00014,
23.579,5.09750,0.02070,1.61167,1.73884,0.10552,0.00070,0.00014,
23.580,5.09750,0.02112,2.31193,1.31738,0.10765,0.00070,0.00014,
23.581,5.09500,0.01903,3.02850,1.60514,0.09695,0.00070,0.00014,
23.582,5.09625,0.02049,2.47905,2.69915,0.10443,0.00070,0.00014,
23.583,5.09625,0.02112,3.05377,0.01793,0.10763,0.00070,0.00014,
23.584,5.09750,0.01966,3.05377,0.01793,0.10019,0.00070,0.00014,
23.585,5.09625,0.02049,1.98829,0.03505,0.10443,0.00070,0.00014,
23.586,5.09625,0.02112,1.92796,0.57228,0.10763,0.00070,0.00014,
23.587,5.09500,0.02112,3.07170,1.38259,0.10760,0.00070,0.00014,
23.588,5.09625,0.02049,1.66547,1.67444,0.10443,0.00070,0.00014,
23.589,5.09500,0.02049,2.07959,1.26031,0.10441,0.00070,0.00014,
23.590,5.09875,0.02112,2.08938,2.08856,0.10768,0.00070,0.00014,
23.591,5.09750,0.01986,2.54915,1.29944,0.10126,0.00070,0.00014,
23.592,5.09750,0.02070,0.92852,1.21058,0.10552,0.00070,0.00014,
23.593,5.09875,0.02091,3.05947,1.19183,0.10661,0.00070,0.00014,
23.594,5.09500,0.01966,1.14944,1.71275,0.10014,0.00070,0.00014,
23.595,5.09500,0.02007,1.14944,1.71275,0.10227,0.00070,0.00014,
23.596,5.09500,0.02007,2.65839,1.91818,0.10227,0.00070,0.00014,
23.597,5.09375,0.02049,2.01682,0.04239,0.10438,0.00070,0.00014,
23.598,5.09625,0.02007,1.35895,2.02334,0.10230,0.00070,0.00014,
23.599,5.09625,0.01903,1.52688,1.84644,0.09697,0.00070,0.00014,
23.600,5.09625,0.02091,2.74072,0.55108,0.10656,0.00070,0.00014,
23.601,5.09500,0.02049,1.86519,1.92307,0.10441,0.00070,0.00014,
23.602,5.09750,0.02007,3.02849,1.58965,0.10233,0.00070,0.00014,
23.603,5.09625,0.01924,3.06191,0.00326,0.09804,0.00070,0.00014,
23.604,5.09625,0.02070,1.94671,2.31111,0.10550,0.00070,0.00014,
23.605,5.09750,0.02070,3.06843,0.01060,0.10552,0.00070,0.00014,
23.606,5.09750,0.01986,3.06843,0.01060,0.10126,0.00070,0.00014,
23.607,5.09625,0.01966,2.33473,0.97498,0.10017,0.00070,0.00014,
23.608,5.09750,0.02070,0.92933,1.21465,0.10552,0.00070,0.00014,
23.609,5.09875,0.02070,2.32821,1.55214,0.10555,0.00070,0.00014,
23.610,5.09750,0.01924,1.93528,1.23177,0.09806,0.00070,0.00014,
23.611,5.09875,0.02091,3.04477,1.51953,0.10661,0.00070,0.00014,
23.612,5.09625,0.02091,2.12278,0.11168,0.10656,0.00070,0.00014,
23.613,5.09500,0.02070,3.05944,2.24506,0.10547,0.00070,0.00014,
23.614,5.09500,0.02070,3.14504,0.00734,0.10547,0.00070,0.00014,
23.615,5.09875,0.02154,2.36652,0.75487,0.10981,0.00070,0.00014,
23.616,5.09750,0.02070,1.37035,1.78855,0.10552,0.00070,0.00014,
23.617,5.09500,0.01966,1.37035,1.78855,0.10014,0.00070,0.00014,
23.618,5.09750,0.02133,1.68013,1.43557,0.10872,0.00070,0.00014,
23.619,5.09875,0.02091,3.07330,1.41845,0.10661,0.00070,0.00014,
23.620,5.09875,0.02049,2.12849,1.85539,0.10448,0.00070,0.00014,
23.621,5.09500,0.02133,2.31027,1.06873,0.10867,0.00070,0.00014,
23.622,5.09750,0.02154,1.88882,0.52091,0.10979,0.00070,0.00014,
23.623,5.09750,0.02049,3.05863,0.01875,0.10446,0.00070,0.00014,
23.624,5.09250,0.02049,1.98827,2.20919,0.10435,0.00070,0.00014,
23.625,5.09750,0.02112,3.08308,0.24130,0.10765,0.00070,0.00014,
23.626,5.09875,0.02091,2.10403,1.26356,0.10661,0.00070,0.00014,
23.627,5.09625,0.01986,2.92412,2.06735,0.10123,0.00070,0.00014,
23.628,5.09875,0.01986,2.92412,2.06735,0.10128,0.00070,0.00014,
23.629,5.09375,0.01966,3.07819,0.04239,0.10012,0.00070,0.00014,
23.630,5.09250,0.02028,2.53934,0.72960,0.10329,0.00070,0.00014,
23.631,5.09625,0.01945,1.86191,1.47795,0.09910,0.00070,0.00014,
23.632,5.09625,0.01945,1.30921,0.13695,0.09910,0.00070,0.00014,
23.633,5.09625,0.02007,3.05862,0.01060,0.10230,0.00070,0.00014,
23.634,5.09750,0.02028,2.02740,1.12579,0.10339,0.00070,0.00014,
23.635,5.09875,0.02007,3.11895,0.00571,0.10235,0.00070,0.00014,
23.636,5.09625,0.02007,0.91139,0.88775,0.10230,0.00070,0.00014,
23.637,5.09625,0.01840,2.98933,1.77224,0.09377,0.00070,0.00014,
23.638,5.09750,0.01986,1.88555,0.52580,0.10126,0.00070,0.00014,
23.639,5.09625,0.01840,1.88555,0.52580,0.09377,0.00070,0.00014,
23.640,5.09750,0.01986,0.63993,1.99561,0.10126,0.00070,0.00014,
23.641,5.09750,0.02007,2.77330,0.63504,0.10233,0.00070,0.00014,
23.642,5.09625,0.02007,1.64425,1.71925,0.10230,0.00070,0.00014,
23.643,5.10000,0.01924,1.13150,1.23910,0.09811,0.00070,0.00014,
23.644,5.09625,0.02007,2.19696,0.45488,0.10230,0.00070,0.00014,
23.645,5.10000,0.01966,3.00564,0.91058,0.10024,0.00070,0.00014,
23.646,5.09625,0.01945,3.08226,1.57252,0.09910,0.00070,0.00014,
23.647,5.09625,0.02091,2.12441,0.09945,0.10656,0.00070,0.00014,
23.648,5.09875,0.01986,2.71706,2.43907,0.10128,0.00070,0.00014,
23.649,5.09750,0.01903,1.83338,1.88800,0.09700,0.00070,0.00014,
23.650,5.09750,0.02007,1.83338,1.88800,0.10233,0.00070,0.00014,
23.651,5.09875,0.02007,2.55646,2.50428,0.10235,0.00070,0.00014,
23.652,5.09875,0.01986,1.53420,0.06440,0.10128,0.00070,0.00014,
23.653,5.09750,0.01882,3.06025,1.36953,0.09593,0.00070,0.00014,
23.654,5.09750,0.01819,0.53395,1.72822,0.09273,0.00070,0.00014,
23.655,5.09500,0.01903,0.72879,2.02821,0.09695,0.00070,0.00014,
23.656,5.09750,0.01777,1.75512,1.55132,0.09060,0.00070,0.00014,
23.657,5.09875,0.01798,1.53909,1.34507,0.09169,0.00070,0.00014,
23.658,5.10125,0.01840,1.84642,0.92525,0.09387,0.00070,0.00014,
23.659,5.10125,0.01819,2.51814,1.99234,0.09280,0.00070,0.00014,
23.660,5.09875,0.01819,1.58474,1.82359,0.09275,0.00070,0.00014,
23.661,5.09750,0.01861,1.58474,1.82359,0.09486,0.00070,0.00014,
23.662,5.09500,0.01777,1.65811,1.65078,0.09056,0.00070,0.00014,
23.663,5.09875,0.01924,3.05781,0.02609,0.09809,0.00070,0.00014,
23.664,5.09500,0.01924,3.05781,0.02609,0.09801,0.00070,0.00014,
23.665,5.09500,0.01777,2.29886,0.97172,0.09056,0.00070,0.00014,
23.666,5.09875,0.01945,2.91270,2.63798,0.09915,0.00070,0.00014,
23.667,5.09625,0.01840,2.38201,0.73775,0.09377,0.00070,0.00014,
23.668,5.09625,0.01777,2.12848,1.98582,0.09058,0.00070,0.00014,
23.669,5.10000,0.01777,2.57114,1.25541,0.09064,0.00070,0.00014,
23.670,5.09875,0.01861,1.85947,1.53665,0.09489,0.00070,0.00014,
23.671,5.09750,0.01903,2.79613,2.18310,0.09700,0.00070,0.00014,
23.672,5.09750,0.01798,2.78146,2.14479,0.09167,0.00070,0.00014,
23.673,5.09875,0.01924,2.78146,2.14479,0.09809,0.00070,0.00014,
23.674,5.09875,0.01819,2.11299,0.00408,0.09275,0.00070,0.00014,
23.675,5.09625,0.01840,3.07899,0.09619,0.09377,0.00070,0.00014,
23.676,5.09625,0.01840,2.37385,0.95133,0.09377,0.00070,0.00014,
23.677,5.09625,0.02007,2.19369,1.18448,0.10230,0.00070,0.00014,
23.678,5.09875,0.02007,2.19451,1.18203,0.10235,0.00070,0.00014,
23.679,5.09750,0.01819,1.83093,1.51789,0.09273,0.00070,0.00014,
23.680,5.09750,0.01798,1.64262,1.67115,0.09167,0.00070,0.00014,
23.681,5.09875,0.01861,1.19915,1.33448,0.09489,0.00070,0.00014,
23.682,5.09625,0.01798,2.86867,1.88555,0.09164,0.00071,0.00014,
23.683,5.09750,0.01736,1.02878,0.24293,0.08847,0.00071,0.00014,
23.684,5.09625,0.01882,1.02878,0.24293,0.09591,0.00071,0.00014,
23.685,5.09875,0.01861,1.63118,1.30266,0.09489,0.00071,0.00014,
23.686,5.09875,0.01882,2.05263,2.03795,0.09595,0.00071,0.00014,
23.687,5.09625,0.01882,1.07930,1.42168,0.09591,0.00071,0.00014,
23.688,5.09625,0.01945,1.44695,0.02446,0.09910,0.00071,0.00014,
23.689,5.09750,0.01945,0.98881,1.29206,0.09913,0.00071,0.00014,
23.690,5.09875,0.01798,2.77488,1.78280,0.09169,0.00071,0.00014,
23.691,5.09875,0.01903,1.92709,0.35949,0.09702,0.00071,0.00014,
23.692,5.09500,0.01882,2.74553,0.92034,0.09588,0.00071,0.00014,
23.693,5.09750,0.01861,1.51135,1.79177,0.09486,0.00071,0.00014,
23.694,5.09625,0.01715,2.17490,1.15756,0.08738,0.00071,0.00014,
23.695,5.09625,0.01756,2.17490,1.15756,0.08951,0.00071,0.00014,
23.696,5.09625,0.01756,2.44708,0.95209,0.08951,0.00071,0.00014,
23.697,5.09625,0.01819,2.81716,0.82412,0.09271,0.00071,0.00014,
23.698,5.09750,0.01840,2.86851,1.89848,0.09380,0.00071,0.00014,
23.699,5.09875,0.01819,1.65883,1.67513,0.09275,0.00071,0.00014,
23.700,5.09500,0.01840,1.58220,1.29853,0.09375,0.00071,0.00014,
23.701,5.09625,0.01798,1.82919,2.35089,0.09164,0.00071,0.00014,
23.702,5.09875,0.01819,1.54389,1.87484,0.09275,0.00071,0.00014,
23.703,5.09875,0.01840,1.72812,2.53267,0.09382,0.00071,0.00014,
23.704,5.09875,0.01840,1.83898,1.90582,0.09382,0.00071,0.00014,
23.705,5.09500,0.01840,0.52577,1.15507,0.09375,0.00071,0.00014,
23.706,5.09875,0.01756,0.52577,1.15507,0.08956,0.00071,0.00014,
23.707,5.09750,0.01903,0.62440,2.04847,0.09700,0.00071,0.00014,
23.708,5.09875,0.01861,1.25207,1.68002,0.09489,0.00071,0.00014,
23.709,5.09625,0.01840,1.74279,1.79985,0.09377,0.00071,0.00014,
23.710,5.09875,0.01924,2.14384,1.03769,0.09809,0.00071,0.00014,
23.711,5.09750,0.01945,1.63682,1.77377,0.09913,0.00071,0.00014,
23.712,5.09750,0.01777,1.41755,1.52352,0.09060,0.00071,0.00014,
23.713,5.09750,0.01882,2.58973,0.66924,0.09593,0.00071,0.00014,
23.714,5.09750,0.01882,1.30506,2.08923,0.09593,0.00071,0.00014,
23.715,5.09625,0.01882,1.70040,0.14836,0.09591,0.00071,0.00014,
23.716,5.09750,0.01777,1.82838,1.52678,0.09060,0.00071,0.00014,
23.717,5.09625,0.01903,1.82838,1.52678,0.09697,0.00071,0.00014,
23.718,5.09750,0.01903,2.23596,1.85284,0.09700,0.00071,0.00014,
23.719,5.09625,0.01861,1.79333,1.54634,0.09484,0.00071,0.00014,
23.720,5.09500,0.01945,1.69144,1.41021,0.09908,0.00071,0.00014,
23.721,5.09750,0.01840,2.22618,1.37353,0.09380,0.00071,0.00014,
23.722,5.09750,0.01798,2.29139,1.10861,0.09167,0.00071,0.00014,
23.723,5.10000,0.01798,1.38576,1.98408,0.09171,0.00071,0.00014,
23.724,5.10125,0.01903,1.62786,1.77377,0.09707,0.00071,0.00014,
23.725,5.09750,0.01903,2.16423,2.46584,0.09700,0.00071,0.00014,
23.726,5.09750,0.01882,2.63213,0.63256,0.09593,0.00071,0.00014,
23.727,5.09750,0.01756,1.85203,2.32726,0.08953,0.00071,0.00014,
23.728,5.09750,0.01777,1.85203,2.32726,0.09060,0.00071,0.00014,
23.729,5.09625,0.01861,2.31587,0.90646,0.09484,0.00071,0.00014,
23.730,5.09625,0.01756,1.31241,2.08192,0.08951,0.00071,0.00014,
23.731,5.09625,0.01840,0.84695,1.07112,0.09377,0.00071,0.00014,
23.732,5.09750,0.01840,1.31078,1.41593,0.09380,0.00071,0.00014,
23.733,5.09375,0.01882,3.04789,0.01875,0.09586,0.00071,0.00014,
23.734,5.09875,0.01882,0.63256,2.07458,0.09595,0.00071,0.00014,
23.735,5.09875,0.01882,1.79335,2.17485,0.09595,0.00071,0.00014,
23.736,5.09875,0.01903,1.67271,0.00489,0.09702,0.00071,0.00014,
23.737,5.09875,0.01861,2.74709,0.54616,0.09489,0.00071,0.00014,
23.738,5.09875,0.01798,1.21133,1.61076,0.09169,0.00071,0.00014,
23.739,5.09750,0.01861,1.21133,1.61076,0.09486,0.00071,0.00014,
23.740,5.09750,0.01861,2.38761,1.61728,0.09486,0.00071,0.00014,
23.741,5.09750,0.01861,1.31404,2.07540,0.09486,0.00071,0.00014,
23.742,5.09875,0.01819,1.91563,1.97676,0.09275,0.00071,0.00014,
23.743,5.09875,0.01966,2.50173,0.77196,0.10022,0.00071,0.00014,
23.744,5.09750,0.01903,2.86203,2.30446,0.09700,0.00071,0.00014,
23.745,5.09875,0.01777,2.02323,2.36070,0.09062,0.00071,0.00014,
23.746,5.09750,0.01861,1.31567,0.16385,0.09486,0.00071,0.00014,
23.747,5.09750,0.01924,2.20745,1.02140,0.09806,0.00071,0.00014,
23.748,5.09750,0.01736,1.69879,2.81393,0.08847,0.00071,0.00014,
23.749,5.09750,0.01861,2.82453,1.72162,0.09486,0.00071,0.00014,
23.750,5.10000,0.01861,2.82453,1.72162,0.09491,0.00071,0.00014,
23.751,5.09750,0.01903,1.71021,1.94171,0.09700,0.00071,0.00014,
23.752,5.09500,0.01736,1.67108,1.75586,0.08843,0.00071,0.00014,
23.753,5.10000,0.01798,1.71591,1.63032,0.09171,0.00071,0.00014,
23.754,5.09750,0.01798,1.58141,1.30752,0.09167,0.00071,0.00014,
23.755,5.09875,0.01777,0.78500,1.47626,0.09062,0.00071,0.00014,
23.756,5.09750,0.01819,2.02323,0.68800,0.09273,0.00071,0.00014,
23.757,5.10000,0.01736,1.88465,1.13063,0.08851,0.00071,0.00014,
23.758,5.10000,0.01882,2.62482,1.86183,0.09598,0.00071,0.00014,
23.759,5.09750,0.01882,0.90891,1.24068,0.09593,0.00071,0.00014,
23.760,5.09625,0.01861,1.59609,0.63338,0.09484,0.00071,0.00014,
23.761,5.09625,0.01777,1.59609,0.63338,0.09058,0.00071,0.00014,
23.762,5.09750,0.01924,0.62115,2.05421,0.09806,0.00071,0.00014,
23.763,5.09875,0.01903,2.81475,1.68331,0.09702,0.00071,0.00014,
23.764,5.09500,0.01798,2.15366,1.82922,0.09162,0.00071,0.00014,
23.765,5.09875,0.01966,0.66680,1.51538,0.10022,0.00071,0.00014,
23.766,5.09500,0.01882,1.58060,2.83676,0.09588,0.00071,0.00014,
23.767,5.09750,0.01840,1.74445,2.72997,0.09380,0.00071,0.00014,
23.768,5.09750,0.01840,1.87813,1.39474,0.09380,0.00071,0.00014,
23.769,5.09750,0.01945,2.73894,0.65865,0.09913,0.00071,0.00014,
23.770,5.10000,0.01882,2.23110,1.70532,0.09598,0.00071,0.00014,
23.771,5.09375,0.01756,2.92969,2.74465,0.08947,0.00071,0.00014,
23.772,5.09500,0.01986,2.92969,2.74465,0.10121,0.00071,0.00014,
23.773,5.09750,0.01861,0.97249,1.85043,0.09486,0.00071,0.00014,
23.774,5.09750,0.01882,1.88629,1.51295,0.09593,0.00071,0.00014,
23.775,5.09750,0.01798,1.71674,0.03179,0.09167,0.00071,0.00014,
23.776,5.09500,0.01819,2.17568,1.04341,0.09269,0.00071,0.00014,
23.777,5.09500,0.01798,1.56430,0.91543,0.09162,0.00071,0.00014,
23.778,5.09625,0.01798,2.06318,1.29856,0.09164,0.00071,0.00014,
23.779,5.09875,0.01819,1.64663,1.74445,0.09275,0.00071,0.00014,
23.780,5.09750,0.01819,1.64256,0.60893,0.09273,0.00071,0.00014,
23.781,5.09625,0.01861,1.59854,0.62931,0.09484,0.00071,0.00014,
23.782,5.09750,0.01756,2.44305,0.87141,0.08953,0.00071,0.00014,
23.783,5.09875,0.01777,2.44305,0.87141,0.09062,0.00071,0.00014,
23.784,5.09625,0.01903,2.57103,0.59099,0.09697,0.00071,0.00014,
23.785,5.09750,0.01777,0.50051,1.22764,0.09060,0.00071,0.00014,
23.786,5.09750,0.01819,1.55533,1.73956,0.09273,0.00071,0.00014,
23.787,5.09750,0.01819,2.84003,2.35745,0.09273,0.00071,0.00014,
23.788,5.09875,0.01924,2.25148,1.61973,0.09809,0.00071,0.00014,
23.789,5.09750,0.01819,2.16997,1.12737,0.09273,0.00071,0.00014,
23.790,5.09875,0.01694,2.14388,0.53882,0.08636,0.00071,0.00014,
23.791,5.09375,0.01756,1.79744,2.39006,0.08947,0.00071,0.00014,
23.792,5.09750,0.01945,2.01427,0.97901,0.09913,0.00071,0.00014,
23.793,5.10000,0.01882,2.65988,1.94009,0.09598,0.00071,0.00014,
23.794,5.09500,0.01798,2.65988,1.94009,0.09162,0.00071,0.00014,
23.795,5.09500,0.01924,1.44692,0.06358,0.09801,0.00071,0.00014,
23.796,5.09625,0.01924,1.81945,1.57001,0.09804,0.00071,0.00014,
23.797,5.09750,0.01903,1.77706,2.77727,0.09700,0.00071,0.00014,
23.798,5.09750,0.01861,1.10047,0.35297,0.09486,0.00071,0.00014,
23.799,5.09625,0.01882,2.16427,1.23090,0.09591,0.00071,0.00014,
23.800,5.09750,0.01945,2.28410,1.63115,0.09913,0.00071,0.00014,
23.801,5.09625,0.01819,1.88059,0.52578,0.09271,0.00071,0.00014,
23.802,5.09750,0.01903,2.73977,0.54698,0.09700,0.00071,0.00014,
23.803,5.09375,0.01903,1.48849,1.59283,0.09692,0.00071,0.00014,
23.804,5.09375,0.01840,1.05238,1.38497,0.09373,0.00071,0.00014,
23.805,5.09750,0.01840,1.05238,1.38497,0.09380,0.00071,0.00014,
23.806,5.10000,0.01840,0.77278,1.32383,0.09384,0.00071,0.00014,
23.807,5.09875,0.01903,1.56349,1.53578,0.09702,0.00071,0.00014,
23.808,5.09875,0.01798,2.55311,0.69860,0.09169,0.00071,0.00014,
23.809,5.09625,0.01819,2.52457,0.75648,0.09271,0.00071,0.00014,
23.810,5.09875,0.01819,2.30040,1.60099,0.09275,0.00071,0.00014,
23.811,5.10000,0.01882,1.98330,2.71940,0.09598,0.00071,0.00014,
23.812,5.09875,0.01777,1.79500,2.40719,0.09062,0.00071,0.00014,
23.813,5.09875,0.01903,2.05748,1.27411,0.09702,0.00071,0.00014,
23.814,5.09625,0.01903,1.96374,2.28655,0.09697,0.00071,0.00014,
23.815,5.10000,0.01756,2.31589,1.69229,0.08958,0.00071,0.00014,
23.816,5.10000,0.01756,2.31589,1.69229,0.08958,0.00071,0.00014,
23.817,5.09750,0.01840,1.79827,0.00489,0.09380,0.00071,0.00014,
23.818,5.09750,0.01840,2.75609,0.64562,0.09380,0.00071,0.00014,
23.819,5.09750,0.01777,1.77626,1.60181,0.09060,0.00071,0.00014,
23.820,5.09625,0.01819,1.93522,2.36400,0.09271,0.00071,0.00014,
23.821,5.09875,0.01840,2.95500,2.70066,0.09382,0.00071,0.00014,
23.822,5.09875,0.01861,0.64399,1.97271,0.09489,0.00071,0.00014,
23.823,5.09875,0.01861,1.66866,1.44856,0.09489,0.00071,0.00014,
23.824,5.09750,0.01819,2.22216,1.10945,0.09273,0.00071,0.00014,
23.825,5.09875,0.01924,2.35340,2.92565,0.09809,0.00071,0.00014,
23.826,5.09625,0.01861,2.35340,2.92565,0.09484,0.00071,0.00014,
23.827,5.09750,0.01798,2.19444,1.12412,0.09167,0.00071,0.00014,
23.828,5.09875,0.01945,2.19444,1.12412,0.09915,0.00071,0.00014,
23.829,5.09750,0.01945,1.99228,1.37519,0.09913,0.00071,0.00014,
23.830,5.09625,0.01777,1.72490,1.39476,0.09058,0.00071,0.00014,
23.831,5.09625,0.01882,1.87815,1.46731,0.09591,0.00071,0.00014,
23.832,5.09875,0.01882,1.66050,1.72490,0.09595,0.00071,0.00014,
23.833,5.09875,0.01819,1.81783,1.30835,0.09275,0.00071,0.00014,
23.834,5.09750,0.01840,1.78522,1.33851,0.09380,0.00071,0.00014,
23.835,5.09875,0.01715,0.89180,1.00511,0.08742,0.00071,0.00014,
23.836,5.09750,0.01966,1.72979,0.00489,0.10019,0.00071,0.00014,
23.837,5.09625,0.01777,2.26781,1.38742,0.09058,0.00071,0.00014,
23.838,5.10000,0.01819,1.99228,1.21134,0.09278,0.00071,0.00014,
23.839,5.09875,0.01840,1.99228,1.21134,0.09382,0.00071,0.00014,
23.840,5.09875,0.01882,1.45587,0.00489,0.09595,0.00071,0.00014,
23.841,5.09625,0.01882,1.80232,1.50397,0.09591,0.00071,0.00014,
23.842,5.09750,0.01777,2.59710,0.66680,0.09060,0.00071,0.00014,
23.843,5.09875,0.01777,1.70368,1.01406,0.09062,0.00071,0.00014,
23.844,5.09500,0.01861,1.85123,1.54636,0.09482,0.00071,0.00014,
23.845,5.09875,0.01715,1.42653,1.14367,0.08742,0.00071,0.00014,
23.846,5.09750,0.01756,1.30426,0.14999,0.08953,0.00071,0.00014,
23.847,5.09375,0.01861,1.39800,1.98002,0.09479,0.00071,0.00014,
23.848,5.09750,0.01819,2.29957,0.91542,0.09273,0.00071,0.00014,
23.849,5.09750,0.01819,1.86182,0.53311,0.09273,0.00071,0.00014,
23.850,5.09625,0.01819,1.86182,0.53311,0.09271,0.00071,0.00014,
23.851,5.09750,0.01882,1.81853,1.20067,0.09593,0.00071,0.00014,
23.852,5.09500,0.01903,2.08508,1.29033,0.09695,0.00071,0.00014,
23.853,5.09750,0.01798,2.02150,1.33517,0.09167,0.00071,0.00014,
23.854,5.09750,0.01840,1.19823,1.06944,0.09380,0.00071,0.00014,
23.855,5.09875,0.01819,1.03194,0.22334,0.09275,0.00071,0.00014,
23.856,5.09750,0.01798,2.49508,1.13954,0.09167,0.00071,0.00014,
23.857,5.10125,0.01777,2.34673,0.87218,0.09067,0.00071,0.00014,
23.858,5.10125,0.01819,1.38163,1.66773,0.09280,0.00071,0.00014,
23.859,5.09375,0.01819,1.70360,1.65062,0.09266,0.00071,0.00014,
23.860,5.09875,0.01777,1.45254,0.00245,0.09062,0.00071,0.00014,
23.861,5.09500,0.01777,1.45254,0.00245,0.09056,0.00071,0.00014,
23.862,5.09875,0.01840,1.15086,1.24704,0.09382,0.00071,0.00014,
23.863,5.09750,0.01777,1.87138,0.00000,0.09060,0.00071,0.00014,
23.864,5.09875,0.01715,1.94392,0.00652,0.08742,0.00071,0.00014,
23.865,5.09750,0.01798,2.40198,2.61064,0.09167,0.00071,0.00014,
23.866,5.09875,0.01715,2.08818,1.39049,0.08742,0.00071,0.00014,
23.867,5.09875,0.01798,2.84945,2.32863,0.09169,0.00071,0.00014,
23.868,5.09500,0.01798,1.93088,2.39791,0.09162,0.00071,0.00014,
23.869,5.09750,0.01736,2.00260,2.70518,0.08847,0.00071,0.00014,
23.870,5.09750,0.01903,1.43288,1.50297,0.09700,0.00071,0.00014,
23.871,5.09750,0.01840,1.30165,2.10611,0.09380,0.00071,0.00014,
23.872,5.09875,0.01798,1.30165,2.10611,0.09169,0.00071,0.00014,
23.873,5.09625,0.01861,3.07351,0.05624,0.09484,0.00071,0.00014,
23.874,5.09500,0.01903,1.68061,2.82166,0.09695,0.00071,0.00014,
23.875,5.09750,0.01798,2.33345,1.50782,0.09167,0.00071,0.00014,
23.876,5.09750,0.01924,2.23646,0.96011,0.09806,0.00071,0.00014,
23.877,5.09750,0.01924,1.62682,3.02705,0.09806,0.00071,0.00014,
23.878,5.09750,0.01903,0.44746,0.92099,0.09700,0.00071,0.00014,
23.879,5.09750,0.01819,2.31389,1.72381,0.09273,0.00071,0.00014,
23.880,5.09625,0.01924,1.82895,2.39214,0.09804,0.00071,0.00014,
23.881,5.09875,0.01903,1.73929,1.55917,0.09702,0.00071,0.00014,
23.882,5.09875,0.01798,2.21527,0.41893,0.09169,0.00071,0.00014,
23.883,5.09625,0.01840,2.21527,0.41893,0.09377,0.00071,0.00014,
23.884,5.10000,0.01840,1.71974,0.00408,0.09384,0.00071,0.00014,
23.885,5.10000,0.01798,3.06456,1.61134,0.09171,0.00071,0.00014,
23.886,5.09750,0.01798,1.55102,1.55836,0.09167,0.00071,0.00014,
23.887,5.09625,0.01798,2.83553,2.50218,0.09164,0.00071,0.00014,
23.888,5.09375,0.01819,2.58531,2.10933,0.09266,0.00071,0.00014,
23.889,5.10000,0.01903,2.35058,2.89666,0.09704,0.00071,0.00014,
23.890,5.09500,0.01903,2.12481,0.43442,0.09695,0.00071,0.00014,
23.891,5.09875,0.01756,2.32857,0.96582,0.08956,0.00071,0.00014,
23.892,5.09625,0.01861,1.27228,1.61704,0.09484,0.00071,0.00014,
23.893,5.09875,0.01736,1.52576,1.40432,0.08849,0.00071,0.00014,
23.894,5.09875,0.01777,1.52576,1.40432,0.09062,0.00071,0.00014,
23.895,5.09875,0.01777,3.10125,1.27636,0.09062,0.00071,0.00014,
23.896,5.09875,0.01777,1.22012,1.62683,0.09062,0.00071,0.00014,
23.897,5.09875,0.01798,2.22344,0.00326,0.09169,0.00071,0.00014,
23.898,5.09500,0.01819,1.39210,0.00245,0.09269,0.00071,0.00014,
23.899,5.09625,0.01819,1.33341,0.00489,0.09271,0.00071,0.00014,
23.900,5.09500,0.01861,1.42144,0.70420,0.09482,0.00071,0.00014,
23.901,5.09875,0.01819,2.16965,1.19078,0.09275,0.00071,0.00014,
23.902,5.09750,0.01798,2.22507,0.95605,0.09167,0.00071,0.00014,
23.903,5.09875,0.01819,1.55837,1.40595,0.09275,0.00071,0.00014,
23.904,5.09875,0.01819,2.13542,1.84689,0.09275,0.00071,0.00014,
23.905,5.09500,0.01945,2.13542,1.84689,0.09908,0.00071,0.00014,
23.906,5.09750,0.01840,2.55601,2.50548,0.09380,0.00071,0.00014,
23.907,5.10000,0.01945,2.02704,1.32039,0.09918,0.00071,0.00014,
23.908,5.09750,0.01924,2.59432,2.84291,0.09806,0.00071,0.00014,
23.909,5.09625,0.01819,2.42479,1.86321,0.09271,0.00071,0.00014,
23.910,5.09875,0.01882,2.75977,2.09876,0.09595,0.00071,0.00014,
23.911,5.09750,0.01882,2.02867,1.31631,0.09593,0.00071,0.00014,
23.912,5.09625,0.01798,2.71168,2.02541,0.09164,0.00071,0.00014,
23.913,5.09625,0.01924,2.48102,1.64070,0.09804,0.00071,0.00014,
23.914,5.09875,0.01924,1.91456,2.97821,0.09809,0.00071,0.00014,
23.915,5.09875,0.01945,1.96754,0.08803,0.09915,0.00071,0.00014,
23.916,5.09875,0.01840,1.96754,0.08803,0.09382,0.00071,0.00014,
23.917,5.09875,0.01777,1.42390,0.00489,0.09062,0.00071,0.00014,
23.918,5.10000,0.01924,2.04171,1.20139,0.09811,0.00071,0.00014,
23.919,5.09875,0.01777,2.90159,2.61877,0.09062,0.00071,0.00014,
23.920,5.09750,0.01882,1.11418,0.28771,0.09593,0.00071,0.00014,
23.921,5.09750,0.01819,2.63181,0.64471,0.09273,0.00071,0.00014,
23.922,5.09750,0.01819,1.74340,0.00652,0.09273,0.00071,0.00014,
23.923,5.09875,0.01840,1.76459,1.23725,0.09382,0.00071,0.00014,
23.924,5.09750,0.01861,2.73043,2.32535,0.09486,0.00071,0.00014,
23.925,5.09500,0.01819,0.84766,0.94139,0.09269,0.00071,0.00014,
23.926,5.09750,0.01861,1.48829,1.65945,0.09486,0.00071,0.00014,
23.927,5.09750,0.01882,1.48829,1.65945,0.09593,0.00071,0.00014,
23.928,5.09875,0.01840,1.50704,0.00326,0.09382,0.00071,0.00014,
23.929,5.09625,0.01903,2.31884,1.04001,0.09697,0.00071,0.00014,
23.930,5.09875,0.01903,2.13708,1.84936,0.09702,0.00071,0.00014,
23.931,5.09875,0.01882,0.49963,1.09544,0.09595,0.00071,0.00014,
23.932,5.09625,0.01882,2.61307,2.06209,0.09591,0.00071,0.00014,
23.933,5.09875,0.01882,2.84699,2.52342,0.09595,0.00071,0.00014,
23.934,5.09625,0.01882,1.81921,0.54283,0.09591,0.00071,0.00014,
23.935,5.09875,0.01756,1.66027,2.06128,0.08956,0.00071,0.00014,
23.936,5.09625,0.01840,2.29031,0.00000,0.09377,0.00071,0.00014,
23.937,5.09875,0.01903,2.83884,2.26830,0.09702,0.00071,0.00014,
23.938,5.09750,0.01819,2.83884,2.26830,0.09273,0.00071,0.00014,
23.939,5.09500,0.01882,3.18525,0.00815,0.09588,0.00071,0.00014,
23.940,5.09500,0.01903,1.49400,1.40516,0.09695,0.00071,0.00014,
23.941,5.09625,0.01903,1.45732,1.91702,0.09697,0.00071,0.00014,
23.942,5.09875,0.01736,1.93332,2.72800,0.08849,0.00071,0.00014,
23.943,5.09750,0.01861,1.29920,0.01630,0.09486,0.00071,0.00014,
23.944,5.10000,0.01819,0.97970,1.86159,0.09278,0.00071,0.00014,
23.945,5.09875,0.01694,0.52164,1.66516,0.08636,0.00071,0.00014,
23.946,5.10000,0.01819,2.72474,2.26260,0.09278,0.00071,0.00014,
23.947,5.09750,0.01819,1.69940,2.83722,0.09273,0.00071,0.00014,
23.948,5.10000,0.01819,0.97807,1.17776,0.09278,0.00071,0.00014,
23.949,5.10000,0.01840,0.97807,1.17776,0.09384,0.00071,0.00014,
23.950,5.09750,0.01840,0.86886,1.00498,0.09380,0.00071,0.00014,
23.951,5.09625,0.01777,2.61881,1.18837,0.09058,0.00071,0.00014,
23.952,5.09625,0.01903,1.15576,0.21681,0.09697,0.00071,0.00014,
23.953,5.09750,0.01715,0.45073,0.96993,0.08740,0.00071,0.00014,
23.954,5.09625,0.01861,3.15757,0.00734,0.09484,0.00071,0.00014,
23.955,5.09750,0.01903,2.22513,0.18747,0.09700,0.00071,0.00014,
23.956,5.09875,0.01903,1.71327,2.56257,0.09702,0.00071,0.00014,
23.957,5.09500,0.01840,2.11102,1.90807,0.09375,0.00071,0.00014,
23.958,5.09500,0.01882,1.84694,0.00408,0.09588,0.00071,0.00014,
23.959,5.09750,0.01882,1.66763,1.30248,0.09593,0.00071,0.00014,
23.960,5.09875,0.01861,1.66763,1.30248,0.09489,0.00071,0.00014,
23.961,5.09750,0.01777,0.87783,1.92846,0.09060,0.00071,0.00014,
23.962,5.09875,0.01798,1.68639,2.59519,0.09169,0.00071,0.00014,
23.963,5.09750,0.01882,1.68394,2.82504,0.09593,0.00071,0.00014,
23.964,5.09875,0.01777,3.06386,0.01304,0.09062,0.00071,0.00014,
23.965,5.09875,0.01798,0.46052,1.18675,0.09169,0.00071,0.00014,
23.966,5.09875,0.01861,1.79479,0.55669,0.09489,0.00071,0.00014,
23.967,5.09875,0.01819,1.63259,0.00163,0.09275,0.00071,0.00014,
23.968,5.09750,0.01819,1.99530,1.27966,0.09273,0.00071,0.00014,
23.969,5.09500,0.01652,1.70921,2.81037,0.08416,0.00071,0.00014,
23.970,5.09875,0.01798,2.42810,2.55444,0.09169,0.00071,0.00014,
23.971,5.09625,0.01798,2.42810,2.55444,0.09164,0.00071,0.00014,
23.972,5.09500,0.01777,3.13400,0.00897,0.09056,0.00071,0.00014,
23.973,5.09750,0.01798,1.87306,2.26512,0.09167,0.00071,0.00014,
23.974,5.09500,0.01924,1.62202,0.00163,0.09801,0.00071,0.00014,
23.975,5.09750,0.01756,1.76384,1.59023,0.08953,0.00071,0.00014,
23.976,5.09750,0.01736,2.19013,2.93104,0.08847,0.00071,0.00014,
23.977,5.09625,0.01736,0.79634,1.56333,0.08845,0.00071,0.00014,
23.978,5.09625,0.01945,0.43770,0.91941,0.09910,0.00071,0.00014,
23.979,5.09625,0.01924,1.30006,1.42151,0.09804,0.00071,0.00014,
23.980,5.09625,0.01777,1.64321,2.94082,0.09058,0.00071,0.00014,
23.981,5.10000,0.01882,1.69211,1.66603,0.09598,0.00071,0.00014,
23.982,5.09750,0.01840,1.69211,1.66603,0.09380,0.00071,0.00014,
23.983,5.09750,0.01840,3.08611,0.13939,0.09380,0.00071,0.00014,
23.984,5.09375,0.01882,2.83913,2.28565,0.09586,0.00071,0.00014,
23.985,5.09375,0.01966,2.54160,1.95796,0.10012,0.00071,0.00014,
23.986,5.10000,0.01966,2.42096,1.61723,0.10024,0.00071,0.00014,
23.987,5.09625,0.01840,1.76477,2.68344,0.09377,0.00071,0.00014,
23.988,5.09375,0.01736,1.76477,2.68344,0.08840,0.00071,0.00014,
23.989,5.09875,0.01777,1.18114,1.69549,0.09062,0.00071,0.00014,
23.990,5.10000,0.01861,3.08611,0.24617,0.09491,0.00071,0.00014,
23.991,5.09625,0.01756,2.37531,0.88687,0.08951,0.00071,0.00014,
23.992,5.09625,0.01798,2.18865,0.00571,0.09164,0.00071,0.00014,
23.993,5.09500,0.01903,1.66696,1.31971,0.09695,0.00071,0.00014,
23.994,5.09750,0.01819,1.66696,1.31971,0.09273,0.00071,0.00014,
23.995,5.09750,0.01819,1.92879,0.31712,0.09273,0.00071,0.00014,
23.996,5.09750,0.01736,1.52608,1.77390,0.08847,0.00071,0.00014,
23.997,5.10125,0.01861,0.67581,1.89781,0.09493,0.00071,0.00014,
23.998,5.09750,0.01903,1.59211,2.85243,0.09700,0.00071,0.00014,
23.999,5.09875,0.01694,1.08994,1.17961,0.08636,0.00071,0.00014,
24.000,5.09625,0.01756,2.33966,2.60460,0.08951,0.00071,0.00014,
24.001,5.09875,0.01903,1.55869,1.94591,0.09702,0.00071,0.00014,
24.002,5.09625,0.01694,1.84972,3.00080,0.08632,0.00071,0.00014,
24.003,5.09625,0.01736,1.38831,0.01141,0.08845,0.00071,0.00014,
24.004,5.09750,0.01736,1.16005,1.69646,0.08847,0.00071,0.00014,
24.005,5.09875,0.01777,1.16005,1.69646,0.09062,0.00071,0.00014,
24.006,5.09750,0.01840,3.09942,0.69945,0.09380,0.00071,0.00014,
24.007,5.09500,0.01819,1.59373,0.63505,0.09269,0.00071,0.00014,
24.008,5.09375,0.01903,1.73395,1.96710,0.09692,0.00071,0.00014,
24.009,5.09625,0.01861,1.70134,1.93612,0.09484,0.00071,0.00014,
24.010,5.09875,0.01840,1.94345,0.50543,0.09382,0.00071,0.00014,
24.011,5.09750,0.01882,0.63994,1.97851,0.09593,0.00071,0.00014,
24.012,5.09750,0.01924,1.67199,1.15270,0.09806,0.00071,0.00014,
24.013,5.10000,0.01924,2.91681,2.64127,0.09811,0.00071,0.00014,
24.014,5.09875,0.01798,1.72987,1.40134,0.09169,0.00071,0.00014,
24.015,5.09875,0.01882,1.18776,1.71112,0.09595,0.00071,0.00014,
24.016,5.09750,0.01903,1.18776,1.71112,0.09700,0.00071,0.00014,
24.017,5.09750,0.01798,2.09504,0.00326,0.09167,0.00071,0.00014,
24.018,5.09625,0.01903,1.52767,1.84315,0.09697,0.00071,0.00014,
24.019,5.09750,0.01903,1.90184,2.98930,0.09700,0.00071,0.00014,
24.020,5.09875,0.01777,1.16735,1.71109,0.09062,0.00071,0.00014,
24.021,5.09875,0.01798,2.47573,1.64913,0.09169,0.00071,0.00014,
24.022,5.09750,0.01798,2.00129,1.21219,0.09167,0.00071,0.00014,
24.023,5.09625,0.01756,0.55433,1.00432,0.08951,0.00071,0.00014,
24.024,5.10250,0.01861,0.44346,1.11274,0.09496,0.00071,0.00014,
24.025,5.09500,0.01798,2.65426,0.74835,0.09162,0.00071,0.00014,
24.026,5.09875,0.01861,1.58718,1.37441,0.09489,0.00071,0.00014,
24.027,5.10125,0.01798,1.58718,1.37441,0.09173,0.00071,0.00014,
24.028,5.10000,0.01736,0.60241,1.37846,0.08851,0.00071,0.00014,
24.029,5.09625,0.01777,1.35971,0.76953,0.09058,0.00071,0.00014,
24.030,5.09625,0.01819,1.64584,1.85208,0.09271,0.00071,0.00014,
24.031,5.09500,0.01819,1.92218,0.00815,0.09269,0.00071,0.00014,
24.032,5.09750,0.01903,0.51193,1.13962,0.09700,0.00071,0.00014,
24.033,5.09750,0.01819,2.78138,1.56188,0.09273,0.00071,0.00014,
24.034,5.09750,0.01861,0.93012,1.90425,0.09486,0.00071,0.00014,
24.035,5.10000,0.01861,1.84963,0.89425,0.09491,0.00071,0.00014,
24.036,5.09875,0.01777,1.54231,0.03179,0.09062,0.00071,0.00014,
24.037,5.09625,0.01903,2.45857,1.62546,0.09697,0.00071,0.00014,
24.038,5.09750,0.01882,2.45857,1.62546,0.09593,0.00071,0.00014,
24.039,5.09750,0.01819,0.44998,1.46161,0.09273,0.00071,0.00014,
24.040,5.09625,0.01819,2.62813,2.81807,0.09271,0.00071,0.00014,
24.041,5.09750,0.01861,0.49400,1.08418,0.09486,0.00071,0.00014,
24.042,5.09875,0.01903,2.84008,2.27027,0.09702,0.00071,0.00014,
24.043,5.09875,0.01861,1.72491,2.80991,0.09489,0.00071,0.00014,
24.044,5.09625,0.01945,2.84904,2.50504,0.09910,0.00071,0.00014,
24.045,5.09750,0.01861,2.13984,0.72632,0.09486,0.00071,0.00014,
24.046,5.09875,0.01798,2.10968,0.03505,0.09169,0.00071,0.00014,
24.047,5.09875,0.01861,2.67133,2.44798,0.09489,0.00071,0.00014,
24.048,5.09750,0.01882,1.59530,1.51215,0.09593,0.00071,0.00014,
24.049,5.09750,0.01882,1.59530,1.51215,0.09593,0.00071,0.00014,
24.050,5.09750,0.01798,2.23440,0.00163,0.09167,0.00071,0.00014,
24.051,5.09750,0.01798,2.67785,2.83518,0.09167,0.00071,0.00014,
24.052,5.09750,0.01798,2.63628,1.86349,0.09167,0.00071,0.00014,
24.053,5.09875,0.01777,2.66074,2.21239,0.09062,0.00071,0.00014,
24.054,5.09875,0.01840,2.13087,2.94279,0.09382,0.00071,0.00014,
24.055,5.09625,0.01756,2.01104,0.03424,0.08951,0.00071,0.00014,
24.056,5.09750,0.01861,2.65584,2.53846,0.09486,0.00071,0.00014,
24.057,5.09750,0.01882,1.66296,1.90018,0.09593,0.00071,0.00014,
24.058,5.09750,0.01882,1.95887,1.17141,0.09593,0.00071,0.00014,
24.059,5.09875,0.01798,0.86164,1.40618,0.09169,0.00071,0.00014,
24.060,5.09625,0.01861,0.86164,1.40618,0.09484,0.00071,0.00014,
24.061,5.09750,0.01924,3.08301,0.08478,0.09806,0.00071,0.00014,
24.062,5.10000,0.01756,1.72410,1.66460,0.08958,0.00071,0.00014,
24.063,5.09625,0.01861,2.08115,1.36787,0.09484,0.00071,0.00014,
24.064,5.09875,0.01903,0.88855,1.24315,0.09702,0.00071,0.00014,
24.065,5.09625,0.01819,1.86513,0.08804,0.09271,0.00071,0.00014,
24.066,5.09625,0.01882,1.61079,1.85942,0.09591,0.00072,0.00014,
24.067,5.09625,0.01861,0.70595,1.80970,0.09484,0.00072,0.00014,
24.068,5.09625,0.01861,2.12110,1.07278,0.09484,0.00072,0.00014,
24.069,5.09500,0.01777,0.51601,0.96599,0.09056,0.00072,0.00014,
24.070,5.09625,0.01945,1.95317,0.00815,0.09910,0.00072,0.00014,
24.071,5.09750,0.01924,1.95317,0.00815,0.09806,0.00072,0.00014,
24.072,5.09875,0.01756,1.96052,2.73821,0.08956,0.00072,0.00014,
24.073,5.09875,0.01840,1.38989,1.67113,0.09382,0.00072,0.00014,
24.074,5.09750,0.01903,1.01817,0.56003,0.09700,0.00072,0.00014,
24.075,5.09750,0.01736,1.76161,0.36031,0.08847,0.00072,0.00014,
24.076,5.09750,0.01861,3.08303,0.09293,0.09486,0.00072,0.00014,
24.077,5.09875,0.01861,0.49400,1.05648,0.09489,0.00072,0.00014,
24.078,5.09625,0.01819,1.89123,2.26784,0.09271,0.00072,0.00014,
24.079,5.09750,0.01756,1.69966,1.92791,0.08953,0.00072,0.00014,
24.080,5.09625,0.01756,2.13252,2.94037,0.08951,0.00072,0.00014,
24.081,5.09500,0.01715,0.47281,1.02224,0.08736,0.00072,0.00014,
24.082,5.09875,0.01777,0.47281,1.02224,0.09062,0.00072,0.00014,
24.083,5.09875,0.01798,1.77142,2.79939,0.09169,0.00072,0.00014,
24.084,5.09625,0.01777,1.08666,1.77387,0.09058,0.00072,0.00014,
24.085,5.09625,0.01924,1.41029,1.97278,0.09804,0.00072,0.00014,
24.086,5.09750,0.01924,2.09179,0.00163,0.09806,0.00072,0.00014,
24.087,5.09625,0.01861,3.07003,0.02772,0.09484,0.00072,0.00014,
24.088,5.09875,0.01777,1.68583,2.61841,0.09062,0.00072,0.00014,
24.089,5.09625,0.01819,1.45920,0.00571,0.09271,0.00072,0.00014,
24.090,5.09625,0.01861,2.15619,1.47714,0.09484,0.00072,0.00014,
24.091,5.09750,0.01736,3.09286,0.44021,0.08847,0.00072,0.00014,
24.092,5.09500,0.01819,1.76572,2.65917,0.09269,0.00072,0.00014,
24.093,5.09875,0.01819,1.76572,2.65917,0.09275,0.00072,0.00014,
24.094,5.09625,0.01966,3.08717,0.22581,0.10017,0.00072,0.00014,
24.095,5.09625,0.01966,2.26381,1.76980,0.10017,0.00072,0.00014,
24.096,5.09625,0.01798,2.09018,0.00245,0.09164,0.00072,0.00014,
24.097,5.09875,0.01986,2.33392,0.00489,0.10128,0.00072,0.00014,
24.098,5.09750,0.01903,2.58093,2.08447,0.09700,0.00072,0.00014,
24.099,5.09750,0.01756,1.34590,0.00245,0.08953,0.00072,0.00014,
24.100,5.09625,0.01882,3.13689,0.00815,0.09591,0.00072,0.00014,
24.101,5.09875,0.01924,2.37224,0.00408,0.09809,0.00072,0.00014,
24.102,5.09625,0.01756,2.02251,2.22631,0.08951,0.00072,0.00014,
24.103,5.09625,0.01840,0.66928,1.49671,0.09377,0.00072,0.00014,
24.104,5.09625,0.01840,0.66928,1.49671,0.09377,0.00072,0.00014,
24.105,5.09875,0.01798,2.31856,1.03862,0.09169,0.00072,0.00014,
24.106,5.09750,0.01777,1.29624,0.01630,0.09060,0.00072,0.00014,
24.107,5.09750,0.01736,0.91715,0.88209,0.08847,0.00072,0.00014,
24.108,5.09875,0.01798,1.52777,0.65627,0.09169,0.00072,0.00014,
24.109,5.09500,0.01736,3.05635,1.31254,0.08843,0.00072,0.00014,
24.110,5.09625,0.01777,1.39325,0.00326,0.09058,0.00072,0.00014,
24.111,5.09625,0.01694,1.63620,0.00245,0.08632,0.00072,0.00014,
24.112,5.09625,0.01903,0.53480,1.17151,0.09697,0.00072,0.00014,
24.113,5.09500,0.01903,3.18435,0.00734,0.09695,0.00072,0.00014,
24.114,5.09875,0.01798,2.05849,0.00652,0.09169,0.00072,0.00014,
24.115,5.09750,0.01840,2.05849,0.00652,0.09380,0.00072,0.00014,
24.116,5.09750,0.01903,0.89188,1.76501,0.09700,0.00072,0.00014,
24.117,5.09750,0.01966,2.03567,2.16856,0.10019,0.00072,0.00014,
24.118,5.09750,0.01777,1.14216,1.46663,0.09060,0.00072,0.00014,
24.119,5.09625,0.01903,2.99033,0.97422,0.09697,0.00072,0.00014,
24.120,5.09500,0.01882,1.55142,0.00815,0.09588,0.00072,0.00014,
24.121,5.09500,0.01798,2.99685,0.94976,0.09162,0.00072,0.00014,
24.122,5.09500,0.01798,0.87068,1.20412,0.09162,0.00072,0.00014,
24.123,5.09625,0.01777,0.63508,2.08296,0.09058,0.00072,0.00014,
24.124,5.09750,0.01840,1.74218,0.00734,0.09380,0.00072,0.00014,
24.125,5.09750,0.01694,1.69164,0.14838,0.08634,0.00072,0.00014,
24.126,5.09750,0.01777,1.69164,0.14838,0.09060,0.00072,0.00014,
24.127,5.09375,0.01798,3.09007,0.27150,0.09160,0.00072,0.00014,
24.128,5.09750,0.01903,1.70402,1.13819,0.09700,0.00072,0.00014,
24.129,5.09625,0.01777,3.05583,1.39991,0.09058,0.00072,0.00014,
24.130,5.09625,0.01861,1.51650,0.00815,0.09484,0.00072,0.00014,
24.131,5.09750,0.01861,2.14185,0.00734,0.09486,0.00072,0.00014,
24.132,5.09875,0.01777,2.18995,0.00326,0.09062,0.00072,0.00014,
24.133,5.09750,0.01798,1.94617,1.41540,0.09167,0.00072,0.00014,
24.134,5.09750,0.01777,2.17854,0.00326,0.09060,0.00072,0.00014,
24.135,5.09750,0.01840,0.96860,1.27272,0.09380,0.00072,0.00014,
24.136,5.09875,0.01777,3.06072,1.48796,0.09062,0.00072,0.00014,
24.137,5.09875,0.01798,3.06072,1.48796,0.09169,0.00072,0.00014,
24.138,5.09625,0.01861,3.08925,0.00978,0.09484,0.00072,0.00014,
24.139,5.09625,0.01798,3.07132,0.02691,0.09164,0.00072,0.00014,
24.140,5.09750,0.01798,1.11047,0.32205,0.09167,0.00072,0.00014,
24.141,5.09625,0.01756,0.64084,1.46921,0.08951,0.00072,0.00014,
24.142,5.09750,0.01882,1.66407,2.90336,0.09593,0.00072,0.00014,
24.143,5.09875,0.01924,2.05461,0.00000,0.09809,0.00072,0.00014,
24.144,5.09625,0.01798,1.68772,0.00489,0.09164,0.00072,0.00014,
24.145,5.09375,0.01882,2.90988,2.09130,0.09586,0.00072,0.00014,
24.146,5.09750,0.01903,1.81491,1.88747,0.09700,0.00072,0.00014,
24.147,5.09750,0.01798,1.49530,1.67875,0.09167,0.00072,0.00014,
24.148,5.09750,0.01945,1.49530,1.67875,0.09913,0.00072,0.00014,
24.149,5.10000,0.01945,3.04765,0.99142,0.09918,0.00072,0.00014,
24.150,5.09750,0.01736,3.04765,0.99142,0.08847,0.00072,0.00014,
24.151,5.09625,0.01756,1.56296,1.40071,0.08951,0.00072,0.00014,
24.152,5.09625,0.01777,3.09412,0.47777,0.09058,0.00072,0.00014,
24.153,5.09875,0.01861,1.93067,2.98976,0.09489,0.00072,0.00014,
24.154,5.09625,0.01798,1.06073,0.46718,0.09164,0.00072,0.00014,
24.155,5.09625,0.01819,0.94577,1.23439,0.09271,0.00072,0.00014,
24.156,5.10000,0.01673,0.80553,1.55725,0.08531,0.00072,0.00014,
24.157,5.10000,0.01903,3.07292,0.01957,0.09704,0.00072,0.00014,
24.158,5.09625,0.01903,1.32081,1.42436,0.09697,0.00072,0.00014,
24.159,5.10000,0.01840,3.06966,0.02446,0.09384,0.00072,0.00014,
24.160,5.09500,0.01777,3.06966,0.02446,0.09056,0.00072,0.00014,
24.161,5.09750,0.01945,3.09889,0.50303,0.09913,0.00072,0.00014,
24.162,5.09750,0.01861,0.63429,1.03867,0.09486,0.00072,0.00014,
24.163,5.09750,0.01798,2.68228,2.47031,0.09167,0.00072,0.00014,
24.164,5.09625,0.01903,1.54496,1.73411,0.09697,0.00072,0.00014,
24.165,5.09875,0.01966,2.14093,1.18379,0.10022,0.00072,0.00014,
24.166,5.09875,0.01819,2.84044,0.00978,0.09275,0.00072,0.00014,
24.167,5.09750,0.01819,1.67459,1.90939,0.09273,0.00072,0.00014,
24.168,5.09625,0.01903,1.70394,0.00163,0.09697,0.00072,0.00014,
24.169,5.09750,0.01903,1.73248,2.80131,0.09700,0.00072,0.00014,
24.170,5.09875,0.01840,1.32728,0.00489,0.09382,0.00072,0.00014,
24.171,5.09875,0.01882,1.32728,0.00489,0.09595,0.00072,0.00014,
24.172,5.09750,0.01924,3.09209,1.38097,0.09806,0.00072,0.00014,
24.173,5.09750,0.01819,0.77771,1.62227,0.09273,0.00072,0.00014,
24.174,5.09750,0.01840,2.65514,2.20596,0.09380,0.00072,0.00014,
24.175,5.09750,0.01924,1.07771,0.14674,0.09806,0.00072,0.00014,
24.176,5.09875,0.01924,1.60107,1.80080,0.09809,0.00072,0.00014,
24.177,5.09500,0.01798,1.53422,0.00489,0.09162,0.00072,0.00014,
24.178,5.09500,0.01819,1.37118,0.00326,0.09269,0.00072,0.00014,
24.179,5.09750,0.01903,2.51085,2.01112,0.09700,0.00072,0.00014,
24.180,5.09625,0.01840,1.95813,0.00245,0.09377,0.00072,0.00014,
24.181,5.09500,0.01736,2.61112,2.14074,0.08843,0.00072,0.00014,
24.182,5.09750,0.01819,2.61112,2.14074,0.09273,0.00072,0.00014,
24.183,5.09750,0.01798,3.08092,0.10351,0.09167,0.00072,0.00014,
24.184,5.09750,0.01882,2.96111,2.69214,0.09593,0.00072,0.00014,
24.185,5.09750,0.01882,0.70910,2.05965,0.09593,0.00072,0.00014,
24.186,5.10000,0.01777,2.09715,1.40027,0.09064,0.00072,0.00014,
24.187,5.09625,0.01986,2.15013,0.00815,0.10123,0.00072,0.00014,
24.188,5.10000,0.01966,2.08574,0.00652,0.10024,0.00072,0.00014,
24.189,5.10000,0.01840,3.08989,0.45399,0.09384,0.00072,0.00014,
24.190,5.09750,0.01798,2.07514,0.00571,0.09167,0.00072,0.00014,
24.191,5.09750,0.01903,3.06462,0.01223,0.09700,0.00072,0.00014,
24.192,5.09750,0.01777,3.08011,0.11737,0.09060,0.00072,0.00014,
24.193,5.09750,0.01819,3.08011,0.11737,0.09273,0.00072,0.00014,
24.194,5.09750,0.01903,3.09067,0.23066,0.09700,0.00072,0.00014,
24.195,5.09750,0.01903,2.05637,0.09699,0.09700,0.00072,0.00014,
24.196,5.09750,0.01819,2.39951,0.00489,0.09273,0.00072,0.00014,
24.197,5.09625,0.01840,1.06527,2.31719,0.09377,0.00072,0.00014,
24.198,5.09750,0.01798,3.09067,0.78734,0.09167,0.00072,0.00014,
24.199,5.09875,0.01756,1.68879,1.89173,0.08956,0.00072,0.00014,
24.200,5.09750,0.01840,0.58928,1.33505,0.09380,0.00072,0.00014,
24.201,5.09750,0.01861,1.86973,0.00326,0.09486,0.00072,0.00014,
24.202,5.09875,0.01840,3.18440,0.00652,0.09382,0.00072,0.00014,
24.203,5.09875,0.01840,3.07682,0.12470,0.09382,0.00072,0.00014,
24.204,5.09625,0.01840,3.07682,0.12470,0.09377,0.00072,0.00014,
24.205,5.09750,0.01966,1.90719,1.37986,0.10019,0.00072,0.00014,
24.206,5.09875,0.01966,2.20142,0.00163,0.10022,0.00072,0.00014,
24.207,5.09875,0.01777,3.07759,0.06765,0.09062,0.00072,0.00014,
24.208,5.09500,0.01756,3.08737,0.70827,0.08949,0.00072,0.00014,
24.209,5.10250,0.01882,1.74908,0.00163,0.09602,0.00072,0.00014,
24.210,5.09750,0.01777,3.10123,0.01223,0.09060,0.00072,0.00014,
24.211,5.09875,0.01777,1.41654,0.06439,0.09062,0.00072,0.00014,
24.212,5.09875,0.01861,1.72300,0.00489,0.09489,0.00072,0.00014,
24.213,5.09500,0.01861,1.97158,0.32113,0.09482,0.00072,0.00014,
24.214,5.09625,0.01840,3.08167,1.73359,0.09377,0.00072,0.00014,
24.215,5.09625,0.01903,3.08167,1.73359,0.09697,0.00072,0.00014,
24.216,5.09625,0.01798,3.09227,0.77185,0.09164,0.00072,0.00014,
24.217,5.09625,0.01840,3.08575,0.29016,0.09377,0.00072,0.00014,
24.218,5.10000,0.01945,3.06374,0.01630,0.09918,0.00072,0.00014,
24.219,5.09750,0.01756,1.07341,1.39209,0.08953,0.00072,0.00014,
24.220,5.09500,0.01903,0.85498,1.05059,0.09695,0.00072,0.00014,
24.221,5.09500,0.01966,1.36601,0.00815,0.10014,0.00072,0.00014,
24.222,5.09750,0.01966,1.53472,0.00163,0.10019,0.00072,0.00014,
24.223,5.09875,0.01798,3.08168,0.28119,0.09169,0.00072,0.00014,
24.224,5.09500,0.01861,3.11672,0.01060,0.09482,0.00072,0.00014,
24.225,5.09875,0.01861,1.65128,0.15160,0.09489,0.00072,0.00014,
24.226,5.09750,0.01673,1.65128,0.15160,0.08527,0.00072,0.00014,
24.227,5.09625,0.01777,1.93247,2.74751,0.09058,0.00072,0.00014,
24.228,5.09750,0.01819,0.81097,1.17285,0.09273,0.00072,0.00014,
24.229,5.09875,0.01756,3.08657,0.40426,0.08956,0.00072,0.00014,
24.230,5.09875,0.01777,3.07923,1.70344,0.09062,0.00072,0.00014,
24.231,5.09750,0.01777,2.16231,0.00163,0.09060,0.00072,0.00014,
24.232,5.09500,0.01840,1.42062,0.00245,0.09375,0.00072,0.00014,
24.233,5.09875,0.01819,2.00663,0.01223,0.09275,0.00072,0.00014,
24.234,5.09625,0.01694,3.08983,0.82727,0.08632,0.00072,0.00014,
24.235,5.09625,0.01840,1.56896,0.02853,0.09377,0.00072,0.00014,
24.236,5.09500,0.01840,0.74658,1.49805,0.09375,0.00072,0.00014,
24.237,5.09750,0.01798,0.74658,1.49805,0.09167,0.00072,0.00014,
24.238,5.09875,0.01777,0.57705,0.93893,0.09062,0.00072,0.00014,
24.239,5.09875,0.01840,0.53793,1.21686,0.09382,0.00072,0.00014,
24.240,5.09875,0.01840,0.69523,1.08075,0.09382,0.00072,0.00014,
24.241,5.09625,0.01715,2.80783,1.87460,0.08738,0.00072,0.00014,
24.242,5.09625,0.01882,3.07435,0.06765,0.09591,0.00072,0.00014,
24.243,5.09750,0.01798,3.07354,0.08232,0.09167,0.00072,0.00014,
24.244,5.09625,0.01861,1.57874,0.00326,0.09484,0.00072,0.00014,
24.245,5.09875,0.01736,3.09310,1.07586,0.08849,0.00072,0.00014,
24.246,5.09875,0.01924,2.15417,1.03755,0.09809,0.00072,0.00014,
24.247,5.09625,0.01819,2.23241,0.00000,0.09271,0.00072,0.00014,
24.248,5.09625,0.01819,2.23241,0.00000,0.09271,0.00072,0.00014,
24.249,5.09625,0.01819,3.09310,0.53793,0.09271,0.00072,0.00014,
24.250,5.09750,0.01903,1.58608,2.83799,0.09700,0.00072,0.00014,
24.251,5.09625,0.01882,1.81022,0.00326,0.09591,0.00072,0.00014,
24.252,5.09750,0.01777,2.54457,0.00489,0.09060,0.00072,0.00014,
24.253,5.09875,0.01819,3.09065,0.46050,0.09275,0.00072,0.00014,
24.254,5.09500,0.01840,2.31799,1.48012,0.09375,0.00072,0.00014,
24.255,5.09875,0.01777,1.48746,1.93818,0.09062,0.00072,0.00014,
24.256,5.09750,0.01777,2.02050,0.00245,0.09060,0.00072,0.00014,
24.257,5.09750,0.01861,1.81592,1.95448,0.09486,0.00072,0.00014,
24.258,5.09875,0.01861,0.97398,2.27724,0.09489,0.00072,0.00014,
24.259,5.09500,0.01777,0.97398,2.27724,0.09056,0.00072,0.00014,
24.260,5.09750,0.01715,1.46790,0.00163,0.08740,0.00072,0.00014,
24.261,5.10125,0.01756,2.57800,2.09468,0.08960,0.00072,0.00014,
24.262,5.09625,0.01819,0.36677,1.78577,0.09271,0.00072,0.00014,
24.263,5.09750,0.01798,2.82903,1.76784,0.09167,0.00072,0.00014,
24.264,5.09500,0.01777,3.18440,0.00571,0.09056,0.00072,0.00014,
24.265,5.09875,0.01882,1.03185,1.57712,0.09595,0.00072,0.00014,
24.266,5.09875,0.01882,3.06947,0.04075,0.09595,0.00072,0.00014,
24.267,5.10125,0.01882,0.95768,1.53881,0.09600,0.00072,0.00014,
24.268,5.09875,0.01819,3.09800,0.00734,0.09275,0.00072,0.00014,
24.269,5.09750,0.01924,0.90226,0.91774,0.09806,0.00072,0.00014,
24.270,5.09750,0.01840,0.90226,0.91774,0.09380,0.00072,0.00014,
24.271,5.09750,0.01840,3.09149,1.07913,0.09380,0.00072,0.00014,
24.272,5.10000,0.01903,2.39625,0.00245,0.09704,0.00072,0.00014,
24.273,5.09750,0.01924,3.08334,1.70753,0.09806,0.00072,0.00014,
24.274,5.09750,0.01798,3.18929,0.00652,0.09167,0.00072,0.00014,
24.275,5.09750,0.01924,1.92270,0.11900,0.09806,0.00072,0.00014,
24.276,5.09875,0.01924,3.07600,0.09455,0.09809,0.00072,0.00014,
24.277,5.09750,0.01882,0.85254,2.41744,0.09593,0.00072,0.00014,
24.278,5.09500,0.01840,2.35387,2.91381,0.09375,0.00072,0.00014,
24.279,5.09625,0.01945,1.40515,0.00245,0.09910,0.00072,0.00014,
24.280,5.09875,0.01736,0.84602,1.19894,0.08849,0.00072,0.00014,
24.281,5.09875,0.01798,0.84602,1.19894,0.09169,0.00072,0.00014,
24.282,5.09750,0.01777,3.07440,0.03097,0.09060,0.00072,0.00014,
24.283,5.09875,0.01715,1.51519,0.76208,0.08742,0.00072,0.00014,
24.284,5.09875,0.01882,2.15175,0.00734,0.09595,0.00072,0.00014,
24.285,5.09875,0.01882,1.23400,1.62849,0.09595,0.00072,0.00014,
24.286,5.09625,0.01840,3.07440,0.11411,0.09377,0.00072,0.00014,
24.287,5.09750,0.01819,3.07114,0.02282,0.09273,0.00072,0.00014,
24.288,5.09750,0.01903,3.14205,0.00734,0.09700,0.00072,0.00014,
24.289,5.09625,0.01840,2.31151,0.00245,0.09377,0.00072,0.00014,
24.290,5.09875,0.01777,1.23237,1.53476,0.09062,0.00072,0.00014,
24.291,5.09625,0.01945,3.06870,0.02771,0.09910,0.00072,0.00014,
24.292,5.10125,0.01819,3.06870,0.02771,0.09280,0.00072,0.00014,
24.293,5.10125,0.01756,1.58773,0.15894,0.08960,0.00072,0.00014,
24.294,5.09625,0.01861,2.30417,0.00326,0.09484,0.00072,0.00014,
24.295,5.09625,0.01861,1.19977,1.05795,0.09484,0.00072,0.00014,
24.296,5.09750,0.01903,3.07848,0.15894,0.09700,0.00072,0.00014,
24.297,5.09625,0.01819,3.09152,0.59581,0.09271,0.00072,0.00014,
24.298,5.09625,0.01777,3.19421,0.00652,0.09058,0.00072,0.00014,
24.299,5.09500,0.01840,2.27972,0.00326,0.09375,0.00072,0.00014,
24.300,5.09500,0.01777,1.59670,1.83959,0.09056,0.00072,0.00014,
24.301,5.09875,0.01673,0.60559,2.09959,0.08529,0.00072,0.00014,
24.302,5.09875,0.01819,3.07195,0.02853,0.09275,0.00072,0.00014,
24.303,5.09625,0.01819,3.07195,0.02853,0.09271,0.00072,0.00014,
24.304,5.09750,0.01798,0.51512,1.22178,0.09167,0.00072,0.00014,
24.305,5.09625,0.01777,1.17939,1.28046,0.09058,0.00072,0.00014,
24.306,5.09625,0.01819,0.38634,1.72874,0.09271,0.00072,0.00014,
24.307,5.09625,0.01986,3.07848,0.11492,0.10123,0.00072,0.00014,
24.308,5.09750,0.01694,3.08582,1.01393,0.08634,0.00072,0.00014,
24.309,5.10125,0.01840,0.94547,1.24052,0.09387,0.00072,0.00014,
24.310,5.10000,0.01840,3.08745,0.40835,0.09384,0.00072,0.00014,
24.311,5.10000,0.01756,3.07359,0.08477,0.08958,0.00072,0.00014,
24.312,5.09500,0.01756,3.07359,0.08477,0.08949,0.00072,0.00014,
24.313,5.09500,0.01777,3.07196,0.05624,0.09056,0.00072,0.00014,
24.314,5.09500,0.01819,2.35471,2.56825,0.09269,0.00072,0.00014,
24.315,5.09750,0.01861,2.35471,2.56825,0.09486,0.00072,0.00014,
24.316,5.09750,0.01882,1.69207,0.04809,0.09593,0.00072,0.00014,
24.317,5.09750,0.01777,2.45008,2.53973,0.09060,0.00072,0.00014,
24.318,5.09875,0.01924,3.09071,0.33092,0.09809,0.00072,0.00014,
24.319,5.09625,0.01840,3.17630,0.00815,0.09377,0.00072,0.00014,
24.320,5.09625,0.01819,2.14280,2.82419,0.09271,0.00072,0.00014,
24.321,5.09625,0.01819,3.07115,0.02119,0.09271,0.00072,0.00014,
24.322,5.09750,0.01882,3.06545,0.01549,0.09593,0.00072,0.00014,
24.323,5.09750,0.01903,3.07034,0.03505,0.09700,0.00072,0.00014,
24.324,5.09750,0.01798,1.52824,0.00245,0.09167,0.00072,0.00014,
24.325,5.09750,0.01924,2.60412,1.23319,0.09806,0.00072,0.00014,
24.326,5.09625,0.01819,2.60412,1.23319,0.09271,0.00072,0.00014,
24.327,5.10000,0.01840,2.67910,2.47615,0.09384,0.00072,0.00014,
24.328,5.09875,0.01840,1.40272,0.00326,0.09382,0.00072,0.00014,
24.329,5.09875,0.01861,0.83054,1.12478,0.09489,0.00072,0.00014,
24.330,5.09750,0.01861,1.74749,0.00163,0.09486,0.00072,0.00014,
24.331,5.09750,0.01819,3.09070,0.36841,0.09273,0.00072,0.00014,
24.332,5.09500,0.01777,2.24304,1.71325,0.09056,0.00072,0.00014,
24.333,5.09875,0.01882,0.95199,1.22992,0.09595,0.00072,0.00014,
24.334,5.09625,0.01736,0.48985,1.05306,0.08845,0.00072,0.00014,
24.335,5.09625,0.01840,2.64649,0.73681,0.09377,0.00072,0.00014,
24.336,5.09625,0.01882,1.87382,1.49808,0.09591,0.00072,0.00014,
24.337,5.09750,0.01736,1.87382,1.49808,0.08847,0.00072,0.00014,
24.338,5.09875,0.01777,1.25843,1.20464,0.09062,0.00072,0.00014,
24.339,5.09875,0.01777,0.77674,1.12884,0.09062,0.00072,0.00014,
24.340,5.09750,0.01882,1.78413,0.00571,0.09593,0.00072,0.00014,
24.341,5.09500,0.01819,2.35955,2.61140,0.09269,0.00072,0.00014,
24.342,5.09750,0.01736,3.09146,0.32194,0.08847,0.00072,0.00014,
24.343,5.09750,0.01798,3.06375,1.45241,0.09167,0.00072,0.00014,
24.344,5.09625,0.01777,2.76300,0.00082,0.09058,0.00072,0.00014,
24.345,5.09625,0.01966,1.53717,0.03097,0.10017,0.00072,0.00014,
24.346,5.09250,0.01840,1.93492,1.98056,0.09371,0.00072,0.00014,
24.347,5.09875,0.01903,3.05071,1.14921,0.09702,0.00072,0.00014,
24.348,5.09875,0.01903,3.05071,1.14921,0.09702,0.00072,0.00014,
24.349,5.09875,0.01903,2.51107,1.81097,0.09702,0.00072,0.00014,
24.350,5.09875,0.01798,1.73517,0.00571,0.09169,0.00072,0.00014,
24.351,5.09500,0.01861,3.06773,0.02445,0.09482,0.00072,0.00014,
24.352,5.09750,0.01861,1.63819,0.00489,0.09486,0.00072,0.00014,
24.353,5.09625,0.01736,3.09381,0.45886,0.08845,0.00072,0.00014,
24.354,5.09750,0.01903,3.08810,0.63327,0.09700,0.00072,0.00014,
24.355,5.09875,0.01798,2.50863,1.37086,0.09169,0.00072,0.00014,
24.356,5.09750,0.01715,1.80771,0.00652,0.08740,0.00072,0.00014,
24.357,5.09750,0.01798,1.99761,0.00652,0.09167,0.00072,0.00014,
24.358,5.09625,0.01798,2.29428,1.43688,0.09164,0.00072,0.00014,
24.359,5.09750,0.01777,2.29428,1.43688,0.09060,0.00072,0.00014,
24.360,5.09500,0.01777,2.03103,2.19892,0.09056,0.00072,0.00014,
24.361,5.09750,0.01756,2.07667,0.00163,0.08953,0.00072,0.00014,
24.362,5.09750,0.01798,3.08729,0.52080,0.09167,0.00072,0.00014,
24.363,5.09750,0.01840,0.90875,0.55829,0.09380,0.00072,0.00014,
24.364,5.09750,0.01756,2.46788,2.97156,0.08953,0.00072,0.00014,
24.365,5.09750,0.01715,1.99272,1.36190,0.08740,0.00072,0.00014,
24.366,5.09750,0.01903,3.07507,0.06194,0.09700,0.00072,0.00014,
24.367,5.09500,0.01903,1.49719,0.00571,0.09695,0.00072,0.00014,
24.368,5.09500,0.01798,0.91934,2.26005,0.09162,0.00072,0.00014,
24.369,5.09625,0.01819,2.85257,1.66345,0.09271,0.00072,0.00014,
24.370,5.09875,0.01882,2.85257,1.66345,0.09595,0.00072,0.00014,
24.371,5.09875,0.01882,1.21439,2.38640,0.09595,0.00072,0.00014,
24.372,5.09625,0.01819,1.96666,2.98381,0.09271,0.00072,0.00014,
24.373,5.09750,0.01903,3.05635,0.01141,0.09700,0.00072,0.00014,
24.374,5.09750,0.01945,0.48005,1.63087,0.09913,0.00072,0.00014,
24.375,5.09750,0.01798,2.39047,1.57871,0.09167,0.00072,0.00014,
24.376,5.09750,0.01798,3.07183,0.04401,0.09167,0.00072,0.00014,
24.377,5.09750,0.01861,1.54366,0.00408,0.09486,0.00072,0.00014,
24.378,5.09875,0.01945,1.60560,1.74253,0.09915,0.00072,0.00014,
24.379,5.09750,0.01798,3.08569,1.36680,0.09167,0.00072,0.00014,
24.380,5.09750,0.01694,3.06287,0.01712,0.08634,0.00072,0.00014,
24.381,5.10000,0.01819,3.06287,0.01712,0.09278,0.00072,0.00014,
24.382,5.09625,0.01903,2.01477,0.00082,0.09697,0.00072,0.00014,
24.383,5.09625,0.01798,3.06046,0.00408,0.09164,0.00072,0.00014,
24.384,5.09625,0.01777,2.82084,1.79389,0.09058,0.00072,0.00014,
24.385,5.09750,0.01777,2.57959,0.81993,0.09060,0.00072,0.00014,
24.386,5.09750,0.01861,1.85584,0.00245,0.09486,0.00072,0.00014,
24.387,5.09750,0.01861,2.97162,1.05466,0.09486,0.00072,0.00014,
24.388,5.09875,0.01777,1.58198,1.02124,0.09062,0.00072,0.00014,
24.389,5.09875,0.01903,3.08002,0.14182,0.09702,0.00072,0.00014,
24.390,5.10000,0.01882,3.05475,1.67490,0.09598,0.00072,0.00014,
24.391,5.09625,0.01777,0.75961,0.84193,0.09058,0.00072,0.00014,
24.392,5.09625,0.01882,0.75961,0.84193,0.09591,0.00072,0.00014,
24.393,5.09625,0.01924,2.42557,1.66432,0.09804,0.00072,0.00014,
24.394,5.09625,0.01819,2.47366,2.69046,0.09271,0.00072,0.00014,
24.395,5.09625,0.01819,1.23153,1.34482,0.09271,0.00072,0.00014,
24.396,5.09875,0.01903,3.15096,0.00734,0.09702,0.00072,0.00014,
24.397,5.09750,0.01903,0.63736,1.71485,0.09700,0.00072,0.00014,
24.398,5.09750,0.01819,2.48914,2.97002,0.09273,0.00072,0.00014,
24.399,5.09875,0.01777,2.35466,1.85097,0.09062,0.00072,0.00014,
24.400,5.09500,0.01882,3.08494,0.26570,0.09588,0.00072,0.00014,
24.401,5.09750,0.01840,3.06457,0.01386,0.09380,0.00072,0.00014,
24.402,5.09750,0.01756,3.08576,0.19072,0.08953,0.00072,0.00014,
24.403,5.09625,0.01756,3.08576,0.19072,0.08951,0.00072,0.00014,
24.404,5.09625,0.01861,1.63912,0.40428,0.09484,0.00072,0.00014,
24.405,5.09750,0.01861,2.75822,1.48344,0.09486,0.00072,0.00014,
24.406,5.09625,0.01715,3.07529,0.11656,0.08738,0.00072,0.00014,
24.407,5.09750,0.01798,1.25929,0.03912,0.09167,0.00072,0.00014,
24.408,5.09750,0.01882,3.09240,0.33011,0.09593,0.00072,0.00014,
24.409,5.09875,0.01736,1.69862,2.61477,0.08849,0.00072,0.00014,
24.410,5.09750,0.01840,3.08507,0.24941,0.09380,0.00072,0.00014,
24.411,5.09750,0.01903,3.07040,0.03505,0.09700,0.00072,0.00014,
24.412,5.09750,0.01903,1.84452,0.00408,0.09700,0.00072,0.00014,
24.413,5.09500,0.01861,2.10535,2.40855,0.09482,0.00072,0.00014,
24.414,5.09625,0.01882,2.10535,2.40855,0.09591,0.00072,0.00014,
24.415,5.10125,0.01756,2.00223,2.23539,0.08960,0.00072,0.00014,
24.416,5.09875,0.01882,0.52175,0.93263,0.09595,0.00072,0.00014,
24.417,5.09750,0.01840,1.55548,0.00489,0.09380,0.00072,0.00014,
24.418,5.09625,0.01861,0.97747,1.57912,0.09484,0.00072,0.00014,
24.419,5.09750,0.01861,3.08324,0.22908,0.09486,0.00072,0.00014,
24.420,5.09750,0.01903,2.92100,1.32639,0.09700,0.00072,0.00014,
24.421,5.09875,0.01903,3.13134,0.00734,0.09702,0.00072,0.00014,
24.422,5.09875,0.01798,1.67695,0.00571,0.09169,0.00072,0.00014,
24.423,5.09750,0.01903,0.57882,1.25791,0.09700,0.00072,0.00014,
24.424,5.09625,0.01861,0.51523,1.16579,0.09484,0.00072,0.00014,
24.425,5.09625,0.01756,0.51523,1.16579,0.08951,0.00072,0.00014,
24.426,5.09750,0.01861,2.22804,2.50115,0.09486,0.00072,0.00014,
24.427,5.09500,0.01903,2.62996,2.17505,0.09695,0.00072,0.00014,
24.428,5.09875,0.01798,3.05551,1.29704,0.09169,0.00072,0.00014,
24.429,5.09875,0.01924,3.09220,0.71904,0.09809,0.00072,0.00014,
24.430,5.09750,0.01924,2.62506,2.69110,0.09806,0.00072,0.00014,
24.431,5.09875,0.01882,3.07181,0.06196,0.09595,0.00072,0.00014,
24.432,5.09625,0.01861,0.59268,1.36389,0.09484,0.00072,0.00014,
24.433,5.09750,0.01924,3.18432,0.01304,0.09806,0.00072,0.00014,
24.434,5.09875,0.01840,2.93241,1.27014,0.09382,0.00072,0.00014,
24.435,5.09625,0.01756,2.85252,1.83347,0.08951,0.00072,0.00014,
24.436,5.09875,0.01777,2.85252,1.83347,0.09062,0.00072,0.00014,
24.437,5.09625,0.01819,2.76610,2.06826,0.09271,0.00072,0.00014,
24.438,5.09625,0.01777,2.57126,0.69295,0.09058,0.00072,0.00014,
24.439,5.09500,0.01777,1.84244,0.90002,0.09056,0.00072,0.00014,
24.440,5.09875,0.01715,3.07590,0.12473,0.08742,0.00072,0.00014,
24.441,5.09625,0.01798,1.94190,2.29816,0.09164,0.00072,0.00014,
24.442,5.09625,0.01840,2.92671,1.29949,0.09377,0.00072,0.00014,
24.443,5.09625,0.01819,0.67828,0.76632,0.09271,0.00072,0.00014,
24.444,5.09750,0.01861,0.55599,2.05603,0.09486,0.00072,0.00014,
24.445,5.09875,0.01945,2.19625,0.41740,0.09915,0.00072,0.00014,
24.446,5.09875,0.01840,2.20114,1.12748,0.09382,0.00072,0.00014,
24.447,5.09875,0.01777,2.20114,1.12748,0.09062,0.00072,0.00014,
24.448,5.09750,0.01777,3.20062,0.00734,0.09060,0.00072,0.00014,
24.449,5.09875,0.01840,3.09138,0.55273,0.09382,0.00072,0.00014,
24.450,5.09750,0.01945,1.76091,1.41281,0.09913,0.00072,0.00014,
24.451,5.09875,0.01819,0.47936,1.53102,0.09275,0.00073,0.00014,
24.452,5.09875,0.01777,1.75928,0.00326,0.09062,0.00073,0.00014,
24.453,5.09750,0.01840,2.74654,2.16527,0.09380,0.00073,0.00014,
24.454,5.09625,0.01798,3.06040,0.01875,0.09164,0.00073,0.00014,
24.455,5.09500,0.01777,2.70577,2.30468,0.09056,0.00073,0.00014,
24.456,5.09500,0.01798,3.09057,0.34240,0.09162,0.00073,0.00014,
24.457,5.09875,0.01798,3.06774,0.01630,0.09169,0.00073,0.00014,
24.458,5.09875,0.01840,3.06774,0.01630,0.09382,0.00073,0.00014,
24.459,5.09625,0.01736,1.44134,1.09405,0.08845,0.00073,0.00014,
24.460,5.09750,0.01798,3.06285,0.01467,0.09167,0.00073,0.00014,
24.461,5.09500,0.01882,3.05225,1.26525,0.09588,0.00073,0.00014,
24.462,5.09625,0.01840,0.75002,1.38020,0.09377,0.00073,0.00014,
24.463,5.09625,0.01840,1.01416,1.50819,0.09377,0.00073,0.00014,
24.464,5.09750,0.01903,0.55273,1.01579,0.09700,0.00073,0.00014,
24.465,5.09750,0.01924,2.76529,0.53480,0.09806,0.00073,0.00014,
24.466,5.09875,0.01924,3.08160,0.23968,0.09809,0.00073,0.00014,
24.467,5.09750,0.01798,3.07426,0.04565,0.09167,0.00073,0.00014,
24.468,5.09750,0.01903,0.43045,1.53591,0.09700,0.00073,0.00014,
24.469,5.09875,0.01924,0.43045,1.53591,0.09809,0.00073,0.00014,
24.470,5.09500,0.01736,1.50329,1.91580,0.08843,0.00073,0.00014,
24.471,5.09750,0.01777,3.07099,0.03342,0.09060,0.00073,0.00014,
24.472,5.09750,0.01840,1.43645,0.00326,0.09380,0.00073,0.00014,
24.473,5.09625,0.01777,1.09405,1.39487,0.09058,0.00073,0.00014,
24.474,5.09625,0.01798,1.09405,1.39487,0.09164,0.00073,0.00014,
24.475,5.09500,0.01798,1.02475,0.69947,0.09162,0.00073,0.00014,
24.476,5.10125,0.01819,2.49136,0.86904,0.09280,0.00073,0.00014,
24.477,5.09625,0.01882,1.32313,0.01060,0.09591,0.00073,0.00014,
24.478,5.09875,0.01903,3.08974,1.44541,0.09702,0.00073,0.00014,
24.479,5.09500,0.01840,1.60275,1.74460,0.09375,0.00073,0.00014,
24.480,5.09625,0.01903,3.09137,0.46061,0.09697,0.00073,0.00014,
24.481,5.09750,0.01903,3.09137,0.46061,0.09700,0.00073,0.00014,
24.482,5.09750,0.01819,2.33808,2.58917,0.09273,0.00073,0.00014,
24.483,5.09625,0.01945,1.11931,1.20409,0.09910,0.00073,0.00014,
24.484,5.09625,0.01945,3.04081,1.33779,0.09910,0.00073,0.00014,
24.485,5.09750,0.01903,1.44377,1.82448,0.09700,0.00073,0.00014,
24.486,5.09500,0.01736,3.04325,1.00029,0.08843,0.00073,0.00014,
24.487,5.09875,0.01861,3.07749,0.01304,0.09489,0.00073,0.00014,
24.488,5.09625,0.01861,2.81988,1.82530,0.09484,0.00073,0.00014,
24.489,5.09500,0.01694,3.09054,0.40109,0.08629,0.00073,0.00014,
24.490,5.09750,0.01882,3.12070,0.00897,0.09593,0.00073,0.00014,
24.491,5.09750,0.01798,1.58155,0.04402,0.09167,0.00073,0.00014,
24.492,5.09875,0.01715,1.58155,0.04402,0.08742,0.00073,0.00014,
24.493,5.09875,0.01736,1.26193,0.05299,0.08849,0.00073,0.00014,
24.494,5.09500,0.01756,1.37035,0.00652,0.08949,0.00073,0.00014,
24.495,5.09500,0.01756,2.66081,1.19101,0.08949,0.00073,0.00014,
24.496,5.09500,0.01861,3.18825,0.00408,0.09482,0.00073,0.00014,
24.497,5.09875,0.01777,3.08390,0.12554,0.09062,0.00073,0.00014,
24.498,5.09875,0.01798,3.07412,0.04402,0.09169,0.00073,0.00014,
24.499,5.09750,0.01903,2.35185,2.91923,0.09700,0.00073,0.00014,
24.500,5.09500,0.01861,0.97906,1.53747,0.09482,0.00073,0.00014,
24.501,5.09750,0.01777,0.53070,1.19101,0.09060,0.00073,0.00014,
24.502,5.09750,0.01924,3.07575,1.81056,0.09806,0.00073,0.00014,
24.503,5.09625,0.01924,3.07575,1.81056,0.09804,0.00073,0.00014,
24.504,5.09750,0.01882,1.27893,0.04809,0.09593,0.00073,0.00014,
24.505,5.10000,0.01798,2.88962,1.97668,0.09171,0.00073,0.00014,
24.506,5.09875,0.01882,3.09014,0.25921,0.09595,0.00073,0.00014,
24.507,5.09625,0.01882,0.80616,1.89843,0.09591,0.00073,0.00014,
24.508,5.09750,0.01840,3.07384,0.04809,0.09380,0.00073,0.00014,
24.509,5.09750,0.01840,3.09177,0.40593,0.09380,0.00073,0.00014,
24.510,5.09500,0.01736,3.09503,0.42468,0.08843,0.00073,0.00014,
24.511,5.09500,0.01924,0.70916,0.79230,0.09801,0.00073,0.00014,
24.512,5.09750,0.01924,1.29116,2.02803,0.09806,0.00073,0.00014,
24.513,5.09625,0.01715,1.58216,2.01010,0.08738,0.00073,0.00014,
24.514,5.09750,0.01756,1.58216,2.01010,0.08953,0.00073,0.00014,
24.515,5.09750,0.01736,2.60807,0.65202,0.08847,0.00073,0.00014,
24.516,5.09875,0.01840,3.08894,1.13207,0.09382,0.00073,0.00014,
24.517,5.09750,0.01840,0.51917,1.16711,0.09380,0.00073,0.00014,
24.518,5.09625,0.01840,2.06445,1.38391,0.09377,0.00073,0.00014,
24.519,5.10000,0.01715,0.88185,1.76615,0.08745,0.00073,0.00014,
24.520,5.10000,0.01736,3.09057,0.69195,0.08851,0.00073,0.00014,
24.521,5.09625,0.01736,0.94950,1.06116,0.08845,0.00073,0.00014,
24.522,5.10000,0.01777,1.80365,1.95524,0.09064,0.00073,0.00014,
24.523,5.09625,0.01819,1.73192,2.12069,0.09271,0.00073,0.00014,
24.524,5.09875,0.01736,3.08486,1.80202,0.08849,0.00073,0.00014,
24.525,5.09375,0.01756,3.08486,1.80202,0.08947,0.00073,0.00014,
24.526,5.09500,0.01840,1.52980,1.22906,0.09375,0.00073,0.00014,
24.527,5.09750,0.01736,3.07590,0.10514,0.08847,0.00073,0.00014,
24.528,5.09875,0.01777,0.98292,1.09702,0.09062,0.00073,0.00014,
24.529,5.09875,0.01840,1.19401,1.10354,0.09382,0.00073,0.00014,
24.530,5.09750,0.01840,3.08079,0.13937,0.09380,0.00073,0.00014,
24.531,5.09500,0.01861,0.63083,1.40429,0.09482,0.00073,0.00014,
24.532,5.09625,0.01777,0.80117,2.18753,0.09058,0.00073,0.00014,
24.533,5.09625,0.01924,3.08731,0.27711,0.09804,0.00073,0.00014,
24.534,5.09875,0.01882,2.89171,1.49557,0.09595,0.00073,0.00014,
24.535,5.09750,0.01777,2.13455,1.24454,0.09060,0.00073,0.00014,
24.536,5.10125,0.01903,2.13455,1.24454,0.09707,0.00073,0.00014,
24.537,5.09500,0.01861,1.69280,1.36027,0.09482,0.00073,0.00014,
24.538,5.09500,0.01840,2.45566,1.70829,0.09375,0.00073,0.00014,
24.539,5.09250,0.01840,1.03019,1.78164,0.09371,0.00073,0.00014,
24.540,5.09500,0.01861,3.06530,0.01630,0.09482,0.00073,0.00014,
24.541,5.10000,0.01840,1.35049,1.47193,0.09384,0.00073,0.00014,
24.542,5.09500,0.01715,0.98944,2.27554,0.08736,0.00073,0.00014,
24.543,5.09875,0.01819,2.16470,2.44996,0.09275,0.00073,0.00014,
24.544,5.09875,0.01777,2.15737,2.82568,0.09062,0.00073,0.00014,
24.545,5.09750,0.01819,1.02122,1.20542,0.09273,0.00073,0.00014,
24.546,5.09500,0.01840,1.65857,2.81916,0.09375,0.00073,0.00014,
24.547,5.09500,0.01777,1.65857,2.81916,0.09056,0.00073,0.00014,
24.548,5.09750,0.01777,1.26492,1.20461,0.09060,0.00073,0.00014,
24.549,5.09625,0.01798,3.08976,1.20624,0.09164,0.00073,0.00014,
24.550,5.09750,0.01840,0.90957,1.00656,0.09380,0.00073,0.00014,
24.551,5.09625,0.01798,1.49150,0.03586,0.09164,0.00073,0.00014,
24.552,5.09625,0.01882,1.65043,1.79713,0.09591,0.00073,0.00014,
24.553,5.09875,0.01882,0.50532,1.62190,0.09595,0.00073,0.00014,
24.554,5.09625,0.01798,3.09139,0.97070,0.09164,0.00073,0.00014,
24.555,5.09750,0.01882,2.95202,1.97399,0.09593,0.00073,0.00014,
24.556,5.09750,0.01840,2.39780,2.94061,0.09380,0.00073,0.00014,
24.557,5.09875,0.01840,1.02286,2.29430,0.09382,0.00073,0.00014,
24.558,5.09750,0.01756,1.02286,2.29430,0.08953,0.00073,0.00014,
24.559,5.09625,0.01966,0.92750,1.20135,0.10017,0.00073,0.00014,
24.560,5.09750,0.01924,3.06370,0.01386,0.09806,0.00073,0.00014,
24.561,5.09625,0.01777,0.41485,1.58686,0.09058,0.00073,0.00014,
24.562,5.09875,0.01903,0.83133,1.85256,0.09702,0.00073,0.00014,
24.563,5.09625,0.01924,1.59012,2.22585,0.09804,0.00073,0.00014,
24.564,5.09625,0.01819,1.58523,1.03101,0.09271,0.00073,0.00014,
24.565,5.09625,0.01882,3.08733,0.99841,0.09591,0.00073,0.00014,
24.566,5.09750,0.01882,0.58112,1.85990,0.09593,0.00073,0.00014,
24.567,5.09625,0.01861,2.94633,1.20135,0.09484,0.00073,0.00014,
24.568,5.09500,0.01819,1.35213,2.45324,0.09269,0.00073,0.00014,
24.569,5.09750,0.01819,1.35213,2.45324,0.09273,0.00073,0.00014,
24.570,5.09625,0.01861,3.03035,0.84765,0.09484,0.00073,0.00014,
24.571,5.09750,0.01777,3.08985,0.52978,0.09060,0.00073,0.00014,
24.572,5.09500,0.01777,0.54527,1.04489,0.09056,0.00073,0.00014,
24.573,5.09750,0.01819,2.68640,2.40521,0.09273,0.00073,0.00014,
24.574,5.09750,0.01861,1.42552,0.03668,0.09486,0.00073,0.00014,
24.575,5.10000,0.01861,1.30245,1.70997,0.09491,0.00073,0.00014,
24.576,5.09875,0.01861,1.11254,1.23072,0.09489,0.00073,0.00014,
24.577,5.09875,0.01798,2.98796,0.96339,0.09169,0.00073,0.00014,
24.578,5.09875,0.01882,0.81260,2.19737,0.09595,0.00073,0.00014,
24.579,5.09750,0.01861,2.88771,0.00489,0.09486,0.00073,0.00014,
24.580,5.09750,0.01819,2.88771,0.00489,0.09273,0.00073,0.00014,
24.581,5.09875,0.01945,1.56572,0.02934,0.09915,0.00073,0.00014,
24.582,5.09750,0.01798,3.07276,0.06846,0.09167,0.00073,0.00014,
24.583,5.09750,0.01798,0.39856,1.27475,0.09167,0.00073,0.00014,
24.584,5.09875,0.01798,3.07928,0.13204,0.09169,0.00073,0.00014,
24.585,5.09500,0.01694,2.39952,0.85092,0.08629,0.00073,0.00014,
24.586,5.09750,0.01882,2.21858,2.85514,0.09593,0.00073,0.00014,
24.587,5.09625,0.01840,1.60077,2.56905,0.09377,0.00073,0.00014,
24.588,5.09500,0.01777,1.36929,1.12315,0.09056,0.00073,0.00014,
24.589,5.09875,0.01819,2.47777,2.98636,0.09275,0.00073,0.00014,
24.590,5.09875,0.01756,3.07683,1.72792,0.08956,0.00073,0.00014,
24.591,5.09375,0.01819,3.07683,1.72792,0.09266,0.00073,0.00014,
24.592,5.09375,0.01798,1.55682,0.03423,0.09160,0.00073,0.00014,
24.593,5.09875,0.01798,2.55367,2.91394,0.09169,0.00073,0.00014,
24.594,5.09625,0.01777,3.09407,0.70342,0.09058,0.00073,0.00014,
24.595,5.09625,0.01777,1.62202,0.46052,0.09058,0.00073,0.00014,
24.596,5.09750,0.01798,1.10526,1.22426,0.09167,0.00073,0.00014,
24.597,5.09875,0.01903,1.65463,0.06765,0.09702,0.00073,0.00014,
24.598,5.09625,0.01840,1.83639,1.73777,0.09377,0.00073,0.00014,
24.599,5.09875,0.01819,2.21378,1.75488,0.09275,0.00073,0.00014,
24.600,5.09625,0.01861,3.09244,0.51432,0.09484,0.00073,0.00014,
24.601,5.09625,0.01924,2.00674,2.33767,0.09804,0.00073,0.00014,
24.602,5.09625,0.01924,2.00674,2.33767,0.09804,0.00073,0.00014,
24.603,5.09625,0.01798,1.48594,0.03913,0.09164,0.00073,0.00014,
24.604,5.09875,0.01861,3.08925,0.28936,0.09489,0.00073,0.00014,
24.605,5.09875,0.01986,2.07607,2.03369,0.10128,0.00073,0.00014,
24.606,5.10000,0.01861,1.42480,1.89757,0.09491,0.00073,0.00014,
24.607,5.09625,0.01798,3.07539,1.88371,0.09164,0.00073,0.00014,
24.608,5.09500,0.01798,1.66363,0.03913,0.09162,0.00073,0.00014,
24.609,5.09750,0.01882,3.03382,0.87053,0.09593,0.00073,0.00014,
24.610,5.09750,0.01861,3.08028,0.30892,0.09486,0.00073,0.00014,
24.611,5.09875,0.01861,2.49178,2.69963,0.09489,0.00073,0.00014,
24.612,5.09875,0.01756,1.80301,2.18530,0.08956,0.00073,0.00014,
24.613,5.09625,0.01819,1.80301,2.18530,0.09271,0.00073,0.00014,
24.614,5.09750,0.01903,0.47693,1.52619,0.09700,0.00073,0.00014,
24.615,5.09625,0.01840,2.63822,0.79326,0.09377,0.00073,0.00014,
24.616,5.09875,0.01903,2.47272,2.68795,0.09702,0.00073,0.00014,
24.617,5.09750,0.01924,0.51525,1.49195,0.09806,0.00073,0.00014,
24.618,5.09500,0.01798,2.31863,1.49928,0.09162,0.00073,0.00014,
24.619,5.09500,0.01882,2.36347,1.85556,0.09588,0.00073,0.00014,
24.620,5.09875,0.01882,2.98960,0.99300,0.09595,0.00073,0.00014,
24.621,5.09625,0.01924,2.33004,2.58441,0.09804,0.00073,0.00014,
24.622,5.09875,0.01840,2.45560,2.96922,0.09382,0.00073,0.00014,
24.623,5.09875,0.01882,1.20171,1.31911,0.09595,0.00073,0.00014,
24.624,5.09875,0.01903,1.20171,1.31911,0.09702,0.00073,0.00014,
24.625,5.09875,0.01777,1.85194,2.30615,0.09062,0.00073,0.00014,
24.626,5.09625,0.01861,3.02866,0.84891,0.09484,0.00073,0.00014,
24.627,5.09750,0.01840,2.19280,2.36976,0.09380,0.00073,0.00014,
24.628,5.09500,0.01798,3.01072,1.67253,0.09162,0.00073,0.00014,
24.629,5.09500,0.01798,3.06780,0.01794,0.09162,0.00073,0.00014,
24.630,5.09750,0.01798,1.11393,0.47134,0.09167,0.00073,0.00014,
24.631,5.09875,0.01882,0.51293,1.21179,0.09595,0.00073,0.00014,
24.632,5.09750,0.01903,0.87174,0.97938,0.09700,0.00073,0.00014,
24.633,5.09625,0.01756,3.07514,0.05464,0.08951,0.00073,0.00014,
24.634,5.09875,0.01861,2.95038,1.21098,0.09489,0.00073,0.00014,
24.635,5.09750,0.01903,2.95038,1.21098,0.09700,0.00073,0.00014,
24.636,5.10125,0.01798,2.82724,2.61685,0.09173,0.00073,0.00014,
24.637,5.09875,0.01903,2.82724,2.61685,0.09702,0.00073,0.00014,
24.638,5.09875,0.01903,2.27190,0.00326,0.09702,0.00073,0.00014,
24.639,5.09625,0.01882,2.62989,1.18569,0.09591,0.00073,0.00014,
24.640,5.09875,0.01798,0.37430,1.77528,0.09169,0.00073,0.00014,
24.641,5.09750,0.01736,2.40482,2.64457,0.08847,0.00073,0.00014,
24.642,5.09875,0.01736,3.03192,0.84075,0.08849,0.00073,0.00014,
24.643,5.09625,0.01819,1.61219,2.02400,0.09271,0.00073,0.00014,
24.644,5.09750,0.01819,2.96505,1.17672,0.09273,0.00073,0.00014,
24.645,5.09625,0.01736,1.68639,1.43034,0.08845,0.00073,0.00014,
24.646,5.09500,0.01798,1.95061,0.00163,0.09162,0.00073,0.00014,
24.647,5.09500,0.01819,1.95061,0.00163,0.09269,0.00073,0.00014,
24.648,5.09625,0.01819,1.74181,0.03262,0.09271,0.00073,0.00014,
24.649,5.09875,0.01756,3.01473,0.85541,0.08956,0.00073,0.00014,
24.650,5.09625,0.01966,1.81928,1.67086,0.10017,0.00073,0.00014,
24.651,5.09625,0.01861,2.08022,2.79456,0.09484,0.00073,0.00014,
24.652,5.09750,0.01840,3.09628,1.12859,0.09380,0.00073,0.00014,
24.653,5.09500,0.01945,0.91902,1.48494,0.09908,0.00073,0.00014,
24.654,5.09625,0.01861,1.49065,0.00326,0.09484,0.00073,0.00014,
24.655,5.09875,0.01777,2.06310,0.66215,0.09062,0.00073,0.00014,
24.656,5.09875,0.01903,3.09220,0.45584,0.09702,0.00073,0.00014,
24.657,5.09875,0.01903,3.08404,0.19408,0.09702,0.00073,0.00014,
24.658,5.09750,0.01903,3.08404,0.19408,0.09700,0.00073,0.00014,
24.659,5.09625,0.01861,0.83009,0.82520,0.09484,0.00073,0.00014,
24.660,5.09375,0.01924,0.69310,0.78524,0.09799,0.00073,0.00014,
24.661,5.09750,0.01903,0.43217,1.35685,0.09700,0.00073,0.00014,
24.662,5.09625,0.01882,2.99176,0.99154,0.09591,0.00073,0.00014,
24.663,5.09875,0.01861,1.47345,0.06442,0.09489,0.00073,0.00014,
24.664,5.09500,0.01840,2.96892,1.13913,0.09375,0.00073,0.00014,
24.665,5.09500,0.01756,1.55092,1.79065,0.08949,0.00073,0.00014,
24.666,5.09875,0.01756,3.08145,0.07502,0.08956,0.00073,0.00014,
24.667,5.09625,0.01715,0.75997,0.85048,0.08738,0.00073,0.00014,
24.668,5.09375,0.01861,0.86352,1.78087,0.09479,0.00073,0.00014,
24.669,5.09875,0.01736,0.86352,1.78087,0.08849,0.00073,0.00014,
24.670,5.09625,0.01819,2.34405,0.22829,0.09271,0.00073,0.00014,
24.671,5.09625,0.01819,3.08029,0.06196,0.09271,0.00073,0.00014,
24.672,5.09750,0.01924,1.56950,0.01957,0.09806,0.00073,0.00014,
24.673,5.09625,0.01882,2.15245,1.19608,0.09591,0.00073,0.00014,
24.674,5.09625,0.01861,0.69547,0.88870,0.09484,0.00073,0.00014,
24.675,5.09875,0.01861,1.35344,2.93353,0.09489,0.00073,0.00014,
24.676,5.09875,0.01945,3.07784,0.07827,0.09915,0.00073,0.00014,
24.677,5.09625,0.01945,2.26007,0.20465,0.09910,0.00073,0.00014,
24.678,5.09625,0.01798,0.46229,2.00162,0.09164,0.00073,0.00014,
24.679,5.09500,0.01924,1.16917,1.27679,0.09801,0.00073,0.00014,
24.680,5.09875,0.01924,1.16917,1.27679,0.09809,0.00073,0.00014,
24.681,5.09625,0.01798,1.80995,1.44389,0.09164,0.00073,0.00014,
24.682,5.09875,0.01715,3.04757,1.22702,0.08742,0.00073,0.00014,
24.683,5.09875,0.01924,3.09078,0.57560,0.09809,0.00073,0.00014,
24.684,5.09750,0.01924,1.81158,2.18254,0.09806,0.00073,0.00014,
24.685,5.09500,0.01673,2.33093,1.47242,0.08523,0.00073,0.00014,
24.686,5.09750,0.01673,3.09159,0.72806,0.08527,0.00073,0.00014,
24.687,5.09750,0.01819,1.29958,1.19767,0.09273,0.00073,0.00014,
24.688,5.09875,0.01882,3.11850,1.07211,0.09595,0.00073,0.00014,
24.689,5.09875,0.01715,1.25229,1.36562,0.08742,0.00073,0.00014,
24.690,5.09500,0.01903,1.43410,1.55232,0.09695,0.00073,0.00014,
24.691,5.09750,0.01777,1.43410,1.55232,0.09060,0.00073,0.00014,
24.692,5.09750,0.01798,2.79128,1.56847,0.09167,0.00073,0.00014,
24.693,5.09875,0.01798,0.72228,2.03966,0.09169,0.00073,0.00014,
24.694,5.09750,0.01924,2.59889,0.78342,0.09806,0.00073,0.00014,
24.695,5.09875,0.01924,1.50162,0.88532,0.09809,0.00073,0.00014,
24.696,5.09750,0.01861,3.08802,0.31304,0.09486,0.00073,0.00014,
24.697,5.09875,0.01861,1.85542,0.03587,0.09489,0.00073,0.00014,
24.698,5.09750,0.01882,0.64809,1.30434,0.09593,0.00073,0.00014,
24.699,5.09750,0.01903,0.54619,1.74944,0.09700,0.00073,0.00014,
24.700,5.09875,0.01777,0.56902,1.82607,0.09062,0.00073,0.00014,
24.701,5.09875,0.01945,2.97878,1.04510,0.09915,0.00073,0.00014,
24.702,5.09625,0.01945,2.97878,1.04510,0.09910,0.00073,0.00014,
24.703,5.09750,0.01924,1.77218,2.79032,0.09806,0.00073,0.00014,
24.704,5.09750,0.01840,3.07726,1.85777,0.09380,0.00073,0.00014,
24.705,5.09875,0.01736,2.44469,0.78175,0.08849,0.00073,0.00014,
24.706,5.09750,0.01715,2.90200,1.45263,0.08740,0.00073,0.00014,
24.707,5.09625,0.01861,1.25699,0.03994,0.09484,0.00073,0.00014,
24.708,5.09625,0.01819,0.53312,1.72979,0.09271,0.00073,0.00014,
24.709,5.09750,0.01777,1.93195,0.14184,0.09060,0.00073,0.00014,
24.710,5.09750,0.01861,3.07726,0.01304,0.09486,0.00073,0.00014,
24.711,5.09625,0.01861,3.07155,1.87815,0.09484,0.00073,0.00014,
24.712,5.10000,0.01840,2.01183,2.05341,0.09384,0.00073,0.00014,
24.713,5.09750,0.01819,2.01183,2.05341,0.09273,0.00073,0.00014,
24.714,5.09500,0.01903,1.88380,0.02771,0.09695,0.00073,0.00014,
24.715,5.09875,0.01882,2.46826,0.77765,0.09595,0.00073,0.00014,
24.716,5.09625,0.01798,3.09021,0.46626,0.09164,0.00073,0.00014,
24.717,5.09625,0.01966,1.66208,0.07336,0.10017,0.00073,0.00014,
24.718,5.10125,0.01924,1.86424,2.24328,0.09813,0.00073,0.00014,
24.719,5.10125,0.01819,1.03768,1.34336,0.09280,0.00073,0.00014,
24.720,5.09500,0.01819,2.14709,0.20542,0.09269,0.00073,0.00014,
24.721,5.09875,0.01903,1.10534,1.20723,0.09702,0.00073,0.00014,
24.722,5.09625,0.01903,0.51191,1.64659,0.09697,0.00073,0.00014,
24.723,5.09750,0.01861,1.57567,0.06603,0.09486,0.00073,0.00014,
24.724,5.09750,0.01840,1.57567,0.06603,0.09380,0.00073,0.00014,
24.725,5.09625,0.01903,1.20316,1.29690,0.09697,0.00073,0.00014,
24.726,5.09750,0.01736,3.07148,0.03342,0.08847,0.00073,0.00014,
24.727,5.09750,0.01756,1.89767,0.08151,0.08953,0.00073,0.00014,
24.728,5.09750,0.01798,2.48457,1.93027,0.09167,0.00073,0.00014,
24.729,5.09875,0.01798,1.56183,0.07825,0.09169,0.00073,0.00014,
24.730,5.09875,0.01861,1.39227,1.13550,0.09489,0.00073,0.00014,
24.731,5.10000,0.01777,1.01160,2.30443,0.09064,0.00073,0.00014,
24.732,5.09875,0.01882,0.78825,2.18623,0.09595,0.00073,0.00014,
24.733,5.09625,0.01903,3.08452,0.30976,0.09697,0.00073,0.00014,
24.734,5.09625,0.01798,1.96288,2.01994,0.09164,0.00073,0.00014,
24.735,5.09875,0.01924,1.96288,2.01994,0.09809,0.00073,0.00014,
24.736,5.09625,0.01715,1.72975,2.54654,0.08738,0.00073,0.00014,
24.737,5.09625,0.01798,2.13163,2.44138,0.09164,0.00073,0.00014,
24.738,5.09750,0.01798,2.44709,1.91072,0.09167,0.00073,0.00014,
24.739,5.09750,0.01756,1.58710,0.03342,0.08953,0.00073,0.00014,
24.740,5.09625,0.01798,1.25044,0.05298,0.09164,0.00073,0.00014,
24.741,5.10000,0.01840,1.75339,2.64843,0.09384,0.00073,0.00014,
24.742,5.09875,0.01840,2.38351,1.59525,0.09382,0.00073,0.00014,
24.743,5.09875,0.01840,3.12204,1.15100,0.09382,0.00073,0.00014,
24.744,5.09625,0.01903,2.06641,0.04402,0.09697,0.00073,0.00014,
24.745,5.09625,0.01840,2.49600,1.67840,0.09377,0.00073,0.00014,
24.746,5.09625,0.01903,2.49600,1.67840,0.09697,0.00073,0.00014,
24.747,5.09750,0.01903,0.96108,1.25046,0.09700,0.00073,0.00014,
24.748,5.10000,0.01924,0.87141,1.76891,0.09811,0.00073,0.00014,
24.749,5.09750,0.01840,1.36785,0.05462,0.09380,0.00073,0.00014,
24.750,5.10000,0.01861,1.72489,0.96760,0.09491,0.00073,0.00014,
24.751,5.09750,0.01903,2.50093,2.71043,0.09700,0.00073,0.00014,
24.752,5.09625,0.01861,1.61973,0.01630,0.09484,0.00073,0.00014,
24.753,5.09500,0.01819,1.58387,1.02629,0.09269,0.00073,0.00014,
24.754,5.09875,0.01903,0.77930,0.96108,0.09702,0.00073,0.00014,
24.755,5.09875,0.01903,2.32648,1.56023,0.09702,0.00073,0.00014,
24.756,5.09875,0.01903,2.99003,0.99206,0.09702,0.00073,0.00014,
24.757,5.09750,0.01798,2.99003,0.99206,0.09167,0.00073,0.00014,
24.758,5.09500,0.01756,2.20830,1.14043,0.08949,0.00073,0.00014,
24.759,5.09625,0.01924,2.31020,1.04261,0.09804,0.00073,0.00014,
24.760,5.09750,0.01756,1.90750,0.08233,0.08953,0.00073,0.00014,
24.761,5.09750,0.01819,1.37031,1.83985,0.09273,0.00073,0.00014,
24.762,5.10000,0.01840,2.09092,1.44367,0.09384,0.00073,0.00014,
24.763,5.09500,0.01777,2.16754,0.16630,0.09056,0.00073,0.00014,
24.764,5.09750,0.01777,1.02467,1.49992,0.09060,0.00073,0.00014,
24.765,5.09750,0.01777,1.41106,1.55372,0.09060,0.00073,0.00014,
24.766,5.09750,0.01777,1.65399,0.08722,0.09060,0.00073,0.00014,
24.767,5.10000,0.01861,1.35319,2.03304,0.09491,0.00073,0.00014,
24.768,5.09750,0.01736,1.35319,2.03304,0.08847,0.00073,0.00014,
24.769,5.09500,0.01819,1.67361,2.64452,0.09269,0.00073,0.00014,
24.770,5.09750,0.01903,1.58883,0.03587,0.09700,0.00073,0.00014,
24.771,5.09875,0.01924,2.92087,1.35650,0.09809,0.00073,0.00014,
24.772,5.10125,0.01715,1.75513,0.94319,0.08747,0.00073,0.00014,
24.773,5.09875,0.01819,3.03908,0.92607,0.09275,0.00073,0.00014,
24.774,5.09875,0.01819,1.97279,0.07826,0.09275,0.00073,0.00014,
24.775,5.09875,0.01861,2.30132,1.67361,0.09489,0.00073,0.00014,
24.776,5.09750,0.01798,3.09125,0.54945,0.09167,0.00073,0.00014,
24.777,5.09500,0.01756,2.54017,1.87986,0.08949,0.00073,0.00014,
24.778,5.09875,0.01798,2.09996,2.29561,0.09169,0.00073,0.00014,
24.779,5.09625,0.01798,2.09996,2.29561,0.09164,0.00073,0.00014,
24.780,5.09500,0.01777,2.75463,0.54701,0.09056,0.00073,0.00014,
24.781,5.10125,0.01861,3.09783,0.65299,0.09493,0.00073,0.00014,
24.782,5.09625,0.01819,2.83207,1.76577,0.09271,0.00073,0.00014,
24.783,5.09625,0.01777,1.86930,1.94919,0.09058,0.00073,0.00014,
24.784,5.09875,0.01777,1.24647,1.16576,0.09062,0.00073,0.00014,
24.785,5.09625,0.01736,1.99240,2.09267,0.08845,0.00073,0.00014,
24.786,5.10000,0.01861,0.83397,0.76223,0.09491,0.00073,0.00014,
24.787,5.09875,0.01798,2.17338,1.21305,0.09169,0.00073,0.00014,
24.788,5.09500,0.01736,0.97663,0.35217,0.08843,0.00073,0.00014,
24.789,5.09875,0.01903,0.97011,0.37826,0.09702,0.00073,0.00014,
24.790,5.09750,0.01903,0.97011,0.37826,0.09700,0.00073,0.00014,
24.791,5.10125,0.01777,2.12589,0.10438,0.09067,0.00073,0.00014,
24.792,5.10125,0.01966,1.26232,1.77035,0.10027,0.00073,0.00014,
24.793,5.09875,0.01966,2.68365,1.26395,0.10022,0.00073,0.00014,
24.794,5.09500,0.01777,2.65511,0.70700,0.09056,0.00073,0.00014,
24.795,5.09750,0.01777,1.40910,0.00245,0.09060,0.00073,0.00014,
24.796,5.09875,0.01882,1.37159,1.50859,0.09595,0.00073,0.00014,
24.797,5.10000,0.01819,1.99378,1.38056,0.09278,0.00073,0.00014,
24.798,5.09625,0.01840,1.99378,1.38056,0.09377,0.00073,0.00014,
24.799,5.09750,0.01903,2.89486,2.03863,0.09700,0.00073,0.00014,
24.800,5.09625,0.01819,2.44554,0.94348,0.09271,0.00073,0.00014,
24.801,5.09625,0.01840,0.62953,1.47026,0.09377,0.00073,0.00014,
24.802,5.09875,0.01840,0.62953,1.47026,0.09382,0.00073,0.00014,
24.803,5.09750,0.01756,1.67167,1.73609,0.08953,0.00073,0.00014,
24.804,5.09875,0.01819,0.69802,2.06635,0.09275,0.00073,0.00014,
24.805,5.09750,0.01819,1.93506,1.21991,0.09273,0.00073,0.00014,
24.806,5.09625,0.01903,2.23270,1.81601,0.09697,0.00073,0.00014,
24.807,5.09625,0.01861,2.41944,2.65021,0.09484,0.00073,0.00014,
24.808,5.09750,0.01903,2.08592,1.10330,0.09700,0.00073,0.00014,
24.809,5.09875,0.01882,2.55073,1.95382,0.09595,0.00073,0.00014,
24.810,5.09875,0.01840,0.39060,1.18403,0.09382,0.00073,0.00014,
24.811,5.09750,0.01840,1.85107,0.16717,0.09380,0.00073,0.00014,
24.812,5.09625,0.01840,1.67249,1.34631,0.09377,0.00073,0.00014,
24.813,5.09625,0.01924,1.67249,1.34631,0.09804,0.00073,0.00014,
24.814,5.09625,0.01736,2.24815,1.85266,0.08845,0.00073,0.00014,
24.815,5.09750,0.01798,1.60803,1.50610,0.09167,0.00073,0.00014,
24.816,5.10000,0.01924,1.97253,0.94998,0.09811,0.00073,0.00014,
24.817,5.10000,0.01756,1.09186,1.37727,0.08958,0.00073,0.00014,
24.818,5.09750,0.01777,0.92878,1.50203,0.09060,0.00073,0.00014,
24.819,5.09750,0.01882,0.69067,1.25332,0.09593,0.00073,0.00014,
24.820,5.09875,0.01882,1.38134,1.13590,0.09595,0.00073,0.00014,
24.821,5.09625,0.01777,2.60205,0.68659,0.09058,0.00073,0.00014,
24.822,5.09750,0.01715,1.49713,0.05463,0.08740,0.00073,0.00014,
24.823,5.09500,0.01715,2.56780,1.94562,0.08736,0.00073,0.00014,
24.824,5.09500,0.01819,2.56780,1.94562,0.09269,0.00073,0.00014,
24.825,5.09500,0.01736,0.87085,0.99561,0.08843,0.00073,0.00014,
24.826,5.09875,0.01777,0.81785,0.90999,0.09062,0.00073,0.00014,
24.827,5.09750,0.01840,0.55855,1.78899,0.09380,0.00073,0.00014,
24.828,5.09750,0.01756,1.44245,1.17010,0.08953,0.00073,0.00014,
24.829,5.10000,0.01756,2.84902,1.83792,0.08958,0.00073,0.00014,
24.830,5.09750,0.01798,0.68005,1.52317,0.09167,0.00073,0.00014,
24.831,5.10125,0.01882,2.04177,1.02904,0.09600,0.00073,0.00014,
24.832,5.09875,0.01903,0.76240,0.85454,0.09702,0.00073,0.00014,
24.833,5.10000,0.01819,3.07570,0.05300,0.09278,0.00073,0.00014,
24.834,5.09875,0.01840,1.95371,0.11742,0.09382,0.00073,0.00014,
24.835,5.09500,0.01861,1.95371,0.11742,0.09482,0.00073,0.00014,
24.836,5.09875,0.01882,1.27193,0.03180,0.09595,0.00074,0.00014,
24.837,5.09875,0.01756,2.12722,2.28866,0.08956,0.00074,0.00014,
24.838,5.09500,0.01756,1.82147,1.46190,0.08949,0.00074,0.00014,
24.839,5.09625,0.01882,1.05423,1.32166,0.09591,0.00074,0.00014,
24.840,5.09875,0.01903,1.90789,0.33021,0.09702,0.00074,0.00014,
24.841,5.09750,0.01840,2.10113,1.27927,0.09380,0.00074,0.00014,
24.842,5.10000,0.01903,1.18713,1.25236,0.09704,0.00074,0.00014,
24.843,5.09500,0.01924,1.80353,2.18103,0.09801,0.00074,0.00014,
24.844,5.09750,0.01819,3.00289,1.00694,0.09273,0.00074,0.00014,
24.845,5.09625,0.01924,1.52876,0.00000,0.09804,0.00074,0.00014,
24.846,5.09625,0.01945,1.52876,0.00000,0.09910,0.00074,0.00014,
24.847,5.09750,0.01945,3.02655,1.52876,0.09913,0.00074,0.00014,
24.848,5.09625,0.01819,2.29600,2.90017,0.09271,0.00074,0.00014,
24.849,5.09875,0.01861,2.40689,1.89322,0.09489,0.00074,0.00014,
24.850,5.09875,0.01903,2.02775,0.08643,0.09702,0.00074,0.00014,
24.851,5.10000,0.01819,2.12559,0.09784,0.09278,0.00074,0.00014,
24.852,5.09875,0.01798,0.48513,1.55241,0.09169,0.00074,0.00014,
24.853,5.09750,0.01882,1.10234,1.36896,0.09593,0.00074,0.00014,
24.854,5.09750,0.01694,2.43787,2.66209,0.08634,0.00074,0.00014,
24.855,5.09750,0.01882,0.70119,1.08930,0.09593,0.00074,0.00014,
24.856,5.09625,0.01882,1.41136,0.14839,0.09591,0.00074,0.00014,
24.857,5.10000,0.01798,1.41136,0.14839,0.09171,0.00074,0.00014,
24.858,5.09750,0.01861,1.32004,0.04811,0.09486,0.00074,0.00014,
24.859,5.09750,0.01756,1.15290,1.67880,0.08953,0.00074,0.00014,
24.860,5.09875,0.01736,1.58503,0.91808,0.08849,0.00074,0.00014,
24.861,5.09875,0.01903,1.93971,2.00412,0.09702,0.00074,0.00014,
24.862,5.09750,0.01777,2.76565,1.50757,0.09060,0.00074,0.00014,
24.863,5.09625,0.01819,2.54388,1.95112,0.09271,0.00074,0.00014,
24.864,5.09625,0.01777,1.97069,0.31554,0.09058,0.00074,0.00014,
24.865,5.09750,0.01777,3.09424,0.76806,0.09060,0.00074,0.00014,
24.866,5.09500,0.01819,1.24259,0.04403,0.09269,0.00074,0.00014,
24.867,5.09875,0.01840,2.59280,1.24014,0.09382,0.00074,0.00014,
24.868,5.09625,0.01756,2.59280,1.24014,0.08951,0.00074,0.00014,
24.869,5.09500,0.01903,1.81251,1.58095,0.09695,0.00074,0.00014,
24.870,5.09625,0.01736,3.09260,0.98331,0.08845,0.00074,0.00014,
24.871,5.09500,0.01798,2.35472,0.80393,0.09162,0.00074,0.00014,
24.872,5.09875,0.01861,1.74402,0.17938,0.09489,0.00074,0.00014,
24.873,5.09875,0.01777,2.54795,1.87122,0.09062,0.00074,0.00014,
24.874,5.09875,0.01777,2.42565,0.81290,0.09062,0.00074,0.00014,
24.875,5.09750,0.01756,1.50594,1.58177,0.08953,0.00074,0.00014,
24.876,5.09750,0.01882,1.53448,0.00326,0.09593,0.00074,0.00014,
24.877,5.09750,0.01736,1.88263,2.24628,0.08847,0.00074,0.00014,
24.878,5.09875,0.01715,1.92666,1.54263,0.08742,0.00074,0.00014,
24.879,5.09750,0.01819,1.92666,1.54263,0.09273,0.00074,0.00014,
24.880,5.09625,0.01819,2.22995,1.03222,0.09271,0.00074,0.00014,
24.881,5.09875,0.01777,1.97230,2.02856,0.09062,0.00074,0.00014,
24.882,5.09875,0.01756,0.57726,1.85326,0.08956,0.00074,0.00014,
24.883,5.09875,0.01756,3.07220,0.05707,0.08956,0.00074,0.00014,
24.884,5.09750,0.01819,1.37955,2.00084,0.09273,0.00074,0.00014,
24.885,5.09375,0.01819,2.92788,2.65148,0.09266,0.00074,0.00014,
24.886,5.09625,0.01756,1.48962,1.93969,0.08951,0.00074,0.00014,
24.887,5.09750,0.01861,1.58094,1.02896,0.09486,0.00074,0.00014,
24.888,5.09875,0.01840,1.34531,1.47332,0.09382,0.00074,0.00014,
24.889,5.09500,0.01882,2.06770,0.09132,0.09588,0.00074,0.00014,
24.890,5.09750,0.01861,2.06770,0.09132,0.09486,0.00074,0.00014,
24.891,5.09750,0.01924,1.37546,1.58908,0.09806,0.00074,0.00014,
24.892,5.09875,0.01924,2.34000,1.84102,0.09809,0.00074,0.00014,
24.893,5.09625,0.01819,1.87445,2.24379,0.09271,0.00074,0.00014,
24.894,5.09500,0.01903,2.97840,1.80188,0.09695,0.00074,0.00014,
24.895,5.09750,0.01903,1.67387,0.00815,0.09700,0.00074,0.00014,
24.896,5.09750,0.01798,2.15329,0.10029,0.09167,0.00074,0.00014,
24.897,5.09750,0.01840,2.79169,1.59479,0.09380,0.00074,0.00014,
24.898,5.09500,0.01945,1.30127,1.18468,0.09908,0.00074,0.00014,
24.899,5.09500,0.01798,2.18998,0.21117,0.09162,0.00074,0.00014,
24.900,5.09500,0.01777,1.04607,1.37546,0.09056,0.00074,0.00014,
24.901,5.09500,0.01777,1.04607,1.37546,0.09056,0.00074,0.00014,
24.902,5.09625,0.01756,2.93682,2.07665,0.08951,0.00074,0.00014,
24.903,5.09875,0.01903,2.64738,1.17652,0.09702,0.00074,0.00014,
24.904,5.09750,0.01903,1.67632,0.60742,0.09700,0.00074,0.00014,
24.905,5.09500,0.01715,1.34040,0.00000,0.08736,0.00074,0.00014,
24.906,5.09375,0.01903,2.92541,1.88831,0.09692,0.00074,0.00014,
24.907,5.09500,0.01882,2.02773,0.03506,0.09588,0.00074,0.00014,
24.908,5.09875,0.01798,0.81696,0.83001,0.09169,0.00074,0.00014,
24.909,5.09875,0.01882,2.84224,1.78476,0.09595,0.00074,0.00014,
24.910,5.10000,0.01882,2.75582,0.78761,0.09598,0.00074,0.00014,
24.911,5.09750,0.01903,3.06565,1.46026,0.09700,0.00074,0.00014,
24.912,5.09750,0.01736,3.06565,1.46026,0.08847,0.00074,0.00014,
24.913,5.09750,0.01861,1.21403,1.36242,0.09486,0.00074,0.00014,
24.914,5.09875,0.01819,1.58663,0.05870,0.09275,0.00074,0.00014,
24.915,5.09625,0.01694,2.13698,0.00000,0.08632,0.00074,0.00014,
24.916,5.09625,0.01882,2.21281,0.21688,0.09591,0.00074,0.00014,
24.917,5.10000,0.01819,1.36812,1.12516,0.09278,0.00074,0.00014,
24.918,5.09750,0.01819,1.51325,0.16225,0.09273,0.00074,0.00014,
24.919,5.09750,0.01819,2.15981,0.10599,0.09273,0.00074,0.00014,
24.920,5.10125,0.01819,1.63392,0.54953,0.09280,0.00074,0.00014,
24.921,5.09625,0.01756,1.64941,1.72605,0.08951,0.00074,0.00014,
24.922,5.09750,0.01777,1.38606,0.04647,0.09060,0.00074,0.00014,
24.923,5.09500,0.01736,1.38606,0.04647,0.08843,0.00074,0.00014,
24.924,5.09625,0.01736,1.36079,2.02284,0.08845,0.00074,0.00014,
24.925,5.09625,0.01882,3.07706,0.08643,0.09591,0.00074,0.00014,
24.926,5.09750,0.01840,0.89768,1.15695,0.09380,0.00074,0.00014,
24.927,5.09625,0.01673,1.79944,0.03506,0.08525,0.00074,0.00014,
24.928,5.09625,0.01840,0.62291,1.98941,0.09377,0.00074,0.00014,
24.929,5.09750,0.01840,2.48024,1.40400,0.09380,0.00074,0.00014,
24.930,5.09750,0.01861,2.74603,0.67020,0.09486,0.00074,0.00014,
24.931,5.10000,0.01798,1.11537,1.48064,0.09171,0.00074,0.00014,
24.932,5.09375,0.01924,1.68121,0.03017,0.09799,0.00074,0.00014,
24.933,5.09500,0.01903,3.07054,0.03261,0.09695,0.00074,0.00014,
24.934,5.09750,0.01882,3.07054,0.03261,0.09593,0.00074,0.00014,
24.935,5.10000,0.01736,3.09255,0.30901,0.08851,0.00074,0.00014,
24.936,5.09750,0.01945,0.84794,1.43987,0.09913,0.00074,0.00014,
24.937,5.09750,0.01924,1.56054,1.03873,0.09806,0.00074,0.00014,
24.938,5.09875,0.01924,1.36812,0.03261,0.09809,0.00074,0.00014,
24.939,5.09875,0.01798,1.92989,0.08724,0.09169,0.00074,0.00014,
24.940,5.09875,0.01966,0.99470,1.18467,0.10022,0.00074,0.00014,
24.941,5.09500,0.01861,1.94130,1.39340,0.09482,0.00074,0.00014,
24.942,5.09750,0.01840,2.21199,1.31839,0.09380,0.00074,0.00014,
24.943,5.09500,0.01986,2.38973,1.57766,0.10121,0.00074,0.00014,
24.944,5.10000,0.01903,1.65349,0.38239,0.09704,0.00074,0.00014,
24.945,5.09625,0.01777,1.65349,0.38239,0.09058,0.00074,0.00014,
24.946,5.09625,0.01924,1.80841,0.90013,0.09804,0.00074,0.00014,
24.947,5.09375,0.01924,2.44110,1.91603,0.09799,0.00074,0.00014,
24.948,5.09750,0.01882,2.23564,1.15777,0.09593,0.00074,0.00014,
24.949,5.09625,0.01819,3.07706,1.40482,0.09271,0.00074,0.00014,
24.950,5.09875,0.01798,2.18590,0.63025,0.09169,0.00074,0.00014,
24.951,5.09875,0.01903,0.93029,1.21892,0.09702,0.00074,0.00014,
24.952,5.09875,0.01756,1.85406,2.48187,0.08956,0.00074,0.00014,
24.953,5.09625,0.01840,2.41990,1.65675,0.09377,0.00074,0.00014,
24.954,5.09750,0.01715,2.21770,0.42642,0.08740,0.00074,0.00014,
24.955,5.09750,0.01819,1.11048,0.28292,0.09273,0.00074,0.00014,
24.956,5.09750,0.01819,1.11048,0.28292,0.09273,0.00074,0.00014,
24.957,5.09625,0.01777,2.04159,1.31105,0.09058,0.00074,0.00014,
24.958,5.09750,0.01777,0.58378,0.88790,0.09060,0.00074,0.00014,
24.959,5.10000,0.01966,2.32369,0.23482,0.10024,0.00074,0.00014,
24.960,5.09750,0.01840,2.32369,0.23482,0.09380,0.00074,0.00014,
24.961,5.09875,0.01777,1.76356,1.62822,0.09062,0.00074,0.00014,
24.962,5.09500,0.01903,1.59560,0.00652,0.09695,0.00074,0.00014,
24.963,5.09750,0.01882,1.55565,0.04077,0.09593,0.00074,0.00014,
24.964,5.09750,0.01798,1.77905,1.62414,0.09167,0.00074,0.00014,
24.965,5.09875,0.01798,2.41093,0.00734,0.09169,0.00074,0.00014,
24.966,5.09625,0.01798,1.87852,1.46107,0.09164,0.00074,0.00014,
24.967,5.09625,0.01903,1.88341,0.55116,0.09697,0.00074,0.00014,
24.968,5.09875,0.01736,1.88341,0.55116,0.08849,0.00074,0.00014,
24.969,5.09750,0.01777,1.95107,1.43660,0.09060,0.00074,0.00014,
24.970,5.09625,0.01882,0.74928,1.49367,0.09591,0.00074,0.00014,
24.971,5.09750,0.01861,1.76518,0.50306,0.09486,0.00074,0.00014,
24.972,5.09500,0.01819,1.30941,1.71463,0.09269,0.00074,0.00014,
24.973,5.09500,0.01819,1.96249,1.93232,0.09269,0.00074,0.00014,
24.974,5.09875,0.01819,0.77864,0.95067,0.09275,0.00074,0.00014,
24.975,5.09875,0.01798,1.96575,0.00000,0.09169,0.00074,0.00014,
24.976,5.09625,0.01819,1.43742,0.01794,0.09271,0.00074,0.00014,
24.977,5.09750,0.01736,2.07582,1.08275,0.08847,0.00074,0.00014,
24.978,5.09500,0.01777,2.07908,0.03995,0.09056,0.00074,0.00014,
24.979,5.09750,0.01819,2.07908,0.03995,0.09273,0.00074,0.00014,
24.980,5.09625,0.01819,1.48058,1.45776,0.09271,0.00074,0.00014,
24.981,5.09375,0.01861,1.07049,1.22703,0.09479,0.00074,0.00014,
24.982,5.09375,0.01945,1.25556,0.05218,0.09905,0.00074,0.00014,
24.983,5.09875,0.01945,0.42069,1.33138,0.09915,0.00074,0.00014,
24.984,5.09750,0.01756,1.64201,2.05211,0.08953,0.00074,0.00014,
24.985,5.09875,0.01861,0.94412,1.87845,0.09489,0.00074,0.00014,
24.986,5.09625,0.01903,0.87971,1.78551,0.09697,0.00074,0.00014,
24.987,5.10000,0.01861,1.42433,0.04240,0.09491,0.00074,0.00014,
24.988,5.09500,0.01882,1.93960,1.54418,0.09588,0.00074,0.00014,
24.989,5.09750,0.01945,1.76757,0.12800,0.09913,0.00074,0.00014,
24.990,5.09250,0.01798,1.76757,0.12800,0.09158,0.00074,0.00014,
24.991,5.09250,0.01903,1.18207,1.57581,0.09690,0.00074,0.00014,
24.992,5.10000,0.01903,1.64755,2.27609,0.09704,0.00074,0.00015,
24.993,5.09750,0.01840,1.77636,1.85380,0.09380,0.00074,0.00015,
24.994,5.09750,0.01777,1.88641,0.02935,0.09060,0.00074,0.00015,
24.995,5.09500,0.01777,0.48750,0.91875,0.09056,0.00074,0.00015,
24.996,5.09500,0.01840,1.27255,1.45027,0.09375,0.00074,0.00015,
24.997,5.09875,0.01819,2.59728,2.49212,0.09275,0.00074,0.00015,
24.998,5.10125,0.01840,2.34456,2.89158,0.09387,0.00074,0.00015,
24.999,5.09625,0.01819,1.28397,1.39402,0.09271,0.00074,0.00015,
25.000,5.09625,0.01903,2.04946,2.37473,0.09697,0.00074,0.00015,
25.001,5.09500,0.01903,2.04946,2.37473,0.09695,0.00074,0.00015,
25.002,5.09250,0.01861,2.59044,2.30434,0.09477,0.00074,0.00015,
25.003,5.09875,0.01798,1.25528,1.65632,0.09169,0.00074,0.00015,
25.004,5.09250,0.01945,2.06877,0.29344,0.09903,0.00074,0.00015,
25.005,5.09875,0.01882,2.64098,2.18941,0.09595,0.00074,0.00015,
25.006,5.09875,0.01756,3.11783,1.15747,0.08956,0.00074,0.00015,
25.007,5.09750,0.01945,2.18452,1.88129,0.09913,0.00074,0.00015,
25.008,5.09625,0.01840,1.67588,0.52820,0.09377,0.00074,0.00015,
25.009,5.09625,0.01798,3.12027,0.91293,0.09164,0.00074,0.00015,
25.010,5.09750,0.01798,0.43935,1.40282,0.09167,0.00074,0.00015,
25.011,5.09875,0.01777,1.95465,1.40771,0.09062,0.00074,0.00015,
25.012,5.09375,0.01840,1.95465,1.40771,0.09373,0.00074,0.00015,
25.013,5.09625,0.01756,3.05507,0.02364,0.08951,0.00074,0.00015,
25.014,5.09750,0.01736,1.43461,1.96770,0.08847,0.00074,0.00015,
25.015,5.09750,0.01798,1.28300,1.56014,0.09167,0.00074,0.00015,
25.016,5.09625,0.01840,1.80875,1.86581,0.09377,0.00074,0.00015,
25.017,5.09625,0.01715,2.39564,0.99771,0.08738,0.00074,0.00015,
25.018,5.09625,0.01819,2.16985,1.92694,0.09271,0.00074,0.00015,
25.019,5.09750,0.01819,0.99363,1.30664,0.09273,0.00074,0.00015,
25.020,5.09625,0.01798,1.60416,0.03913,0.09164,0.00074,0.00015,
25.021,5.09625,0.01861,2.54725,1.29115,0.09484,0.00074,0.00015,
25.022,5.09875,0.01798,2.55785,0.83713,0.09169,0.00074,0.00015,
25.023,5.09750,0.01861,2.55785,0.83713,0.09486,0.00074,0.00015,
25.024,5.09625,0.01861,1.32784,1.74356,0.09484,0.00074,0.00015,
25.025,5.09875,0.01861,2.83664,2.25627,0.09489,0.00074,0.00015,
25.026,5.09875,0.01840,2.96299,1.84137,0.09382,0.00074,0.00015,
25.027,5.09875,0.01945,2.88147,1.93430,0.09915,0.00074,0.00015,
25.028,5.09750,0.01945,1.32540,0.15324,0.09913,0.00074,0.00015,
25.029,5.09625,0.01819,1.37023,1.48679,0.09271,0.00074,0.00015,
25.030,5.09750,0.01756,0.86893,1.43381,0.08953,0.00074,0.00015,
25.031,5.09875,0.01756,2.56439,1.29279,0.08956,0.00074,0.00015,
25.032,5.09875,0.01798,1.75415,0.16955,0.09169,0.00074,0.00015,
25.033,5.09750,0.01673,2.05168,0.02690,0.08527,0.00074,0.00015,
25.034,5.09625,0.01756,2.05168,0.02690,0.08951,0.00074,0.00015,
25.035,5.09750,0.01819,1.19582,1.30016,0.09273,0.00074,0.00015,
25.036,5.09750,0.01840,1.43303,0.00082,0.09380,0.00074,0.00015,
25.037,5.09750,0.01840,2.24818,1.12654,0.09380,0.00074,0.00015,
25.038,5.09875,0.01840,2.37372,1.59362,0.09382,0.00074,0.00015,
25.039,5.09875,0.01966,1.78029,1.49335,0.10022,0.00074,0.00015,
25.040,5.09875,0.01798,1.33766,0.16385,0.09169,0.00074,0.00015,
25.041,5.09750,0.01715,1.95228,1.37353,0.08740,0.00074,0.00015,
25.042,5.09375,0.01840,1.75828,2.80085,0.09373,0.00074,0.00015,
25.043,5.09750,0.01861,2.03135,1.33114,0.09486,0.00074,0.00015,
25.044,5.09750,0.01798,2.76988,0.52414,0.09167,0.00074,0.00015,
25.045,5.09750,0.01861,2.76988,0.52414,0.09486,0.00074,0.00015,
25.046,5.09875,0.01861,0.88854,1.12820,0.09489,0.00074,0.00015,
25.047,5.09500,0.01798,1.74040,0.08233,0.09162,0.00074,0.00015,
25.048,5.09500,0.01736,2.38683,1.57166,0.08843,0.00074,0.00015,
25.049,5.09750,0.01798,1.87898,0.07907,0.09167,0.00074,0.00015,
25.050,5.09625,0.01903,1.19016,0.03505,0.09697,0.00074,0.00015,
25.051,5.09875,0.01903,1.40862,1.94501,0.09702,0.00074,0.00015,
25.052,5.09625,0.01819,1.45509,1.96539,0.09271,0.00074,0.00015,
25.053,5.09875,0.01861,2.74144,0.55840,0.09489,0.00074,0.00015,
25.054,5.09875,0.01924,2.35586,2.59960,0.09809,0.00074,0.00015,
25.055,5.09875,0.01924,0.70676,1.81051,0.09809,0.00074,0.00015,
25.056,5.09625,0.01861,0.70676,1.81051,0.09484,0.00074,0.00015,
25.057,5.09500,0.01903,1.56601,0.91058,0.09695,0.00074,0.00015,
25.058,5.09875,0.01966,2.83121,0.82091,0.10022,0.00074,0.00015,
25.059,5.09625,0.01819,2.19209,0.25353,0.09271,0.00074,0.00015,
25.060,5.10000,0.01903,2.15051,0.28043,0.09704,0.00074,0.00015,
25.061,5.10000,0.01861,2.07551,1.25868,0.09491,0.00074,0.00015,
25.062,5.09500,0.01819,2.09671,1.07933,0.09269,0.00074,0.00015,
25.063,5.09750,0.01756,2.70241,2.01030,0.08953,0.00074,0.00015,
25.064,5.09750,0.01756,2.09345,0.02527,0.08953,0.00074,0.00015,
25.065,5.09750,0.01882,1.31493,0.00734,0.09593,0.00074,0.00015,
25.066,5.09625,0.01903,2.64616,0.75488,0.09697,0.00074,0.00015,
25.067,5.09750,0.01945,2.64616,0.75488,0.09913,0.00074,0.00015,
25.068,5.09625,0.01819,2.29658,1.44056,0.09271,0.00074,0.00015,
25.069,5.09625,0.01840,1.31419,0.16061,0.09377,0.00074,0.00015,
25.070,5.09750,0.01882,2.26967,1.39409,0.09593,0.00074,0.00015,
25.071,5.09500,0.01777,0.97749,1.28974,0.09056,0.00074,0.00015,
25.072,5.09375,0.01903,1.62888,1.66149,0.09692,0.00074,0.00015,
25.073,5.09375,0.01861,1.57018,1.76503,0.09479,0.00074,0.00015,
25.074,5.09750,0.01861,1.54817,1.56611,0.09486,0.00074,0.00015,
25.075,5.09875,0.01777,1.76585,0.00571,0.09062,0.00074,0.00015,
25.076,5.09750,0.01903,2.84606,1.85145,0.09700,0.00074,0.00015,
25.077,5.09750,0.01861,1.85226,1.45605,0.09486,0.00074,0.00015,
25.078,5.09625,0.01715,1.85226,1.45605,0.08738,0.00074,0.00015,
25.079,5.09625,0.01924,1.54504,1.34692,0.09804,0.00074,0.00015,
25.080,5.09750,0.01840,2.21361,2.50305,0.09380,0.00074,0.00015,
25.081,5.09875,0.01736,1.90949,1.44149,0.08849,0.00074,0.00015,
25.082,5.09875,0.01819,1.60538,1.68609,0.09275,0.00074,0.00015,
25.083,5.09625,0.01819,1.02242,1.34121,0.09271,0.00074,0.00015,
25.084,5.09750,0.01861,3.12433,1.11618,0.09486,0.00074,0.00015,
25.085,5.09750,0.01819,1.38768,1.52629,0.09273,0.00074,0.00015,
25.086,5.09875,0.01798,2.19404,1.63065,0.09169,0.00074,0.00015,
25.087,5.09750,0.01756,2.34732,1.04769,0.08953,0.00074,0.00015,
25.088,5.10125,0.01798,2.47614,0.91072,0.09173,0.00074,0.00015,
25.089,5.09500,0.01798,2.47614,0.91072,0.09162,0.00074,0.00015,
25.090,5.09875,0.01715,1.68780,1.66090,0.08742,0.00074,0.00015,
25.091,5.09875,0.01924,2.45832,0.89445,0.09809,0.00074,0.00015,
25.092,5.09875,0.01924,2.20230,1.14559,0.09809,0.00074,0.00015,
25.093,5.09500,0.01861,2.05390,1.30784,0.09482,0.00074,0.00015,
25.094,5.09750,0.01840,1.64296,1.68454,0.09380,0.00074,0.00015,
25.095,5.09625,0.01840,1.97073,0.00000,0.09377,0.00074,0.00015,
25.096,5.09625,0.01882,2.36129,1.63073,0.09591,0.00074,0.00015,
25.097,5.09750,0.01777,2.16724,1.02491,0.09060,0.00074,0.00015,
25.098,5.09625,0.01882,1.92507,1.42118,0.09591,0.00074,0.00015,
25.099,5.09875,0.01798,2.67521,1.21326,0.09169,0.00074,0.00015,
25.100,5.09875,0.01777,2.67521,1.21326,0.09062,0.00074,0.00015,
25.101,5.09500,0.01777,1.42746,0.82793,0.09056,0.00074,0.00015,
25.102,5.09750,0.01840,1.77739,1.78962,0.09380,0.00074,0.00015,
25.103,5.09750,0.01882,0.62727,2.01476,0.09593,0.00074,0.00015,
25.104,5.10000,0.01756,2.14690,0.53999,0.08958,0.00074,0.00015,
25.105,5.09625,0.01736,3.07107,0.03181,0.08845,0.00074,0.00015,
25.106,5.10000,0.01903,2.00334,1.29042,0.09704,0.00074,0.00015,
25.107,5.09875,0.01861,1.91443,1.42012,0.09489,0.00074,0.00015,
25.108,5.09625,0.01840,1.68848,1.72845,0.09377,0.00074,0.00015,
25.109,5.09625,0.01861,2.31738,1.07671,0.09484,0.00074,0.00015,
25.110,5.09875,0.01861,1.56857,0.16966,0.09489,0.00074,0.00015,
25.111,5.09875,0.01903,1.56857,0.16966,0.09702,0.00074,0.00015,
25.112,5.09625,0.01966,2.25782,1.65829,0.10017,0.00074,0.00015,
25.113,5.09750,0.01777,2.89813,0.87605,0.09060,0.00074,0.00015,
25.114,5.09750,0.01924,1.91360,1.97967,0.09806,0.00074,0.00015,
25.115,5.09875,0.01840,3.07595,0.04486,0.09382,0.00074,0.00015,
25.116,5.09875,0.01819,1.83040,3.00335,0.09275,0.00074,0.00015,
25.117,5.09875,0.01903,2.76272,0.53509,0.09702,0.00074,0.00015,
25.118,5.09875,0.01861,1.66318,1.69336,0.09489,0.00074,0.00015,
25.119,5.09500,0.01861,2.77985,1.54409,0.09482,0.00074,0.00015,
25.120,5.09750,0.01673,1.73578,0.16069,0.08527,0.00074,0.00015,
25.121,5.09625,0.01840,1.20966,1.33772,0.09377,0.00074,0.00015,
25.122,5.09875,0.01798,1.20966,1.33772,0.09169,0.00074,0.00015,
25.123,5.10000,0.01819,1.20966,1.33772,0.09278,0.00074,0.00015,
25.124,5.09500,0.01756,3.16322,0.01142,0.08949,0.00074,0.00015,
25.125,5.09875,0.01819,2.10283,1.08975,0.09275,0.00074,0.00015,
25.126,5.09750,0.01756,2.01147,1.33609,0.08953,0.00074,0.00015,
25.127,5.09750,0.01903,2.69828,0.69986,0.09700,0.00074,0.00015,
25.128,5.09875,0.01903,1.09709,1.47231,0.09702,0.00074,0.00015,
25.129,5.09750,0.01777,1.32304,1.74230,0.09060,0.00074,0.00015,
25.130,5.09625,0.01903,2.14688,1.24229,0.09697,0.00074,0.00015,
25.131,5.09875,0.01945,1.63463,1.65665,0.09915,0.00074,0.00015,
25.132,5.09625,0.01798,1.84344,0.55793,0.09164,0.00074,0.00015,
25.133,5.09625,0.01903,3.05800,0.85973,0.09697,0.00074,0.00015,
25.134,5.09750,0.01924,3.05800,0.85973,0.09806,0.00074,0.00015,
25.135,5.09500,0.01798,3.09129,1.53749,0.09162,0.00074,0.00015,
25.136,5.09500,0.01924,2.65574,2.84333,0.09801,0.00074,0.00015,
25.137,5.09625,0.01924,1.87761,0.35644,0.09804,0.00074,0.00015,
25.138,5.09750,0.01861,2.40044,0.82135,0.09486,0.00074,0.00015,
25.139,5.09625,0.01840,2.72425,1.31808,0.09377,0.00074,0.00015,
25.140,5.09875,0.01819,1.14761,1.54401,0.09275,0.00074,0.00015,
25.141,5.09500,0.01882,2.24057,1.76832,0.09588,0.00074,0.00015,
25.142,5.09625,0.01777,2.20550,1.15821,0.09058,0.00074,0.00015,
25.143,5.09625,0.01798,2.00322,0.73408,0.09164,0.00074,0.00015,
25.144,5.09750,0.01819,2.47711,0.86214,0.09273,0.00074,0.00015,
25.145,5.09750,0.01777,2.47711,0.86214,0.09060,0.00074,0.00015,
25.146,5.09500,0.01777,1.13934,1.25025,0.09056,0.00074,0.00015,
25.147,5.09500,0.01777,2.09762,0.04404,0.09056,0.00074,0.00015,
25.148,5.09875,0.01986,1.63520,3.01676,0.10128,0.00074,0.00015,
25.149,5.09750,0.01840,2.37817,1.63194,0.09380,0.00074,0.00015,
25.150,5.09625,0.01756,2.12046,1.87497,0.08951,0.00074,0.00015,
25.151,5.09625,0.01924,2.24116,1.01129,0.09804,0.00074,0.00015,
25.152,5.09250,0.01924,2.45402,0.94360,0.09797,0.00074,0.00015,
25.153,5.09750,0.01756,1.46067,1.83175,0.08953,0.00074,0.00015,
25.154,5.09750,0.01903,1.74448,1.66293,0.09700,0.00074,0.00015,
25.155,5.09750,0.01903,3.19944,0.00571,0.09700,0.00074,0.00015,
25.156,5.09500,0.01819,3.19944,0.00571,0.09269,0.00074,0.00015,
25.157,5.09875,0.01819,1.62755,1.22474,0.09275,0.00074,0.00015,
25.158,5.09875,0.01798,1.81020,1.32666,0.09169,0.00074,0.00015,
25.159,5.10000,0.01882,1.72866,1.63489,0.09598,0.00074,0.00015,
25.160,5.09875,0.01882,2.30434,1.04698,0.09595,0.00074,0.00015,
25.161,5.09625,0.01840,1.34460,1.45794,0.09377,0.00074,0.00015,
25.162,5.09625,0.01798,2.83109,1.75068,0.09164,0.00074,0.00015,
25.163,5.09625,0.01861,2.43317,2.54243,0.09484,0.00074,0.00015,
25.164,5.09750,0.01861,2.17713,2.92404,0.09486,0.00074,0.00015,
25.165,5.09750,0.01861,3.06022,1.48893,0.09486,0.00074,0.00015,
25.166,5.09750,0.01819,2.89958,2.04830,0.09273,0.00074,0.00015,
25.167,5.09500,0.01924,2.89958,2.04830,0.09801,0.00074,0.00015,
25.168,5.09750,0.01903,2.34837,1.66587,0.09700,0.00074,0.00015,
25.169,5.10000,0.01840,0.75914,1.99938,0.09384,0.00074,0.00015,
25.170,5.10000,0.01861,1.75231,1.06410,0.09491,0.00074,0.00015,
25.171,5.09875,0.01903,2.34103,1.03149,0.09702,0.00074,0.00015,
25.172,5.09875,0.01819,1.59657,1.72866,0.09275,0.00074,0.00015,
25.173,5.09625,0.01819,1.67321,1.67974,0.09271,0.00074,0.00015,
25.174,5.09625,0.01924,1.31607,1.58515,0.09804,0.00074,0.00015,
25.175,5.09875,0.01840,3.08713,0.30333,0.09382,0.00074,0.00015,
25.176,5.10000,0.01777,2.54651,0.79584,0.09064,0.00074,0.00015,
25.177,5.09875,0.01777,1.70420,0.41260,0.09062,0.00074,0.00015,
25.178,5.09875,0.01736,1.70420,0.41260,0.08849,0.00074,0.00015,
25.179,5.09750,0.01840,2.27416,0.01305,0.09380,0.00074,0.00015,
25.180,5.09625,0.01798,2.16898,1.78574,0.09164,0.00074,0.00015,
25.181,5.09625,0.01861,0.84721,1.08367,0.09484,0.00074,0.00015,
25.182,5.09625,0.01861,1.40086,0.07828,0.09484,0.00074,0.00015,
25.183,5.09500,0.01798,3.05695,0.01468,0.09162,0.00074,0.00015,
25.184,5.09875,0.01715,1.56395,1.30791,0.08742,0.00074,0.00015,
25.185,5.10000,0.01777,3.06755,0.03017,0.09064,0.00074,0.00015,
25.186,5.09875,0.01861,1.83629,1.50768,0.09489,0.00074,0.00015,
25.187,5.10000,0.01861,3.10588,1.24757,0.09491,0.00074,0.00015,
25.188,5.09750,0.01798,0.58138,1.31769,0.09167,0.00074,0.00015,
25.189,5.09625,0.01840,0.58138,1.31769,0.09377,0.00074,0.00015,
25.190,5.09625,0.01903,0.44766,0.93119,0.09697,0.00074,0.00015,
25.191,5.09875,0.01903,2.04504,0.32290,0.09702,0.00074,0.00015,
25.192,5.09625,0.01861,1.32504,1.74742,0.09484,0.00074,0.00015,
25.193,5.09625,0.01861,2.79114,2.18121,0.09484,0.00074,0.00015,
25.194,5.09625,0.01861,1.85423,2.51797,0.09484,0.00074,0.00015,
25.195,5.09875,0.01756,3.07245,0.02446,0.08956,0.00074,0.00015,
25.196,5.09875,0.01777,2.62805,1.35928,0.09062,0.00074,0.00015,
25.197,5.09750,0.01840,1.23942,0.06686,0.09380,0.00074,0.00015,
25.198,5.09750,0.01777,2.31331,0.89450,0.09060,0.00074,0.00015,
25.199,5.09750,0.01819,2.43236,2.87757,0.09273,0.00074,0.00015,
25.200,5.09875,0.01819,2.43236,2.87757,0.09275,0.00074,0.00015,
25.201,5.09500,0.01736,1.39842,0.00734,0.08843,0.00074,0.00015,
25.202,5.09625,0.01840,1.57047,0.13454,0.09377,0.00074,0.00015,
25.203,5.09625,0.01840,2.96400,2.70389,0.09377,0.00074,0.00015,
25.204,5.09875,0.01777,2.81967,2.79929,0.09062,0.00074,0.00015,
25.205,5.09875,0.01861,3.01945,0.82601,0.09489,0.00074,0.00015,
25.206,5.09500,0.01924,2.20893,0.43135,0.09801,0.00074,0.00015,
25.207,5.09625,0.01736,1.90560,1.43267,0.08845,0.00074,0.00015,
25.208,5.09875,0.01882,1.47099,1.93577,0.09595,0.00074,0.00015,
25.209,5.09875,0.01882,1.91213,0.51534,0.09595,0.00074,0.00015,
25.210,5.09750,0.01903,2.17876,0.48761,0.09700,0.00074,0.00015,
25.211,5.09875,0.01777,2.17876,0.48761,0.09062,0.00074,0.00015,
25.212,5.09500,0.01903,2.24807,1.09182,0.09695,0.00074,0.00015,
25.213,5.09750,0.01840,1.95615,0.79013,0.09380,0.00074,0.00015,
25.214,5.10000,0.01798,1.39515,0.00571,0.09171,0.00074,0.00015,
25.215,5.09875,0.01777,3.05205,1.30383,0.09062,0.00074,0.00015,
25.216,5.09875,0.01861,2.42256,0.82111,0.09489,0.00074,0.00015,
25.217,5.09875,0.01777,2.72426,1.34297,0.09062,0.00074,0.00015,
25.218,5.09875,0.01798,1.07552,1.28344,0.09169,0.00074,0.00015,
25.219,5.09625,0.01798,2.19588,1.10732,0.09164,0.00074,0.00015,
25.220,5.09875,0.01777,0.98582,1.17173,0.09062,0.00074,0.00015,
25.221,5.09625,0.01777,2.36141,0.95565,0.09058,0.00075,0.00015,
25.222,5.09500,0.01694,2.36141,0.95565,0.08629,0.00075,0.00015,
25.223,5.09750,0.01798,3.06182,0.02202,0.09167,0.00075,0.00015,
25.224,5.09875,0.01840,1.09182,1.17580,0.09382,0.00075,0.00015,
25.225,5.09625,0.01882,1.96918,2.15183,0.09591,0.00075,0.00015,
25.226,5.09875,0.01882,2.01322,1.30545,0.09595,0.00075,0.00015,
25.227,5.09875,0.01819,1.13666,1.29240,0.09275,0.00075,0.00015,
25.228,5.09625,0.01819,2.37199,0.85046,0.09271,0.00075,0.00015,
25.229,5.09875,0.01903,2.75767,2.10862,0.09702,0.00075,0.00015,
25.230,5.09625,0.01840,1.92189,1.35437,0.09377,0.00075,0.00015,
25.231,5.09875,0.01777,2.00098,1.21820,0.09062,0.00075,0.00015,
25.232,5.09875,0.01798,2.11677,0.10437,0.09169,0.00075,0.00015,
25.233,5.09375,0.01840,2.11677,0.10437,0.09373,0.00075,0.00015,
25.234,5.09875,0.01861,3.08953,0.25277,0.09489,0.00075,0.00015,
25.235,5.09875,0.01861,2.17058,0.00815,0.09489,0.00075,0.00015,
25.236,5.09875,0.01903,3.06507,0.01794,0.09702,0.00075,0.00015,
25.237,5.09875,0.01903,2.16324,0.09540,0.09702,0.00075,0.00015,
25.238,5.09500,0.01715,1.30137,1.70254,0.08736,0.00075,0.00015,
25.239,5.09750,0.01777,2.34589,0.87003,0.09060,0.00075,0.00015,
25.240,5.09500,0.01819,2.84736,2.29778,0.09269,0.00075,0.00015,
25.241,5.09625,0.01777,1.64547,1.62590,0.09058,0.00075,0.00015,
25.242,5.09875,0.01819,2.43314,2.53588,0.09275,0.00075,0.00015,
25.243,5.09875,0.01903,1.60633,1.79876,0.09702,0.00075,0.00015,
25.244,5.09750,0.01819,1.60633,1.79876,0.09273,0.00075,0.00015,
25.245,5.09750,0.01882,1.39266,1.13174,0.09593,0.00075,0.00015,
25.246,5.09875,0.01882,3.07721,0.18590,0.09595,0.00075,0.00015,
25.247,5.09875,0.01861,2.87908,1.96260,0.09489,0.00075,0.00015,
25.248,5.09875,0.01924,1.52311,1.58101,0.09809,0.00075,0.00015,
25.249,5.09875,0.01819,1.55736,1.73919,0.09275,0.00075,0.00015,
25.250,5.09750,0.01882,2.27815,1.06895,0.09593,0.00075,0.00015,
25.251,5.09625,0.01924,1.37472,2.00908,0.09804,0.00075,0.00015,
25.252,5.09750,0.01840,2.97285,1.83459,0.09380,0.00075,0.00015,
25.253,5.09625,0.01882,1.72043,3.05357,0.09591,0.00075,0.00015,
25.254,5.09625,0.01945,1.70413,1.65602,0.09910,0.00075,0.00015,
25.255,5.09750,0.01945,1.70413,1.65602,0.09913,0.00075,0.00015,
25.256,5.09625,0.01736,2.50797,2.52183,0.08845,0.00075,0.00015,
25.257,5.09875,0.01903,0.62944,1.47168,0.09702,0.00075,0.00015,
25.258,5.09750,0.01840,2.43296,0.80800,0.09380,0.00075,0.00015,
25.259,5.09625,0.01882,2.02284,0.72076,0.09591,0.00075,0.00015,
25.260,5.09750,0.01798,1.59072,0.93926,0.09167,0.00075,0.00015,
25.261,5.09750,0.01903,1.62741,1.66817,0.09700,0.00075,0.00015,
25.262,5.09625,0.01840,2.26174,0.25275,0.09377,0.00075,0.00015,
25.263,5.09625,0.01736,3.05587,0.01631,0.08845,0.00075,0.00015,
25.264,5.09875,0.01736,0.92214,1.87608,0.08849,0.00075,0.00015,
25.265,5.09625,0.01736,2.21934,2.50715,0.08845,0.00075,0.00015,
25.266,5.09250,0.01861,2.21934,2.50715,0.09477,0.00075,0.00015,
25.267,5.09875,0.01715,1.65339,0.62206,0.08742,0.00075,0.00015,
25.268,5.09750,0.01798,1.99174,1.28733,0.09167,0.00075,0.00015,
25.269,5.09500,0.01756,1.47322,1.82134,0.08949,0.00075,0.00015,
25.270,5.10000,0.01798,1.05661,1.14955,0.09171,0.00075,0.00015,
25.271,5.09750,0.01736,1.96157,1.41370,0.08847,0.00075,0.00015,
25.272,5.09750,0.01840,1.62078,1.77976,0.09380,0.00075,0.00015,
25.273,5.09875,0.01840,2.88121,2.77604,0.09382,0.00075,0.00015,
25.274,5.10000,0.01882,0.76474,1.63464,0.09598,0.00075,0.00015,
25.275,5.09875,0.01924,1.80748,2.18251,0.09809,0.00075,0.00015,
25.276,5.09750,0.01777,2.35617,0.88051,0.09060,0.00075,0.00015,
25.277,5.09750,0.01945,2.35617,0.88051,0.09913,0.00075,0.00015,
25.278,5.09625,0.01861,1.07454,1.40392,0.09484,0.00075,0.00015,
25.279,5.09750,0.01840,2.85186,2.51515,0.09380,0.00075,0.00015,
25.280,5.10000,0.01924,2.00886,0.72071,0.09811,0.00075,0.00015,
25.281,5.10000,0.01924,1.30853,1.72596,0.09811,0.00075,0.00015,
25.282,5.09625,0.01924,0.85686,1.09574,0.09804,0.00075,0.00015,
25.283,5.09750,0.01798,3.05813,0.62043,0.09167,0.00075,0.00015,
25.284,5.09875,0.01945,3.05813,0.62043,0.09915,0.00075,0.00015,
25.285,5.09750,0.01924,1.83276,2.56325,0.09806,0.00075,0.00015,
25.286,5.09875,0.01798,2.03413,0.00245,0.09169,0.00075,0.00015,
25.287,5.09875,0.01903,1.30038,0.14838,0.09702,0.00075,0.00015,
25.288,5.09500,0.01882,2.08631,1.06965,0.09588,0.00075,0.00015,
25.289,5.09750,0.01736,2.08631,1.06965,0.08847,0.00075,0.00015,
25.290,5.09750,0.01756,1.19602,1.30446,0.08953,0.00075,0.00015,
25.291,5.09625,0.01756,1.76428,1.60041,0.08951,0.00075,0.00015,
25.292,5.09375,0.01736,2.18415,1.05498,0.08840,0.00075,0.00015,
25.293,5.09625,0.01882,1.43490,0.83404,0.09591,0.00075,0.00015,
25.294,5.09750,0.01840,1.65014,1.20662,0.09380,0.00075,0.00015,
25.295,5.09750,0.01777,0.76474,0.85442,0.09060,0.00075,0.00015,
25.296,5.09750,0.01882,1.30690,2.08305,0.09593,0.00075,0.00015,
25.297,5.09750,0.01945,1.88249,1.11123,0.09913,0.00075,0.00015,
25.298,5.09625,0.01819,0.95225,1.20581,0.09271,0.00075,0.00015,
25.299,5.09625,0.01945,1.57758,1.75286,0.09910,0.00075,0.00015,
25.300,5.09625,0.01945,1.57758,1.75286,0.09910,0.00075,0.00015,
25.301,5.09750,0.01819,1.91020,0.51118,0.09273,0.00075,0.00015,
25.302,5.09750,0.01798,1.79769,0.51200,0.09167,0.00075,0.00015,
25.303,5.09875,0.01840,1.45120,1.45201,0.09382,0.00075,0.00015,
25.304,5.09625,0.01840,2.30969,0.94899,0.09377,0.00075,0.00015,
25.305,5.09875,0.01736,2.19310,2.84125,0.08849,0.00075,0.00015,
25.306,5.09750,0.01798,1.93874,1.38190,0.09167,0.00075,0.00015,
25.307,5.09625,0.01798,2.53063,0.72152,0.09164,0.00075,0.00015,
25.308,5.09625,0.01798,1.91754,1.24575,0.09164,0.00075,0.00015,
25.309,5.09625,0.01798,1.66725,1.68845,0.09164,0.00075,0.00015,
25.310,5.09625,0.01777,1.37212,2.02923,0.09058,0.00075,0.00015,
25.311,5.09875,0.01819,1.37212,2.02923,0.09275,0.00075,0.00015,
25.312,5.09500,0.01798,0.70765,1.09735,0.09162,0.00075,0.00015,
25.313,5.10125,0.01736,2.45639,2.53792,0.08853,0.00075,0.00015,
25.314,5.09625,0.01798,1.12833,1.28078,0.09164,0.00075,0.00015,
25.315,5.09875,0.01840,2.97490,1.10631,0.09382,0.00075,0.00015,
25.316,5.10000,0.01777,2.69853,0.58618,0.09064,0.00075,0.00015,
25.317,5.10000,0.01882,2.31291,1.04109,0.09598,0.00075,0.00015,
25.318,5.09875,0.01882,2.23709,1.58977,0.09595,0.00075,0.00015,
25.319,5.09875,0.01924,0.75575,1.38432,0.09809,0.00075,0.00015,
25.320,5.09750,0.01882,2.65124,2.19958,0.09593,0.00075,0.00015,
25.321,5.09875,0.01840,2.00147,2.08137,0.09382,0.00075,0.00015,
25.322,5.09875,0.01861,2.00147,2.08137,0.09489,0.00075,0.00015,
25.323,5.09625,0.01840,1.78538,0.03587,0.09377,0.00075,0.00015,
25.324,5.09875,0.01840,1.84408,1.51554,0.09382,0.00075,0.00015,
25.325,5.09625,0.01715,1.47640,1.18455,0.08738,0.00075,0.00015,
25.326,5.09625,0.01861,1.93702,0.79894,0.09484,0.00075,0.00015,
25.327,5.09750,0.01861,2.94221,2.75796,0.09486,0.00075,0.00015,
25.328,5.09875,0.01798,2.50687,0.75818,0.09169,0.00075,0.00015,
25.329,5.09750,0.01756,0.99867,1.18944,0.08953,0.00075,0.00015,
25.330,5.09875,0.01777,1.36961,1.69163,0.09062,0.00075,0.00015,
25.331,5.09625,0.01861,2.02669,2.02588,0.09484,0.00075,0.00015,
25.332,5.09750,0.01882,2.23213,0.97503,0.09593,0.00075,0.00015,
25.333,5.09625,0.01840,2.23213,0.97503,0.09377,0.00075,0.00015,
25.334,5.09625,0.01882,1.48780,1.45764,0.09591,0.00075,0.00015,
25.335,5.09625,0.01924,3.08811,1.34432,0.09804,0.00075,0.00015,
25.336,5.09875,0.01924,2.96908,1.08834,0.09809,0.00075,0.00015,
25.337,5.09625,0.01777,1.76743,2.44000,0.09058,0.00075,0.00015,
25.338,5.09875,0.01840,2.67641,0.61143,0.09382,0.00075,0.00015,
25.339,5.09750,0.01945,1.87259,1.47476,0.09913,0.00075,0.00015,
25.340,5.09875,0.01840,0.99133,0.59023,0.09382,0.00075,0.00015,
25.341,5.09750,0.01882,2.84843,2.77832,0.09593,0.00075,0.00015,
25.342,5.09875,0.01861,1.48780,1.86037,0.09489,0.00075,0.00015,
25.343,5.09875,0.01736,1.21470,1.32965,0.08849,0.00075,0.00015,
25.344,5.09625,0.01924,1.21470,1.32965,0.09804,0.00075,0.00015,
25.345,5.09625,0.01924,1.03454,0.22174,0.09804,0.00075,0.00015,
25.346,5.09750,0.01903,2.62180,2.66338,0.09700,0.00075,0.00015,
25.347,5.09875,0.01736,1.83102,2.56637,0.08849,0.00075,0.00015,
25.348,5.09625,0.01798,2.55332,0.70436,0.09164,0.00075,0.00015,
25.349,5.09750,0.01756,2.51093,0.75980,0.08953,0.00075,0.00015,
25.350,5.09750,0.01861,1.46987,1.62884,0.09486,0.00075,0.00015,
25.351,5.09750,0.01798,2.83702,2.27940,0.09167,0.00075,0.00015,
25.352,5.09625,0.01840,2.70333,2.02749,0.09377,0.00075,0.00015,
25.353,5.09625,0.01777,1.96880,2.08456,0.09058,0.00075,0.00015,
25.354,5.09625,0.01777,1.88809,1.49841,0.09058,0.00075,0.00015,
25.355,5.09750,0.01861,1.88809,1.49841,0.09486,0.00075,0.00015,
25.356,5.09250,0.01798,3.09464,0.56170,0.09158,0.00075,0.00015,
25.357,5.09625,0.01945,1.58237,1.81553,0.09910,0.00075,0.00015,
25.358,5.09750,0.01924,1.97124,1.40058,0.09806,0.00075,0.00015,
25.359,5.09875,0.01777,2.10086,1.22938,0.09062,0.00075,0.00015,
25.360,5.09750,0.01777,1.38101,0.80056,0.09060,0.00075,0.00015,
25.361,5.09750,0.01840,0.94649,1.21389,0.09380,0.00075,0.00015,
25.362,5.09750,0.01777,0.88127,0.93263,0.09060,0.00075,0.00015,
25.363,5.09750,0.01966,1.80493,0.00245,0.10019,0.00075,0.00015,
25.364,5.10000,0.01966,2.91936,2.63566,0.10024,0.00075,0.00015,
25.365,5.09625,0.01756,1.52449,1.77558,0.08951,0.00075,0.00015,
25.366,5.10000,0.01945,1.52449,1.77558,0.09918,0.00075,0.00015,
25.367,5.09875,0.01840,3.12318,0.01712,0.09382,0.00075,0.00015,
25.368,5.09625,0.01861,2.58431,0.81361,0.09484,0.00075,0.00015,
25.369,5.09750,0.01924,2.21011,1.16498,0.09806,0.00075,0.00015,
25.370,5.09875,0.01798,2.25821,2.92752,0.09169,0.00075,0.00015,
25.371,5.10000,0.01903,1.63537,0.97747,0.09704,0.00075,0.00015,
25.372,5.10000,0.01903,2.09190,2.07886,0.09704,0.00075,0.00015,
25.373,5.09750,0.01903,2.17098,1.31498,0.09700,0.00075,0.00015,
25.374,5.09750,0.01819,1.90114,1.05410,0.09273,0.00075,0.00015,
25.375,5.09500,0.01861,1.44623,0.14430,0.09482,0.00075,0.00015,
25.376,5.10000,0.01798,2.69844,2.26962,0.09171,0.00075,0.00015,
25.377,5.09625,0.01777,2.69844,2.26962,0.09058,0.00075,0.00015,
25.378,5.10000,0.01861,2.77345,2.39681,0.09491,0.00075,0.00015,
25.379,5.09750,0.01903,2.41230,0.98318,0.09700,0.00075,0.00015,
25.380,5.09750,0.01715,1.50493,0.00000,0.08740,0.00075,0.00015,
25.381,5.09750,0.01756,1.90114,2.21745,0.08953,0.00075,0.00015,
25.382,5.09625,0.01756,2.31691,2.59573,0.08951,0.00075,0.00015,
25.383,5.09750,0.01798,1.33455,1.69081,0.09167,0.00075,0.00015,
25.384,5.09875,0.01840,2.46366,2.55496,0.09382,0.00075,0.00015,
25.385,5.09875,0.01756,1.57097,2.21745,0.08956,0.00075,0.00015,
25.386,5.09500,0.01798,2.51176,1.70304,0.09162,0.00075,0.00015,
25.387,5.09625,0.01819,0.83236,1.50493,0.09271,0.00075,0.00015,
25.388,5.09500,0.01945,0.83236,1.50493,0.09908,0.00075,0.00015,
25.389,5.09625,0.01777,2.81669,2.46124,0.09058,0.00075,0.00015,
25.390,5.09625,0.01966,2.16367,1.18537,0.10017,0.00075,0.00015,
25.391,5.09875,0.01966,2.56641,2.48407,0.10022,0.00075,0.00015,
25.392,5.09625,0.01882,2.11313,0.00000,0.09591,0.00075,0.00015,
25.393,5.09750,0.01861,0.79405,1.60197,0.09486,0.00075,0.00015,
25.394,5.09875,0.01777,1.70958,1.41690,0.09062,0.00075,0.00015,
25.395,5.09500,0.01798,1.69164,0.96933,0.09162,0.00075,0.00015,
25.396,5.09500,0.01736,1.98839,0.48670,0.08843,0.00075,0.00015,
25.397,5.09625,0.01756,1.96231,2.97729,0.08951,0.00075,0.00015,
25.398,5.09875,0.01861,1.68594,2.86805,0.09489,0.00075,0.00015,
25.399,5.09875,0.01777,1.68594,2.86805,0.09062,0.00075,0.00015,
25.400,5.09625,0.01777,1.72022,0.00000,0.09058,0.00075,0.00015,
25.401,5.09750,0.01736,1.91262,1.41938,0.08847,0.00075,0.00015,
25.402,5.09625,0.01798,1.64440,0.00734,0.09164,0.00075,0.00015,
25.403,5.10125,0.01798,2.01290,0.00978,0.09173,0.00075,0.00015,
25.404,5.09625,0.01861,1.65826,2.94964,0.09484,0.00075,0.00015,
25.405,5.09625,0.01756,2.06263,0.03506,0.08951,0.00075,0.00015,
25.406,5.09750,0.01924,2.21182,2.93170,0.09806,0.00075,0.00015,
25.407,5.09625,0.01882,2.84936,2.31047,0.09591,0.00075,0.00015,
25.408,5.09625,0.01777,1.39574,1.67701,0.09058,0.00075,0.00015,
25.409,5.09875,0.01777,1.86044,1.27916,0.09062,0.00075,0.00015,
25.410,5.09750,0.01903,1.86044,1.27916,0.09700,0.00075,0.00015,
25.411,5.09625,0.01882,3.06967,1.64124,0.09591,0.00075,0.00015,
25.412,5.09875,0.01840,1.64776,1.85403,0.09382,0.00075,0.00015,
25.413,5.09750,0.01903,0.56909,1.10639,0.09700,0.00075,0.00015,
25.414,5.09625,0.01861,1.75130,1.37137,0.09484,0.00075,0.00015,
25.415,5.09750,0.01819,1.79044,0.90500,0.09273,0.00075,0.00015,
25.416,5.09500,0.01798,1.29799,1.61352,0.09162,0.00075,0.00015,
25.417,5.09500,0.01966,0.62616,1.42518,0.10014,0.00075,0.00015,
25.418,5.09875,0.01966,2.33100,0.87239,0.10022,0.00075,0.00015,
25.419,5.09875,0.01756,1.49529,1.66570,0.08956,0.00075,0.00015,
25.420,5.09750,0.01756,0.65633,1.94861,0.08953,0.00075,0.00015,
25.421,5.09750,0.01777,0.65633,1.94861,0.09060,0.00075,0.00015,
25.422,5.09875,0.01945,0.61964,1.42436,0.09915,0.00075,0.00015,
25.423,5.09750,0.01924,2.13450,1.98122,0.09806,0.00075,0.00015,
25.424,5.09875,0.01882,1.47409,0.00326,0.09595,0.00075,0.00015,
25.425,5.10125,0.01840,0.64981,2.03993,0.09387,0.00075,0.00015,
25.426,5.10125,0.01903,1.89806,1.20178,0.09707,0.00075,0.00015,
25.427,5.09875,0.01903,1.62411,3.02646,0.09702,0.00075,0.00015,
25.428,5.09750,0.01798,1.73010,2.76637,0.09167,0.00075,0.00015,
25.429,5.09625,0.01819,1.69831,0.61393,0.09271,0.00075,0.00015,
25.430,5.10000,0.01924,1.37381,0.00408,0.09811,0.00075,0.00015,
25.431,5.09875,0.01777,1.32408,2.08477,0.09062,0.00075,0.00015,
25.432,5.09875,0.01840,1.32408,2.08477,0.09382,0.00075,0.00015,
25.433,5.09625,0.01819,1.91274,0.84875,0.09271,0.00075,0.00015,
25.434,5.09750,0.01715,2.45737,2.53972,0.08740,0.00075,0.00015,
25.435,5.09750,0.01819,0.84712,0.76558,0.09273,0.00075,0.00015,
25.436,5.10000,0.01819,3.09251,0.46555,0.09278,0.00075,0.00015,
25.437,5.09625,0.01861,1.16998,1.46839,0.09484,0.00075,0.00015,
25.438,5.09625,0.01882,2.02770,0.69465,0.09591,0.00075,0.00015,
25.439,5.09875,0.01840,2.53972,0.72074,0.09382,0.00075,0.00015,
25.440,5.09625,0.01736,2.23479,1.37871,0.08845,0.00075,0.00015,
25.441,5.09875,0.01798,2.76475,2.39133,0.09169,0.00075,0.00015,
25.442,5.09875,0.01882,1.31022,1.59640,0.09595,0.00075,0.00015,
25.443,5.09750,0.01715,1.31022,1.59640,0.08740,0.00075,0.00015,
25.444,5.09750,0.01924,2.21115,0.00326,0.09806,0.00075,0.00015,
25.445,5.09750,0.01924,0.62454,1.28005,0.09806,0.00075,0.00015,
25.446,5.09500,0.01819,0.62454,1.28005,0.09269,0.00075,0.00015,
25.447,5.09500,0.01798,1.43496,0.03098,0.09162,0.00075,0.00015,
25.448,5.09625,0.01903,3.08191,0.08316,0.09697,0.00075,0.00015,
25.449,5.09750,0.01924,1.50753,1.85078,0.09806,0.00075,0.00015,
25.450,5.09625,0.01819,2.32855,2.89520,0.09271,0.00075,0.00015,
25.451,5.09750,0.01966,2.83813,2.26496,0.10019,0.00075,0.00015,
25.452,5.09625,0.01882,2.64408,2.18669,0.09591,0.00075,0.00015,
25.453,5.09625,0.01819,1.74805,2.52505,0.09271,0.00075,0.00015,
25.454,5.09625,0.01819,1.50264,1.39175,0.09271,0.00075,0.00015,
25.455,5.09625,0.01777,1.50264,1.39175,0.09058,0.00075,0.00015,
25.456,5.09875,0.01861,0.70606,1.50100,0.09489,0.00075,0.00015,
25.457,5.09500,0.01840,2.18260,1.18710,0.09375,0.00075,0.00015,
25.458,5.10000,0.01777,1.88827,0.00489,0.09064,0.00075,0.00015,
25.459,5.09625,0.01715,2.54215,0.71829,0.08738,0.00075,0.00015,
25.460,5.09625,0.01924,1.44800,1.61432,0.09804,0.00075,0.00015,
25.461,5.10000,0.01840,0.65144,1.48143,0.09384,0.00075,0.00015,
25.462,5.10000,0.01861,2.01301,1.21319,0.09491,0.00075,0.00015,
25.463,5.09625,0.01861,1.67955,1.87930,0.09484,0.00075,0.00015,
25.464,5.09625,0.01861,1.88338,3.02890,0.09484,0.00075,0.00015,
25.465,5.10000,0.01819,0.62779,1.99345,0.09278,0.00075,0.00015,
25.466,5.09750,0.01798,0.62779,1.99345,0.09167,0.00075,0.00015,
25.467,5.09750,0.01840,2.72312,2.06109,0.09380,0.00075,0.00015,
25.468,5.09750,0.01798,1.42597,1.51891,0.09167,0.00075,0.00015,
25.469,5.09875,0.01715,2.06435,1.18464,0.08742,0.00075,0.00015,
25.470,5.09750,0.01798,0.70850,1.09006,0.09167,0.00075,0.00015,
25.471,5.09750,0.01882,1.88825,2.25187,0.09593,0.00075,0.00015,
25.472,5.09750,0.01882,2.26247,1.40314,0.09593,0.00075,0.00015,
25.473,5.09875,0.01840,1.55805,1.95266,0.09382,0.00075,0.00015,
25.474,5.09750,0.01798,1.57028,0.64409,0.09167,0.00075,0.00015,
25.475,5.09875,0.01924,3.09408,1.05664,0.09809,0.00075,0.00015,
25.476,5.09625,0.01840,2.15159,1.98119,0.09377,0.00075,0.00015,
25.477,5.09250,0.01798,2.15159,1.98119,0.09158,0.00075,0.00015,
25.478,5.09500,0.01924,3.08745,0.16632,0.09801,0.00075,0.00015,
25.479,5.09875,0.01903,2.24853,0.96284,0.09702,0.00075,0.00015,
25.480,5.09875,0.01777,1.35825,0.78674,0.09062,0.00075,0.00015,
25.481,5.10000,0.01777,1.44793,1.61099,0.09064,0.00075,0.00015,
25.482,5.10125,0.01924,2.01536,2.97494,0.09813,0.00075,0.00015,
25.483,5.09875,0.01840,0.65630,1.95340,0.09382,0.00075,0.00015,
25.484,5.09500,0.01840,1.39901,0.00000,0.09375,0.00075,0.00015,
25.485,5.10000,0.01903,1.94444,0.11903,0.09704,0.00075,0.00015,
25.486,5.09625,0.01694,1.82377,0.00571,0.08632,0.00075,0.00015,
25.487,5.09750,0.01861,0.75087,1.39086,0.09486,0.00075,0.00015,
25.488,5.09875,0.01819,0.75087,1.39086,0.09275,0.00075,0.00015,
25.489,5.09875,0.01798,1.62729,0.00815,0.09169,0.00075,0.00015,
25.490,5.09750,0.01798,2.40018,0.98322,0.09167,0.00075,0.00015,
25.491,5.09750,0.01861,1.72920,2.72955,0.09486,0.00075,0.00015,
25.492,5.09750,0.01777,1.09410,1.17237,0.09060,0.00075,0.00015,
25.493,5.09750,0.01798,0.44514,0.90577,0.09167,0.00075,0.00015,
25.494,5.09625,0.01840,1.54903,1.72268,0.09377,0.00075,0.00015,
25.495,5.09750,0.01840,3.00511,1.79035,0.09380,0.00075,0.00015,
25.496,5.09750,0.01861,1.71616,1.94118,0.09486,0.00075,0.00015,
25.497,5.09750,0.01903,1.08758,1.17563,0.09700,0.00075,0.00015,
25.498,5.10000,0.01903,2.14989,0.00734,0.09704,0.00075,0.00015,
25.499,5.10000,0.01903,2.14989,0.00734,0.09704,0.00075,0.00015,
25.500,5.09750,0.01819,0.45004,0.93024,0.09273,0.00075,0.00015,
25.501,5.09875,0.01861,1.88331,2.99209,0.09489,0.00075,0.00015,
25.502,5.09875,0.01945,0.80958,1.55964,0.09915,0.00075,0.00015,
25.503,5.09750,0.01777,0.62369,1.41207,0.09060,0.00075,0.00015,
25.504,5.09875,0.01903,1.98603,1.19521,0.09702,0.00075,0.00015,
25.505,5.09750,0.01903,2.07245,2.39612,0.09700,0.00075,0.00015,
25.506,5.09875,0.01777,3.08503,0.26497,0.09062,0.00075,0.00015,
25.507,5.09750,0.01861,0.69625,1.83357,0.09486,0.00075,0.00015,
25.508,5.09750,0.01903,2.13360,0.00000,0.09700,0.00075,0.00015,
25.509,5.09750,0.01903,0.89518,2.87714,0.09700,0.00075,0.00015,
25.510,5.09750,0.01777,0.89518,2.87714,0.09060,0.00075,0.00015,
25.511,5.10125,0.01819,1.10227,1.18869,0.09280,0.00075,0.00015,
25.512,5.09500,0.01777,2.76953,2.14584,0.09056,0.00075,0.00015,
25.513,5.09625,0.01756,3.08831,0.26415,0.08951,0.00075,0.00015,
25.514,5.09750,0.01777,2.04555,2.96601,0.09060,0.00075,0.00015,
25.515,5.09625,0.01819,2.16785,0.74517,0.09271,0.00075,0.00015,
25.516,5.09875,0.01819,0.69789,1.50420,0.09275,0.00075,0.00015,
25.517,5.09875,0.01840,3.07445,0.06685,0.09382,0.00075,0.00015,
25.518,5.09500,0.01840,0.92861,1.25880,0.09375,0.00075,0.00015,
25.519,5.09750,0.01798,1.65829,0.98976,0.09167,0.00075,0.00015,
25.520,5.10125,0.01945,2.09121,2.95542,0.09920,0.00075,0.00015,
25.521,5.09875,0.01882,2.09121,2.95542,0.09595,0.00075,0.00015,
25.522,5.09750,0.01756,3.07046,0.02038,0.08953,0.00075,0.00015,
25.523,5.09875,0.01819,2.06926,2.68726,0.09275,0.00075,0.00015,
25.524,5.09875,0.01861,2.74189,2.08883,0.09489,0.00075,0.00015,
25.525,5.09750,0.01715,1.98447,2.74841,0.08740,0.00075,0.00015,
25.526,5.09750,0.01798,3.06475,0.01304,0.09167,0.00075,0.00015,
25.527,5.09875,0.01798,2.95224,2.75412,0.09169,0.00075,0.00015,
25.528,5.10000,0.01777,1.72927,0.00489,0.09064,0.00075,0.00015,
25.529,5.10250,0.01903,2.32282,1.68525,0.09709,0.00075,0.00015,
25.530,5.09500,0.01736,2.13693,0.45168,0.08843,0.00075,0.00015,
25.531,5.09875,0.01861,3.07943,0.09458,0.09489,0.00075,0.00015,
25.532,5.09875,0.01861,3.07943,0.09458,0.09489,0.00075,0.00015,
25.533,5.09750,0.01736,1.35260,0.00326,0.08847,0.00075,0.00015,
25.534,5.09875,0.01715,1.85972,1.40559,0.08742,0.00075,0.00015,
25.535,5.09875,0.01903,3.07942,0.07664,0.09702,0.00075,0.00015,
25.536,5.09750,0.01903,1.28248,0.05952,0.09700,0.00075,0.00015,
25.537,5.09750,0.01819,0.60822,1.39255,0.09273,0.00075,0.00015,
25.538,5.10000,0.01861,2.00566,0.01223,0.09491,0.00075,0.00015,
25.539,5.09875,0.01819,0.93353,1.24824,0.09275,0.00075,0.00015,
25.540,5.09875,0.01819,1.68769,0.60741,0.09275,0.00075,0.00015,
25.541,5.10000,0.01756,2.34972,1.76188,0.08958,0.00075,0.00015,
25.542,5.09875,0.01924,1.06398,0.42559,0.09809,0.00075,0.00015,
25.543,5.09500,0.01903,1.06398,0.42559,0.09695,0.00075,0.00015,
25.544,5.09500,0.01840,1.78308,0.00571,0.09375,0.00075,0.00015,
25.545,5.09875,0.01840,1.68688,1.35586,0.09382,0.00075,0.00015,
25.546,5.09750,0.01903,2.08964,2.00485,0.09700,0.00075,0.00015,
25.547,5.09875,0.01924,1.64774,0.00489,0.09809,0.00075,0.00015,
25.548,5.09875,0.01736,1.59230,0.00571,0.08849,0.00075,0.00015,
25.549,5.10000,0.01798,1.54909,1.42108,0.09171,0.00075,0.00015,
25.550,5.09875,0.01840,1.88826,2.24618,0.09382,0.00075,0.00015,
25.551,5.09500,0.01861,1.30776,1.59311,0.09482,0.00075,0.00015,
25.552,5.09625,0.01694,1.41701,0.00245,0.08632,0.00075,0.00015,
25.553,5.09625,0.01798,2.08393,0.00652,0.09164,0.00075,0.00015,
25.554,5.09750,0.01798,2.08393,0.00652,0.09167,0.00075,0.00015,
25.555,5.09750,0.01861,2.04480,2.03746,0.09486,0.00075,0.00015,
25.556,5.09875,0.01903,2.19482,1.53523,0.09702,0.00075,0.00015,
25.557,5.09750,0.01777,0.67019,1.49691,0.09060,0.00075,0.00015,
25.558,5.09500,0.01903,2.09453,0.00408,0.09695,0.00075,0.00015,
25.559,5.09500,0.01882,2.59758,2.11410,0.09588,0.00075,0.00015,
25.560,5.09750,0.01798,2.23314,0.00734,0.09167,0.00075,0.00015,
25.561,5.09750,0.01924,1.82548,0.00326,0.09806,0.00075,0.00015,
25.562,5.09750,0.01903,0.76639,1.33140,0.09700,0.00075,0.00015,
25.563,5.09875,0.01903,0.99142,0.63594,0.09702,0.00075,0.00015,
25.564,5.09750,0.01736,1.04441,1.13899,0.08847,0.00075,0.00015,
25.565,5.09750,0.02007,1.04441,1.13899,0.10233,0.00075,0.00015,
25.566,5.09750,0.01882,3.08598,0.12800,0.09593,0.00075,0.00015,
25.567,5.09875,0.01715,2.94656,2.67750,0.08742,0.00075,0.00015,
25.568,5.09625,0.01736,2.11167,0.00652,0.08845,0.00075,0.00015,
25.569,5.09875,0.01840,2.21277,1.87523,0.09382,0.00075,0.00015,
25.570,5.09875,0.01777,1.96491,2.30653,0.09062,0.00075,0.00015,
25.571,5.09875,0.01840,0.84793,1.07948,0.09382,0.00075,0.00015,
25.572,5.09625,0.01840,2.31550,0.00000,0.09377,0.00075,0.00015,
25.573,5.09875,0.01882,3.09005,0.96452,0.09595,0.00075,0.00015,
25.574,5.09875,0.01945,1.83936,0.00245,0.09915,0.00075,0.00015,
25.575,5.09750,0.01819,2.26251,1.39256,0.09273,0.00075,0.00015,
25.576,5.09625,0.01819,2.26251,1.39256,0.09271,0.00075,0.00015,
25.577,5.10000,0.01945,3.07213,0.02691,0.09918,0.00075,0.00015,
25.578,5.09750,0.01840,2.16794,1.47981,0.09380,0.00075,0.00015,
25.579,5.10125,0.01756,2.57315,1.77169,0.08960,0.00075,0.00015,
25.580,5.10125,0.01903,2.11413,1.26782,0.09707,0.00075,0.00015,
25.581,5.09500,0.01903,1.51976,0.00489,0.09695,0.00075,0.00015,
25.582,5.09875,0.01736,1.99101,1.28005,0.08849,0.00075,0.00015,
25.583,5.10000,0.01882,2.58783,2.10190,0.09598,0.00075,0.00015,
25.584,5.09875,0.01756,2.17201,0.01141,0.08956,0.00075,0.00015,
25.585,5.09750,0.01903,1.22298,0.05544,0.09700,0.00075,0.00015,
25.586,5.09625,0.01882,3.06479,0.00978,0.09591,0.00075,0.00015,
25.587,5.09750,0.01861,3.06479,0.00978,0.09486,0.00075,0.00015,
25.588,5.09875,0.01882,3.09251,0.34733,0.09595,0.00075,0.00015,
25.589,5.09875,0.01945,1.87361,0.53485,0.09915,0.00075,0.00015,
25.590,5.09625,0.01945,2.83895,2.50140,0.09910,0.00075,0.00015,
25.591,5.09625,0.01798,0.79820,1.57194,0.09164,0.00075,0.00015,
25.592,5.09750,0.01924,1.67874,1.91600,0.09806,0.00075,0.00015,
25.593,5.09875,0.01924,0.48512,1.04116,0.09809,0.00075,0.00015,
25.594,5.09875,0.01777,0.65715,1.95025,0.09062,0.00075,0.00015,
25.595,5.09750,0.01903,1.44719,1.15694,0.09700,0.00075,0.00015,
25.596,5.09750,0.01903,1.47573,0.00652,0.09700,0.00075,0.00015,
25.597,5.09750,0.01777,3.07620,0.05707,0.09060,0.00075,0.00015,
25.598,5.09750,0.01861,3.07620,0.05707,0.09486,0.00075,0.00015,
25.599,5.09875,0.01861,3.07537,0.02935,0.09489,0.00075,0.00015,
25.600,5.09750,0.01924,2.17119,0.00245,0.09806,0.00075,0.00015,
25.601,5.09875,0.01819,0.61964,1.87931,0.09275,0.00075,0.00015,
25.602,5.09875,0.01777,1.07133,1.37299,0.09062,0.00075,0.00015,
25.603,5.09875,0.01840,2.83649,1.74641,0.09382,0.00075,0.00015,
25.604,5.09500,0.01736,2.34730,2.58129,0.08843,0.00075,0.00015,
25.605,5.09500,0.01798,1.47980,1.87767,0.09162,0.00076,0.00015,
25.606,5.09500,0.01715,3.09331,0.53811,0.08736,0.00076,0.00015,
25.607,5.09500,0.01903,3.09331,0.53811,0.09695,0.00076,0.00015,
25.608,5.09500,0.01903,1.63389,1.84506,0.09695,0.00076,0.00015,
25.609,5.09500,0.01840,1.50997,2.52504,0.09375,0.00076,0.00015,
25.610,5.09625,0.01777,1.50997,2.52504,0.09058,0.00076,0.00015,
25.611,5.09875,0.01861,3.08187,0.07256,0.09489,0.00076,0.00015,
25.612,5.09500,0.01798,0.90907,1.30287,0.09162,0.00076,0.00015,
25.613,5.09625,0.01861,3.08921,1.59067,0.09484,0.00076,0.00015,
25.614,5.09625,0.01903,1.59393,1.28819,0.09697,0.00076,0.00015,
25.615,5.09625,0.01840,2.97996,1.85157,0.09377,0.00076,0.00015,
25.616,5.09625,0.01736,1.31754,1.60534,0.08845,0.00076,0.00015,
25.617,5.09625,0.01736,1.08762,0.34651,0.08845,0.00076,0.00015,
25.618,5.09750,0.01819,0.97430,0.68649,0.09273,0.00076,0.00015,
25.619,5.09625,0.01861,1.59719,0.00897,0.09484,0.00076,0.00015,
25.620,5.09750,0.01798,1.28982,1.57355,0.09167,0.00076,0.00015,
25.621,5.09500,0.01715,1.28982,1.57355,0.08736,0.00076,0.00015,
25.622,5.09875,0.01819,1.99737,0.00734,0.09275,0.00076,0.00015,
25.623,5.09875,0.01819,1.90851,0.00815,0.09275,0.00076,0.00015,
25.624,5.09625,0.01736,2.89252,2.57049,0.08845,0.00076,0.00015,
25.625,5.09625,0.01756,1.20983,0.02446,0.08951,0.00076,0.00015,
25.626,5.09750,0.01756,1.34354,1.48294,0.08953,0.00076,0.00015,
25.627,5.09500,0.01861,0.61552,1.39408,0.09482,0.00076,0.00015,
25.628,5.09875,0.01756,1.74301,2.72050,0.08956,0.00076,0.00015,
25.629,5.09625,0.01840,2.19874,0.00571,0.09377,0.00076,0.00015,
25.630,5.09625,0.01882,2.32510,2.59006,0.09591,0.00076,0.00015,
25.631,5.09625,0.01861,0.89515,0.90901,0.09484,0.00076,0.00015,
25.632,5.09875,0.01819,0.89515,0.90901,0.09275,0.00076,0.00015,
25.633,5.09875,0.01861,2.17975,0.53067,0.09489,0.00076,0.00015,
25.634,5.09875,0.01924,1.43306,1.63767,0.09809,0.00076,0.00015,
25.635,5.09625,0.01924,2.35094,2.54250,0.09804,0.00076,0.00015,
25.636,5.09750,0.01861,3.00796,0.87793,0.09486,0.00076,0.00015,
25.637,5.09750,0.01861,1.16895,1.26269,0.09486,0.00076,0.00015,
25.638,5.09500,0.01924,1.21704,1.31812,0.09801,0.00076,0.00015,
25.639,5.09500,0.01798,1.53577,1.42898,0.09162,0.00076,0.00015,
25.640,5.09750,0.01903,2.28328,2.58815,0.09700,0.00076,0.00015,
25.641,5.09625,0.01924,1.93765,0.00571,0.09804,0.00076,0.00015,
25.642,5.09875,0.01798,1.73223,1.95884,0.09169,0.00076,0.00015,
25.643,5.09750,0.01819,1.73223,1.95884,0.09273,0.00076,0.00015,
25.644,5.09750,0.01819,3.09530,0.54767,0.09273,0.00076,0.00015,
25.645,5.09875,0.01819,2.30966,0.24123,0.09275,0.00076,0.00015,
25.646,5.09875,0.01756,1.88750,1.38710,0.08956,0.00076,0.00015,
25.647,5.09875,0.01819,2.06109,2.14503,0.09275,0.00076,0.00015,
25.648,5.09750,0.01798,1.73510,1.96900,0.09167,0.00076,0.00015,
25.649,5.09750,0.01903,2.03338,0.00733,0.09700,0.00076,0.00015,
25.650,5.09875,0.01882,0.44172,0.92338,0.09595,0.00076,0.00015,
25.651,5.09625,0.01840,1.39688,0.00081,0.09377,0.00076,0.00015,
25.652,5.09875,0.01861,2.14911,1.47919,0.09489,0.00076,0.00015,
25.653,5.09875,0.01966,3.05129,0.01956,0.10022,0.00076,0.00015,
25.654,5.10000,0.01966,3.05129,0.01956,0.10024,0.00076,0.00015,
25.655,5.09500,0.01777,2.18579,1.17766,0.09056,0.00076,0.00015,
25.656,5.09875,0.01924,1.38303,1.53136,0.09809,0.00076,0.00015,
25.657,5.10000,0.01840,0.58679,1.33902,0.09384,0.00076,0.00015,
25.658,5.09875,0.01736,3.06190,1.63894,0.08849,0.00076,0.00015,
25.659,5.09875,0.01903,1.39037,0.00733,0.09702,0.00076,0.00015,
25.660,5.09750,0.01798,3.17356,0.00407,0.09167,0.00076,0.00015,
25.661,5.09875,0.01777,1.54929,0.01141,0.09062,0.00076,0.00015,
25.662,5.09875,0.01777,1.97145,1.18825,0.09062,0.00076,0.00015,
25.663,5.09500,0.01777,3.08635,0.40668,0.09056,0.00076,0.00015,
25.664,5.09750,0.01840,3.08635,0.36104,0.09380,0.00076,0.00015,
25.665,5.09750,0.01861,3.08635,0.36104,0.09486,0.00076,0.00015,
25.666,5.09625,0.01777,1.35370,0.14833,0.09058,0.00076,0.00015,
25.667,5.09750,0.01798,2.39525,2.88588,0.09167,0.00076,0.00015,
25.668,5.09875,0.01777,0.46047,0.98858,0.09062,0.00076,0.00015,
25.669,5.09750,0.01798,2.51832,2.96412,0.09167,0.00076,0.00015,
25.670,5.09625,0.01756,3.18498,0.00652,0.08951,0.00076,0.00015,
25.671,5.09625,0.01840,3.08229,0.13284,0.09377,0.00076,0.00015,
25.672,5.09875,0.01840,2.35369,2.89810,0.09382,0.00076,0.00015,
25.673,5.09625,0.01715,3.06599,0.02363,0.08738,0.00076,0.00015,
25.674,5.09750,0.01756,2.09126,0.00407,0.08953,0.00076,0.00015,
25.675,5.09625,0.01861,2.09452,1.23063,0.09484,0.00076,0.00015,
25.676,5.09750,0.01903,2.09452,1.23063,0.09700,0.00076,0.00015,
25.677,5.09875,0.01736,1.87614,0.00897,0.08849,0.00076,0.00015,
25.678,5.09750,0.01861,2.85252,2.79302,0.09486,0.00076,0.00015,
25.679,5.09625,0.01736,3.06768,0.02853,0.08845,0.00076,0.00015,
25.680,5.09625,0.01798,1.72455,0.00000,0.09164,0.00076,0.00015,
25.681,5.09750,0.01798,0.49063,1.06521,0.09167,0.00076,0.00015,
25.682,5.09875,0.01798,1.89326,2.24208,0.09169,0.00076,0.00015,
25.683,5.10000,0.01903,1.70988,1.27956,0.09704,0.00076,0.00015,
25.684,5.10125,0.01861,2.20133,0.00489,0.09493,0.00076,0.00015,
25.685,5.09875,0.01882,2.39448,0.91770,0.09595,0.00076,0.00015,
25.686,5.09750,0.01903,1.36269,2.44094,0.09700,0.00076,0.00015,
25.687,5.09750,0.01861,1.36269,2.44094,0.09486,0.00076,0.00015,
25.688,5.09750,0.01840,3.08405,0.19561,0.09380,0.00076,0.00015,
25.689,5.09750,0.01903,1.66672,0.00000,0.09700,0.00076,0.00015,
25.690,5.09750,0.01903,0.91690,1.23558,0.09700,0.00076,0.00015,
25.691,5.09875,0.01903,2.05386,0.00652,0.09702,0.00076,0.00015,
25.692,5.10000,0.01861,0.80606,1.54855,0.09491,0.00076,0.00015,
25.693,5.09500,0.01882,1.48905,0.00000,0.09588,0.00076,0.00015,
25.694,5.09750,0.01924,1.63331,0.02608,0.09806,0.00076,0.00015,
25.695,5.09625,0.01798,2.97484,1.87782,0.09164,0.00076,0.00015,
25.696,5.09625,0.01840,0.68462,1.86885,0.09377,0.00076,0.00015,
25.697,5.09875,0.01798,1.75393,0.01060,0.09169,0.00076,0.00015,
25.698,5.09875,0.01840,1.75393,0.01060,0.09382,0.00076,0.00015,
25.699,5.09625,0.01840,2.42078,2.94977,0.09377,0.00076,0.00015,
25.700,5.09750,0.01715,0.86724,1.40194,0.08740,0.00076,0.00015,
25.701,5.09750,0.01840,2.23006,0.00000,0.09380,0.00076,0.00015,
25.702,5.09750,0.01798,0.54855,1.25115,0.09167,0.00076,0.00015,
25.703,5.10125,0.01777,3.08344,1.56740,0.09067,0.00076,0.00015,
25.704,5.09875,0.01736,3.16821,0.01630,0.08849,0.00076,0.00015,
25.705,5.09750,0.01861,2.05644,1.32287,0.09486,0.00076,0.00015,
25.706,5.09625,0.01798,1.76139,2.14366,0.09164,0.00076,0.00015,
25.707,5.09625,0.01861,0.68711,1.85023,0.09484,0.00076,0.00015,
25.708,5.09750,0.01861,1.33021,0.00163,0.09486,0.00076,0.00015,
25.709,5.09750,0.01924,1.33021,0.00163,0.09806,0.00076,0.00015,
25.710,5.09750,0.01924,3.08366,0.16384,0.09806,0.00076,0.00015,
25.711,5.09750,0.01798,2.91329,2.78124,0.09167,0.00076,0.00015,
25.712,5.09750,0.01903,1.21048,1.32133,0.09700,0.00076,0.00015,
25.713,5.09875,0.01903,3.08936,0.49560,0.09702,0.00076,0.00015,
25.714,5.09625,0.01840,1.71015,0.00571,0.09377,0.00076,0.00015,
25.715,5.09750,0.01819,1.57973,1.74520,0.09273,0.00076,0.00015,
25.716,5.09750,0.01924,1.51452,0.00571,0.09806,0.00076,0.00015,
25.717,5.09875,0.01924,1.24960,0.03913,0.09809,0.00076,0.00015,
25.718,5.09750,0.01777,3.07550,0.05543,0.09060,0.00076,0.00015,
25.719,5.09750,0.01819,3.06898,0.02282,0.09273,0.00076,0.00015,
25.720,5.10125,0.01756,3.06898,0.02282,0.08960,0.00076,0.00015,
25.721,5.10000,0.01882,0.78117,1.94478,0.09598,0.00076,0.00015,
25.722,5.09250,0.01736,2.21142,0.43462,0.08838,0.00076,0.00015,
25.723,5.09875,0.01798,3.08474,0.18755,0.09169,0.00076,0.00015,
25.724,5.09625,0.01798,1.83388,0.00000,0.09164,0.00076,0.00015,
25.725,5.09625,0.01903,1.62432,1.47836,0.09697,0.00076,0.00015,
25.726,5.09750,0.01903,3.06925,0.01631,0.09700,0.00076,0.00015,
25.727,5.09875,0.01777,0.87658,1.36257,0.09062,0.00076,0.00015,
25.728,5.09500,0.01986,3.14998,0.01549,0.10121,0.00076,0.00015,
25.729,5.09750,0.01903,3.07577,0.07257,0.09700,0.00076,0.00015,
25.730,5.09500,0.01798,3.05865,1.70260,0.09162,0.00076,0.00015,
25.731,5.09750,0.01903,3.05865,1.70260,0.09700,0.00076,0.00015,
25.732,5.09625,0.01861,1.40171,0.00815,0.09484,0.00076,0.00015,
25.733,5.09750,0.01840,2.83114,2.25871,0.09380,0.00076,0.00015,
25.734,5.09750,0.01903,3.06761,0.02283,0.09700,0.00076,0.00015,
25.735,5.09625,0.01903,1.71483,0.15167,0.09697,0.00076,0.00015,
25.736,5.09875,0.01924,1.54604,0.02609,0.09809,0.00076,0.00015,
25.737,5.09500,0.01819,3.06598,0.01142,0.09269,0.00076,0.00015,
25.738,5.09875,0.01861,3.08065,0.00734,0.09489,0.00076,0.00015,
25.739,5.09750,0.01819,3.06516,0.01386,0.09273,0.00076,0.00015,
25.740,5.09500,0.01819,1.79229,0.00652,0.09269,0.00076,0.00015,
25.741,5.09625,0.01798,0.57487,1.31364,0.09164,0.00076,0.00015,
25.742,5.09875,0.01819,0.57487,1.31364,0.09275,0.00076,0.00015,
25.743,5.09875,0.01840,1.73277,2.11928,0.09382,0.00076,0.00015,
25.744,5.09750,0.01840,0.44277,0.90756,0.09380,0.00076,0.00015,
25.745,5.09500,0.01777,1.15138,1.51832,0.09056,0.00076,0.00015,
25.746,5.09750,0.01736,2.26606,1.01683,0.08847,0.00076,0.00015,
25.747,5.09875,0.01903,1.63818,0.00245,0.09702,0.00076,0.00015,
25.748,5.09625,0.01840,0.79830,0.88799,0.09377,0.00076,0.00015,
25.749,5.09625,0.01840,3.07251,0.09133,0.09377,0.00076,0.00015,
25.750,5.09875,0.01945,3.09045,0.41913,0.09915,0.00076,0.00015,
25.751,5.09625,0.01903,3.19645,0.00652,0.09697,0.00076,0.00015,
25.752,5.09625,0.01882,0.58873,1.35686,0.09591,0.00076,0.00015,
25.753,5.10000,0.01882,0.58873,1.35686,0.09598,0.00076,0.00015,
25.754,5.09750,0.01777,2.36472,2.92166,0.09060,0.00076,0.00015,
25.755,5.09625,0.01819,2.90209,2.07688,0.09271,0.00076,0.00015,
25.756,5.09625,0.01777,1.56316,0.00326,0.09058,0.00076,0.00015,
25.757,5.09750,0.01736,3.09045,0.56101,0.08847,0.00076,0.00015,
25.758,5.09875,0.01840,1.40579,0.00897,0.09382,0.00076,0.00015,
25.759,5.09625,0.01756,2.07443,1.17665,0.08951,0.00076,0.00015,
25.760,5.09750,0.01736,3.07659,0.00571,0.08847,0.00076,0.00015,
25.761,5.09750,0.01882,2.94938,0.00652,0.09593,0.00076,0.00015,
25.762,5.09625,0.01882,0.63684,1.98555,0.09591,0.00076,0.00015,
25.763,5.09625,0.01715,2.99586,0.96709,0.08738,0.00076,0.00015,
25.764,5.09875,0.01736,2.99586,0.96709,0.08849,0.00076,0.00015,
25.765,5.09750,0.01861,1.74908,3.01135,0.09486,0.00076,0.00015,
25.766,5.09875,0.01882,3.09615,1.10571,0.09595,0.00076,0.00015,
25.767,5.09875,0.01819,0.44848,0.95078,0.09275,0.00076,0.00015,
25.768,5.10000,0.01756,2.12743,0.00734,0.08958,0.00076,0.00015,
25.769,5.09875,0.01924,2.12743,0.00734,0.09809,0.00076,0.00015,
25.770,5.09875,0.01903,2.02632,0.00000,0.09702,0.00076,0.00015,
25.771,5.10000,0.01903,0.43951,1.48488,0.09704,0.00076,0.00015,
25.772,5.09750,0.01798,1.44900,1.48080,0.09167,0.00076,0.00015,
25.773,5.09750,0.01861,2.40875,0.00979,0.09486,0.00076,0.00015,
25.774,5.10125,0.01924,3.07087,0.01794,0.09813,0.00076,0.00015,
25.775,5.09875,0.01777,2.76101,0.63521,0.09062,0.00076,0.00015,
25.776,5.09750,0.01924,2.76101,0.63521,0.09806,0.00076,0.00015,
25.777,5.09500,0.01966,1.42452,1.55499,0.10014,0.00076,0.00015,
25.778,5.09750,0.01840,3.08877,0.23728,0.09380,0.00076,0.00015,
25.779,5.09750,0.01777,2.25705,0.01060,0.09060,0.00076,0.00015,
25.780,5.09625,0.01777,3.08306,0.16879,0.09058,0.00076,0.00015,
25.781,5.09625,0.01840,2.32881,2.51717,0.09377,0.00076,0.00015,
25.782,5.09625,0.01882,2.05402,2.78381,0.09591,0.00076,0.00015,
25.783,5.09875,0.01840,3.08225,0.10600,0.09382,0.00076,0.00015,
25.784,5.10000,0.01819,1.89338,0.00000,0.09278,0.00076,0.00015,
25.785,5.09750,0.01924,1.31362,0.16145,0.09806,0.00076,0.00015,
25.786,5.09750,0.01840,2.38670,0.01060,0.09380,0.00076,0.00015,
25.787,5.09500,0.01798,2.38670,0.01060,0.09162,0.00076,0.00015,
25.788,5.09625,0.01777,3.09342,0.42072,0.09058,0.00076,0.00015,
25.789,5.09625,0.01777,3.09097,0.34000,0.09058,0.00076,0.00015,
25.790,5.09750,0.01777,0.59765,1.38119,0.09060,0.00076,0.00015,
25.791,5.09875,0.01756,2.65558,2.58709,0.08956,0.00076,0.00015,
25.792,5.09750,0.01840,3.08689,1.52469,0.09380,0.00076,0.00015,
25.793,5.09625,0.01819,2.70857,2.37999,0.09271,0.00076,0.00015,
25.794,5.09875,0.01736,1.18062,0.17204,0.08849,0.00076,0.00015,
25.795,5.09875,0.01777,1.53366,1.62090,0.09062,0.00076,0.00015,
25.796,5.09750,0.01861,2.55773,1.97232,0.09486,0.00076,0.00015,
25.797,5.09625,0.01819,1.85491,0.00571,0.09271,0.00076,0.00015,
25.798,5.09625,0.01861,1.85491,0.00571,0.09484,0.00076,0.00015,
25.799,5.09625,0.01861,3.09283,0.24374,0.09484,0.00076,0.00015,
25.800,5.09875,0.01903,1.04426,0.49563,0.09702,0.00076,0.00015,
25.801,5.09750,0.01903,0.94562,1.89124,0.09700,0.00076,0.00015,
25.802,5.09625,0.01798,1.04915,1.13474,0.09164,0.00076,0.00015,
25.803,5.09625,0.01882,3.06837,0.01060,0.09591,0.00076,0.00015,
25.804,5.09750,0.01903,1.70375,0.00000,0.09700,0.00076,0.00015,
25.805,5.09875,0.01798,1.70456,1.62712,0.09169,0.00076,0.00015,
25.806,5.09750,0.01861,3.06430,0.02446,0.09486,0.00076,0.00015,
25.807,5.09750,0.01903,0.59101,0.88693,0.09700,0.00076,0.00015,
25.808,5.09875,0.01903,3.19636,0.01060,0.09702,0.00076,0.00015,
25.809,5.09875,0.01840,3.19636,0.01060,0.09382,0.00076,0.00015,
25.810,5.09750,0.01882,0.38636,1.19005,0.09593,0.00076,0.00015,
25.811,5.09625,0.01840,1.41828,0.00000,0.09377,0.00076,0.00015,
25.812,5.09875,0.01798,3.09251,1.20309,0.09169,0.00076,0.00015,
25.813,5.09500,0.01715,3.18624,0.00326,0.08736,0.00076,0.00015,
25.814,5.09750,0.01819,3.07865,0.11085,0.09273,0.00076,0.00015,
25.815,5.09750,0.01798,2.08341,1.29113,0.09167,0.00076,0.00015,
25.816,5.09750,0.01819,3.07946,1.83969,0.09273,0.00076,0.00015,
25.817,5.09500,0.01819,3.07946,0.10433,0.09269,0.00076,0.00015,
25.818,5.09625,0.01694,3.06561,0.01141,0.08632,0.00076,0.00015,
25.819,5.09750,0.01882,1.65955,1.90571,0.09593,0.00076,0.00015,
25.820,5.09625,0.01840,1.65955,1.90571,0.09377,0.00076,0.00015,
25.821,5.09875,0.01840,1.39864,1.85345,0.09382,0.00076,0.00015,
25.822,5.09875,0.01903,0.47355,1.02698,0.09702,0.00076,0.00015,
25.823,5.09875,0.01924,3.08745,1.10767,0.09809,0.00076,0.00015,
25.824,5.09625,0.01840,1.66028,0.00734,0.09377,0.00076,0.00015,
25.825,5.09625,0.01966,2.74349,0.55017,0.10017,0.00076,0.00015,
25.826,5.09750,0.01966,3.08419,0.21192,0.10019,0.00076,0.00015,
25.827,5.09625,0.01840,1.51438,1.96511,0.09377,0.00076,0.00015,
25.828,5.09750,0.01777,3.07930,0.10351,0.09060,0.00076,0.00015,
25.829,5.10000,0.01861,1.81269,0.00571,0.09491,0.00076,0.00015,
25.830,5.09625,0.01882,1.26008,1.15657,0.09591,0.00076,0.00015,
25.831,5.09875,0.01798,1.26008,1.15657,0.09169,0.00076,0.00015,
25.832,5.10000,0.01777,3.09398,0.49393,0.09064,0.00076,0.00015,
25.833,5.09875,0.01819,2.30663,0.76779,0.09275,0.00076,0.00015,
25.834,5.09875,0.01840,0.55424,1.25194,0.09382,0.00076,0.00015,
25.835,5.09875,0.01840,2.63103,1.88035,0.09382,0.00076,0.00015,
25.836,5.09500,0.01736,1.85019,0.03423,0.08843,0.00076,0.00015,
25.837,5.09375,0.01819,2.95379,1.19814,0.09266,0.00076,0.00015,
25.838,5.09625,0.01756,3.06627,0.03423,0.08951,0.00076,0.00015,
25.839,5.09625,0.01777,1.73120,0.00000,0.09058,0.00076,0.00015,
25.840,5.09500,0.01798,3.07279,0.05298,0.09162,0.00076,0.00015,
25.841,5.09500,0.01924,3.07524,0.09781,0.09801,0.00076,0.00015,
25.842,5.09875,0.01903,3.07524,0.09781,0.09702,0.00076,0.00015,
25.843,5.09875,0.01798,0.46051,1.69942,0.09169,0.00076,0.00015,
25.844,5.09750,0.01798,0.71482,1.47528,0.09167,0.00076,0.00015,
25.845,5.09625,0.01798,1.71002,1.67089,0.09164,0.00076,0.00015,
25.846,5.09625,0.01924,1.66682,0.98053,0.09804,0.00076,0.00015,
25.847,5.09750,0.01736,0.55751,1.00254,0.08847,0.00076,0.00015,
25.848,5.09625,0.01840,3.06874,0.02201,0.09377,0.00076,0.00015,
25.849,5.09875,0.01756,1.71165,0.00326,0.08956,0.00076,0.00015,
25.850,5.09750,0.01777,3.08993,0.70993,0.09060,0.00076,0.00015,
25.851,5.10000,0.01694,3.08341,0.27142,0.08638,0.00076,0.00015,
25.852,5.10000,0.01819,3.08504,0.18665,0.09278,0.00076,0.00015,
25.853,5.09750,0.01819,3.08504,0.18665,0.09273,0.00076,0.00015,
25.854,5.10000,0.01736,1.83718,0.00000,0.08851,0.00076,0.00015,
25.855,5.09750,0.01736,1.96352,2.01650,0.08847,0.00076,0.00015,
25.856,5.09750,0.01694,3.08344,0.20784,0.08634,0.00076,0.00015,
25.857,5.09625,0.01861,2.88130,1.56413,0.09484,0.00076,0.00015,
25.858,5.09625,0.01736,3.07610,0.07825,0.08845,0.00076,0.00015,
25.859,5.09875,0.01861,1.31390,0.01060,0.09489,0.00076,0.00015,
25.860,5.09625,0.01903,3.06469,0.02690,0.09697,0.00076,0.00015,
25.861,5.09625,0.01861,3.08507,0.40428,0.09484,0.00076,0.00015,
25.862,5.09625,0.01861,3.07366,0.02282,0.09484,0.00076,0.00015,
25.863,5.09875,0.01819,3.06795,1.75242,0.09275,0.00076,0.00015,
25.864,5.09750,0.01903,3.06795,1.75242,0.09700,0.00076,0.00015,
25.865,5.09875,0.01903,2.20156,1.89835,0.09702,0.00076,0.00015,
25.866,5.09750,0.01777,2.22846,0.00489,0.09060,0.00076,0.00015,
25.867,5.09875,0.01882,0.78656,1.41663,0.09595,0.00076,0.00015,
25.868,5.09750,0.01945,3.06963,0.03179,0.09913,0.00076,0.00015,
25.869,5.09750,0.01819,3.08431,1.50221,0.09273,0.00076,0.00015,
25.870,5.09750,0.01903,3.07778,0.14183,0.09700,0.00076,0.00015,
25.871,5.09750,0.01903,3.07045,0.00571,0.09700,0.00076,0.00015,
25.872,5.09625,0.01903,3.08838,0.24860,0.09697,0.00076,0.00015,
25.873,5.09750,0.01819,3.08594,0.48335,0.09273,0.00076,0.00015,
25.874,5.10000,0.01882,1.73859,0.01060,0.09598,0.00076,0.00015,
25.875,5.10000,0.01861,1.73859,0.01060,0.09491,0.00076,0.00015,
25.876,5.09875,0.01756,0.97490,1.07598,0.08956,0.00076,0.00015,
25.877,5.09625,0.01798,3.14398,0.00734,0.09164,0.00076,0.00015,
25.878,5.09750,0.01777,3.08121,0.20867,0.09060,0.00076,0.00015,
25.879,5.09750,0.01945,0.89828,0.91947,0.09913,0.00076,0.00015,
25.880,5.10000,0.01945,3.09181,0.71569,0.09918,0.00076,0.00015,
25.881,5.09500,0.01861,2.72174,1.89845,0.09482,0.00076,0.00015,
25.882,5.09750,0.01798,1.75254,0.00571,0.09167,0.00076,0.00015,
25.883,5.09750,0.01903,2.17315,0.00163,0.09700,0.00076,0.00015,
25.884,5.09625,0.01819,0.90235,1.25531,0.09271,0.00076,0.00015,
25.885,5.09625,0.01840,1.84873,1.49985,0.09377,0.00076,0.00015,
25.886,5.09625,0.01924,1.84873,1.49985,0.09804,0.00076,0.00015,
25.887,5.09875,0.01819,2.03865,0.03587,0.09275,0.00076,0.00015,
25.888,5.09875,0.01986,2.52202,0.00326,0.10128,0.00076,0.00015,
25.889,5.09625,0.01986,1.61804,0.00000,0.10123,0.00076,0.00015,
25.890,5.09750,0.01777,3.08365,0.19645,0.09060,0.00076,0.00015,
25.891,5.09625,0.01924,1.78514,2.65245,0.09804,0.00076,0.00015,
25.892,5.09500,0.01840,1.76476,1.92779,0.09375,0.00076,0.00015,
25.893,5.09750,0.01673,0.95126,1.51207,0.08527,0.00076,0.00015,
25.894,5.09375,0.01903,3.08039,0.13205,0.09692,0.00076,0.00015,
25.895,5.09625,0.01903,2.21716,1.71097,0.09697,0.00076,0.00015,
25.896,5.09875,0.01756,1.29525,1.12081,0.08956,0.00076,0.00015,
25.897,5.09875,0.01924,1.29525,1.12081,0.09809,0.00076,0.00015,
25.898,5.09500,0.01924,2.48372,2.69647,0.09801,0.00076,0.00015,
25.899,5.09750,0.01861,0.74993,2.03295,0.09486,0.00076,0.00015,
25.900,5.09750,0.01798,3.03150,0.87546,0.09167,0.00076,0.00015,
25.901,5.10000,0.01924,2.80570,1.88134,0.09811,0.00076,0.00015,
25.902,5.09750,0.01924,2.81222,0.01467,0.09806,0.00076,0.00015,
25.903,5.09875,0.01840,3.08285,0.23231,0.09382,0.00076,0.00015,
25.904,5.09875,0.01924,2.15604,0.00734,0.09809,0.00076,0.00015,
25.905,5.09750,0.01840,1.92291,0.84611,0.09380,0.00076,0.00015,
25.906,5.09750,0.01861,2.52040,2.94754,0.09486,0.00076,0.00015,
25.907,5.09500,0.01861,2.16745,2.44704,0.09482,0.00076,0.00015,
25.908,5.09875,0.01798,2.16745,2.44704,0.09169,0.00076,0.00015,
25.909,5.09875,0.01777,2.13974,0.00734,0.09062,0.00076,0.00015,
25.910,5.09625,0.01882,3.07551,0.04972,0.09591,0.00076,0.00015,
25.911,5.09750,0.01903,3.07633,0.10923,0.09700,0.00076,0.00015,
25.912,5.09875,0.01777,2.13321,1.69712,0.09062,0.00076,0.00015,
25.913,5.09625,0.01924,3.06492,0.01956,0.09804,0.00076,0.00015,
25.914,5.09875,0.01840,3.10567,0.00815,0.09382,0.00076,0.00015,
25.915,5.09875,0.01819,1.70853,1.92372,0.09275,0.00076,0.00015,
25.916,5.10000,0.01819,2.97851,1.05153,0.09278,0.00076,0.00015,
25.917,5.09625,0.01945,2.56768,2.89455,0.09910,0.00076,0.00015,
25.918,5.09750,0.01861,3.06166,0.01060,0.09486,0.00076,0.00015,
25.919,5.09750,0.01819,3.06166,0.01060,0.09273,0.00076,0.00015,
25.920,5.09875,0.01903,1.15750,1.27569,0.09702,0.00076,0.00015,
25.921,5.09875,0.01861,2.05822,0.00571,0.09489,0.00076,0.00015,
25.922,5.09750,0.01840,3.08122,1.85933,0.09380,0.00076,0.00015,
25.923,5.09625,0.01903,3.08367,0.25758,0.09697,0.00076,0.00015,
25.924,5.09625,0.01903,0.84285,1.10777,0.09697,0.00076,0.00015,
25.925,5.09875,0.01903,2.10876,2.03214,0.09702,0.00076,0.00015,
25.926,5.09625,0.01861,1.30014,1.80390,0.09484,0.00076,0.00015,
25.927,5.10000,0.01798,0.52169,1.69712,0.09171,0.00076,0.00015,
25.928,5.10000,0.01861,3.08937,0.57141,0.09491,0.00076,0.00015,
25.929,5.09750,0.01840,0.44343,0.90806,0.09380,0.00076,0.00015,
25.930,5.09875,0.01715,0.44343,0.90806,0.08742,0.00076,0.00015,
25.931,5.09750,0.01840,0.44343,0.90806,0.09380,0.00076,0.00015,
25.932,5.09500,0.01819,3.02501,0.81596,0.09269,0.00076,0.00015,
25.933,5.09875,0.01756,3.09185,0.40350,0.08956,0.00076,0.00015,
25.934,5.09875,0.01756,1.53574,0.00489,0.08956,0.00076,0.00015,
25.935,5.09750,0.01777,1.63355,1.71915,0.09060,0.00076,0.00015,
25.936,5.09750,0.01924,2.85954,1.90011,0.09806,0.00076,0.00015,
25.937,5.09625,0.01840,3.07147,0.02853,0.09377,0.00076,0.00015,
25.938,5.09375,0.01777,2.56690,1.91315,0.09053,0.00076,0.00015,
25.939,5.09875,0.01819,3.07229,1.82430,0.09275,0.00076,0.00015,
25.940,5.09500,0.01903,3.09267,0.54859,0.09695,0.00076,0.00015,
25.941,5.09625,0.01840,1.52677,1.21049,0.09377,0.00076,0.00015,
25.942,5.09875,0.01777,1.52677,1.21049,0.09062,0.00076,0.00015,
25.943,5.09875,0.01840,1.94493,0.33584,0.09382,0.00076,0.00015,
25.944,5.09750,0.01840,3.18640,0.01141,0.09380,0.00076,0.00015,
25.945,5.09750,0.01736,1.30831,0.01793,0.08847,0.00076,0.00015,
25.946,5.09625,0.01840,1.90581,1.24635,0.09377,0.00076,0.00015,
25.947,5.09750,0.01673,3.08858,0.12635,0.08527,0.00076,0.00015,
25.948,5.09875,0.01819,3.04212,1.02708,0.09275,0.00076,0.00015,
25.949,5.09625,0.01798,3.08939,1.31483,0.09164,0.00076,0.00015,
25.950,5.10000,0.01840,2.56770,2.87583,0.09384,0.00076,0.00015,
25.951,5.09750,0.01756,3.07798,0.09537,0.08953,0.00076,0.00015,
25.952,5.09750,0.01819,1.94819,0.00897,0.09273,0.00076,0.00015,
25.953,5.09625,0.01819,1.94819,0.00897,0.09271,0.00076,0.00015,
25.954,5.09875,0.01798,0.94718,2.25954,0.09169,0.00076,0.00015,
25.955,5.10000,0.01882,1.76231,1.63841,0.09598,0.00076,0.00015,
25.956,5.09750,0.01819,3.10645,0.01141,0.09273,0.00076,0.00015,
25.957,5.09750,0.01756,3.08445,1.68324,0.08953,0.00076,0.00015,
25.958,5.09750,0.01986,3.07548,0.04646,0.10126,0.00076,0.00015,
25.959,5.09750,0.01903,3.07792,0.06929,0.09700,0.00076,0.00015,
25.960,5.09875,0.01777,3.07385,0.01793,0.09062,0.00076,0.00015,
25.961,5.09875,0.01861,0.64640,2.02885,0.09489,0.00076,0.00015,
25.962,5.09750,0.01861,3.10156,0.00734,0.09486,0.00076,0.00015,
25.963,5.09750,0.01882,1.01647,0.26003,0.09593,0.00076,0.00015,
25.964,5.10000,0.01882,1.01647,0.26003,0.09598,0.00076,0.00015,
25.965,5.09875,0.01945,1.61472,1.25933,0.09915,0.00076,0.00015,
25.966,5.09875,0.01966,1.51935,0.00489,0.10022,0.00076,0.00015,
25.967,5.09750,0.01777,2.92296,1.31232,0.09060,0.00076,0.00015,
25.968,5.09500,0.01861,1.65955,1.80301,0.09482,0.00076,0.00015,
25.969,5.09625,0.01882,1.45985,1.59842,0.09591,0.00076,0.00015,
25.970,5.09625,0.01756,2.45835,2.68332,0.08951,0.00076,0.00015,
25.971,5.09875,0.01756,2.83493,0.00897,0.08956,0.00076,0.00015,
25.972,5.09750,0.01756,3.08761,0.33012,0.08953,0.00076,0.00015,
25.973,5.09875,0.01861,1.57070,2.55942,0.09489,0.00076,0.00015,
25.974,5.09625,0.01756,1.91223,0.35131,0.08951,0.00076,0.00015,
25.975,5.09875,0.01945,1.91223,0.35131,0.09915,0.00076,0.00015,
25.976,5.09750,0.01882,1.80383,2.17389,0.09593,0.00076,0.00015,
25.977,5.10000,0.01882,3.06887,0.02690,0.09598,0.00076,0.00015,
25.978,5.09875,0.01882,3.09658,0.53797,0.09595,0.00076,0.00015,
25.979,5.09875,0.01882,2.96454,1.11751,0.09595,0.00076,0.00015,
25.980,5.09875,0.01882,3.06806,0.03586,0.09595,0.00076,0.00015,
25.981,5.09875,0.01945,2.40456,0.00734,0.09915,0.00076,0.00015,
25.982,5.09375,0.01903,1.75737,0.00000,0.09692,0.00076,0.00015,
25.983,5.09750,0.01715,3.09006,0.27958,0.08740,0.00076,0.00015,
25.984,5.09750,0.01945,2.76239,2.11357,0.09913,0.00076,0.00015,
25.985,5.10000,0.01903,2.88792,2.59285,0.09704,0.00076,0.00015,
25.986,5.09750,0.01777,2.88792,2.59285,0.09060,0.00076,0.00015,
25.987,5.09625,0.01840,0.47113,1.18761,0.09377,0.00076,0.00015,
25.988,5.09625,0.01882,2.38826,2.64094,0.09591,0.00076,0.00015,
25.989,5.09750,0.01882,2.15596,0.09537,0.09593,0.00077,0.00015,
25.990,5.09875,0.01736,2.68822,2.45265,0.08849,0.00077,0.00015,
25.991,5.09750,0.01798,3.06643,0.01549,0.09167,0.00077,0.00015,
25.992,5.09875,0.01736,3.06969,1.72802,0.08849,0.00077,0.00015,
25.993,5.09750,0.01819,1.87067,2.21709,0.09273,0.00077,0.00015,
25.994,5.09875,0.01673,2.14617,2.34098,0.08529,0.00077,0.00015,
25.995,5.10000,0.01861,1.67260,1.16560,0.09491,0.00077,0.00015,
25.996,5.09750,0.01924,1.39139,0.00082,0.09806,0.00077,0.00015,
25.997,5.09750,0.01819,1.39139,0.00082,0.09273,0.00077,0.00015,
25.998,5.09750,0.01819,2.18858,1.23571,0.09273,0.00077,0.00015,
25.999,5.09625,0.01840,3.05341,1.31152,0.09377,0.00077,0.00015,
26.000,5.09500,0.01903,3.07297,0.05461,0.09695,0.00077,0.00015,
26.001,5.09750,0.01694,3.06319,0.01793,0.08634,0.00077,0.00015,
26.002,5.09500,0.01736,1.76716,2.64911,0.08843,0.00077,0.00015,
26.003,5.09750,0.01861,0.62519,2.00518,0.09486,0.00077,0.00015,
26.004,5.09875,0.01736,0.81104,1.87883,0.08849,0.00077,0.00015,
26.005,5.09750,0.01736,1.60251,2.76078,0.08847,0.00077,0.00015,
26.006,5.09750,0.01756,3.15774,0.00815,0.08953,0.00077,0.00015,
26.007,5.09875,0.01756,0.85831,0.80044,0.08956,0.00077,0.00015,
26.008,5.09625,0.01903,0.85831,0.80044,0.09697,0.00077,0.00015,
26.009,5.09875,0.01882,1.66289,0.04076,0.09595,0.00077,0.00015,
26.010,5.09625,0.01736,3.16438,0.00978,0.08845,0.00077,0.00015,
26.011,5.10000,0.01840,3.07960,0.11983,0.09384,0.00077,0.00015,
26.012,5.09875,0.01924,3.08205,1.65474,0.09809,0.00077,0.00015,
26.013,5.09625,0.01798,0.69858,2.05742,0.09164,0.00077,0.00015,
26.014,5.09750,0.01819,2.27098,1.79820,0.09273,0.00077,0.00015,
26.015,5.09750,0.01882,2.65817,2.22044,0.09593,0.00077,0.00015,
26.016,5.09750,0.01882,3.18720,0.00489,0.09593,0.00077,0.00015,
26.017,5.09875,0.01736,0.74096,0.82655,0.08849,0.00077,0.00015,
26.018,5.09750,0.01756,0.49153,2.02073,0.08953,0.00077,0.00015,
26.019,5.09750,0.01798,0.49153,2.02073,0.09167,0.00077,0.00015,
26.020,5.09875,0.01819,1.88379,1.50801,0.09275,0.00077,0.00015,
26.021,5.10000,0.01861,2.87581,2.77963,0.09491,0.00077,0.00015,
26.022,5.09625,0.01861,2.50085,2.71279,0.09484,0.00077,0.00015,
26.023,5.09625,0.01861,1.86749,2.22370,0.09484,0.00077,0.00015,
26.024,5.09625,0.01945,1.40041,1.50964,0.09910,0.00077,0.00015,
26.025,5.09500,0.01945,2.20414,0.42143,0.09908,0.00077,0.00015,
26.026,5.09875,0.01840,2.20006,0.00734,0.09382,0.00077,0.00015,
26.027,5.09875,0.01903,2.96548,1.11022,0.09702,0.00077,0.00015,
26.028,5.09875,0.01924,0.55022,1.50149,0.09809,0.00077,0.00015,
26.029,5.09875,0.01756,0.76705,2.03948,0.08956,0.00077,0.00015,
26.030,5.09625,0.01819,0.76705,2.03948,0.09271,0.00077,0.00015,
26.031,5.09875,0.01882,1.78679,2.65085,0.09595,0.00077,0.00015,
26.032,5.09875,0.01756,3.16113,0.00734,0.08956,0.00077,0.00015,
26.033,5.09875,0.01840,3.06738,0.01060,0.09382,0.00077,0.00015,
26.034,5.09875,0.01840,2.41282,2.63862,0.09382,0.00077,0.00015,
26.035,5.10000,0.01840,1.57812,0.64396,0.09384,0.00077,0.00015,
26.036,5.09750,0.01903,2.35006,0.78906,0.09700,0.00077,0.00015,
26.037,5.09625,0.01777,3.08124,1.69794,0.09058,0.00077,0.00015,
26.038,5.09875,0.01819,1.49579,1.19337,0.09275,0.00077,0.00015,
26.039,5.09875,0.01840,2.05661,0.03424,0.09382,0.00077,0.00015,
26.040,5.09750,0.01861,0.44996,1.43791,0.09486,0.00077,0.00015,
26.041,5.09750,0.01736,0.44996,1.43791,0.08847,0.00077,0.00015,
26.042,5.09750,0.01966,1.78190,0.13613,0.10019,0.00077,0.00015,
26.043,5.09750,0.01966,3.09102,1.17054,0.10019,0.00077,0.00015,
26.044,5.09625,0.01882,0.98469,1.58138,0.09591,0.00077,0.00015,
26.045,5.09500,0.01777,1.77782,0.00734,0.09056,0.00077,0.00015,
26.046,5.09500,0.01861,1.62947,1.47459,0.09482,0.00077,0.00015,
26.047,5.09750,0.01798,1.82021,2.68100,0.09167,0.00077,0.00015,
26.048,5.09500,0.01756,1.80228,1.59197,0.08949,0.00077,0.00015,
26.049,5.09625,0.01756,0.45322,1.42650,0.08951,0.00077,0.00015,
26.050,5.09750,0.01798,3.09102,0.53310,0.09167,0.00077,0.00015,
26.051,5.09750,0.01798,3.08694,0.31057,0.09167,0.00077,0.00015,
26.052,5.10000,0.01798,3.08694,0.31057,0.09171,0.00077,0.00015,
26.053,5.09625,0.01777,1.63111,0.33258,0.09058,0.00077,0.00015,
26.054,5.09750,0.01715,3.09022,0.44507,0.08740,0.00077,0.00015,
26.055,5.09500,0.01840,1.19093,1.66942,0.09375,0.00077,0.00015,
26.056,5.09625,0.01777,1.06703,1.18278,0.09058,0.00077,0.00015,
26.057,5.09750,0.01819,1.65882,1.33113,0.09273,0.00077,0.00015,
26.058,5.09750,0.01924,2.56689,1.93271,0.09806,0.00077,0.00015,
26.059,5.09625,0.01903,1.66453,0.37171,0.09697,0.00077,0.00015,
26.060,5.09625,0.01798,3.08777,0.29997,0.09164,0.00077,0.00015,
26.061,5.09625,0.01798,3.09348,0.45893,0.09164,0.00077,0.00015,
26.062,5.09875,0.01945,3.08043,1.83082,0.09915,0.00077,0.00015,
26.063,5.09750,0.01861,3.08043,1.83082,0.09486,0.00077,0.00015,
26.064,5.09875,0.01840,3.12530,1.15833,0.09382,0.00077,0.00015,
26.065,5.09625,0.01882,2.20418,1.17056,0.09591,0.00077,0.00015,
26.066,5.09750,0.01861,2.00365,0.00978,0.09486,0.00077,0.00015,
26.067,5.09875,0.01903,1.35071,1.83328,0.09702,0.00077,0.00015,
26.068,5.09625,0.01882,1.96371,1.30180,0.09591,0.00077,0.00015,
26.069,5.09625,0.01945,2.86201,1.37761,0.09910,0.00077,0.00015,
26.070,5.09625,0.01945,2.24086,0.16711,0.09910,0.00077,0.00015,
26.071,5.09875,0.01840,1.75747,0.01304,0.09382,0.00077,0.00015,
26.072,5.09625,0.01777,3.07802,1.84306,0.09058,0.00077,0.00015,
26.073,5.09750,0.01777,0.96188,1.07274,0.09060,0.00077,0.00015,
26.074,5.10125,0.01945,0.96188,1.07274,0.09920,0.00077,0.00015,
26.075,5.09750,0.01861,3.03485,0.89912,0.09486,0.00077,0.00015,
26.076,5.09750,0.01819,1.32382,2.43244,0.09273,0.00077,0.00015,
26.077,5.09875,0.01798,0.51192,1.17709,0.09169,0.00077,0.00015,
26.078,5.09500,0.01924,0.57795,0.93092,0.09801,0.00077,0.00015,
26.079,5.09500,0.01924,0.95700,1.06053,0.09801,0.00077,0.00015,
26.080,5.09875,0.01819,3.08865,0.43448,0.09275,0.00077,0.00015,
26.081,5.10000,0.01861,3.08376,1.63766,0.09491,0.00077,0.00015,
26.082,5.09625,0.01924,2.21398,2.85714,0.09804,0.00077,0.00015,
26.083,5.09875,0.01777,3.06746,0.01793,0.09062,0.00077,0.00015,
26.084,5.09500,0.01882,2.21317,2.49032,0.09588,0.00077,0.00015,
26.085,5.09750,0.01966,2.21317,2.49032,0.10019,0.00077,0.00015,
26.086,5.09750,0.01798,2.06156,1.21949,0.09167,0.00077,0.00015,
26.087,5.09750,0.01861,2.91831,1.34095,0.09486,0.00077,0.00015,
26.088,5.09750,0.01861,2.99901,1.76484,0.09486,0.00077,0.00015,
26.089,5.09625,0.01924,1.14124,1.32954,0.09804,0.00077,0.00015,
26.090,5.09875,0.01715,3.08786,0.29591,0.08742,0.00077,0.00015,
26.091,5.10125,0.01945,3.07727,0.09619,0.09920,0.00077,0.00015,
26.092,5.09500,0.01861,2.40231,2.59224,0.09482,0.00077,0.00015,
26.093,5.09500,0.01777,2.40231,2.59224,0.09056,0.00077,0.00015,
26.094,5.09625,0.01715,0.42633,1.36296,0.08738,0.00077,0.00015,
26.095,5.10000,0.01798,1.77055,0.00489,0.09171,0.00077,0.00015,
26.096,5.09750,0.01736,2.46344,2.66316,0.08847,0.00077,0.00015,
26.097,5.09750,0.01777,2.46344,2.66316,0.09060,0.00077,0.00015,
26.098,5.09375,0.01777,1.82850,0.02772,0.09053,0.00077,0.00015,
26.099,5.09875,0.01715,3.09124,0.41820,0.08742,0.00077,0.00015,
26.100,5.09625,0.01798,1.48448,0.14184,0.09164,0.00077,0.00015,
26.101,5.09750,0.01736,0.84047,0.76792,0.08847,0.00077,0.00015,
26.102,5.09875,0.01756,1.02797,2.29398,0.08956,0.00077,0.00015,
26.103,5.09500,0.01986,0.93585,1.67687,0.10121,0.00077,0.00015,
26.104,5.09875,0.01798,2.11626,2.33066,0.09169,0.00077,0.00015,
26.105,5.09750,0.01819,2.25403,1.60513,0.09273,0.00077,0.00015,
26.106,5.09750,0.01819,1.73801,0.03342,0.09273,0.00077,0.00015,
26.107,5.09875,0.01819,3.06108,1.47959,0.09275,0.00077,0.00015,
26.108,5.09750,0.01903,3.06108,1.47959,0.09700,0.00077,0.00015,
26.109,5.09750,0.01903,1.51218,0.04484,0.09700,0.00077,0.00015,
26.110,5.09625,0.01798,3.07572,0.02935,0.09164,0.00077,0.00015,
26.111,5.09750,0.01882,3.09447,0.53395,0.09593,0.00077,0.00015,
26.112,5.09750,0.01903,2.36080,2.60699,0.09700,0.00077,0.00015,
26.113,5.09750,0.01840,3.06839,1.87657,0.09380,0.00077,0.00015,
26.114,5.09875,0.01945,3.09529,0.67579,0.09915,0.00077,0.00015,
26.115,5.09875,0.01945,1.87413,2.46922,0.09915,0.00077,0.00015,
26.116,5.09625,0.01945,1.03285,1.58392,0.09910,0.00077,0.00015,
26.117,5.09500,0.01756,3.06675,0.02201,0.08949,0.00077,0.00015,
26.118,5.09625,0.01924,1.86027,2.02738,0.09804,0.00077,0.00015,
26.119,5.10125,0.01840,1.86027,2.02738,0.09387,0.00077,0.00015,
26.120,5.09500,0.01756,1.89609,0.02935,0.08949,0.00077,0.00015,
26.121,5.09875,0.01882,3.07647,0.05543,0.09595,0.00077,0.00015,
26.122,5.09875,0.01903,0.96843,1.07929,0.09702,0.00077,0.00015,
26.123,5.09625,0.01756,1.64584,1.30917,0.08951,0.00077,0.00015,
26.124,5.09625,0.01777,3.09032,1.36134,0.09058,0.00077,0.00015,
26.125,5.09500,0.01777,2.45775,1.89609,0.09056,0.00077,0.00015,
26.126,5.09875,0.01777,1.76241,2.63872,0.09062,0.00077,0.00015,
26.127,5.09750,0.01819,0.38476,1.23417,0.09273,0.00077,0.00015,
26.128,5.09625,0.01736,2.60937,0.84778,0.08845,0.00077,0.00015,
26.129,5.10125,0.01861,1.97598,1.39802,0.09493,0.00077,0.00015,
26.130,5.09875,0.01777,1.97598,1.39802,0.09062,0.00077,0.00015,
26.131,5.09875,0.01861,1.92537,0.56245,0.09489,0.00077,0.00015,
26.132,5.09500,0.01819,3.18639,0.00978,0.09269,0.00077,0.00015,
26.133,5.09500,0.01882,3.08613,0.21846,0.09588,0.00077,0.00015,
26.134,5.09625,0.01882,1.41264,1.13794,0.09591,0.00077,0.00015,
26.135,5.09750,0.01840,1.68082,1.90417,0.09380,0.00077,0.00015,
26.136,5.09625,0.01819,2.15931,0.52169,0.09271,0.00077,0.00015,
26.137,5.09875,0.01861,3.07064,1.76886,0.09489,0.00077,0.00015,
26.138,5.09500,0.01903,1.63110,2.58237,0.09695,0.00077,0.00015,
26.139,5.09500,0.01736,2.49841,2.70709,0.08843,0.00077,0.00015,
26.140,5.09625,0.01798,1.12816,1.23005,0.09164,0.00077,0.00015,
26.141,5.09875,0.01777,1.12816,1.23005,0.09062,0.00077,0.00015,
26.142,5.09875,0.01840,2.49272,1.79169,0.09382,0.00077,0.00015,
26.143,5.09500,0.01840,3.08777,1.37189,0.09375,0.00077,0.00015,
26.144,5.09625,0.01715,1.62133,0.49235,0.08738,0.00077,0.00015,
26.145,5.09750,0.01777,1.65882,0.00489,0.09060,0.00077,0.00015,
26.146,5.09625,0.01861,1.63926,0.00408,0.09484,0.00077,0.00015,
26.147,5.09500,0.01861,1.49579,2.51228,0.09482,0.00077,0.00015,
26.148,5.09875,0.01798,2.12020,0.03016,0.09169,0.00077,0.00015,
26.149,5.09875,0.01945,2.09819,1.14039,0.09915,0.00077,0.00015,
26.150,5.09875,0.01924,1.59769,0.02771,0.09809,0.00077,0.00015,
26.151,5.09875,0.01840,2.12346,2.42017,0.09382,0.00077,0.00015,
26.152,5.09625,0.01840,2.12346,2.42017,0.09377,0.00077,0.00015,
26.153,5.10000,0.01840,1.65068,0.02282,0.09384,0.00077,0.00015,
26.154,5.09500,0.01903,1.12002,1.22028,0.09695,0.00077,0.00015,
26.155,5.09625,0.01882,1.43140,0.00245,0.09591,0.00077,0.00015,
26.156,5.09750,0.01903,1.49091,0.06766,0.09700,0.00077,0.00015,
26.157,5.09500,0.01840,1.53004,1.67595,0.09375,0.00077,0.00015,
26.158,5.09625,0.01798,3.09187,0.43366,0.09164,0.00077,0.00015,
26.159,5.09625,0.01819,1.39472,0.01712,0.09271,0.00077,0.00015,
26.160,5.09625,0.01966,1.25859,0.04809,0.10017,0.00077,0.00015,
26.161,5.09875,0.01966,2.70793,0.89178,0.10022,0.00077,0.00015,
26.162,5.09750,0.01777,2.70875,2.32644,0.09060,0.00077,0.00015,
26.163,5.09750,0.01840,2.70875,2.32644,0.09380,0.00077,0.00015,
26.164,5.09625,0.01861,2.28408,0.20705,0.09484,0.00077,0.00015,
26.165,5.09625,0.01694,2.17240,1.93763,0.08632,0.00077,0.00015,
26.166,5.09500,0.01715,2.94191,1.72406,0.08736,0.00077,0.00015,
26.167,5.09500,0.01819,3.09434,0.77114,0.09269,0.00077,0.00015,
26.168,5.09750,0.01798,2.94354,1.21051,0.09167,0.00077,0.00015,
26.169,5.09750,0.01736,2.22946,1.84552,0.08847,0.00077,0.00015,
26.170,5.09500,0.01736,2.37293,1.84634,0.08843,0.00077,0.00015,
26.171,5.09625,0.01798,0.46464,1.48930,0.09164,0.00077,0.00015,
26.172,5.09500,0.01903,0.81027,1.72651,0.09695,0.00077,0.00015,
26.173,5.09750,0.01945,2.67617,2.06235,0.09913,0.00077,0.00015,
26.174,5.09625,0.01756,2.67617,2.06235,0.08951,0.00077,0.00015,
26.175,5.09500,0.01840,2.97044,1.08335,0.09375,0.00077,0.00015,
26.176,5.09750,0.01882,2.90930,1.40289,0.09593,0.00077,0.00015,
26.177,5.09750,0.01819,1.13633,2.50009,0.09273,0.00077,0.00015,
26.178,5.09750,0.01882,0.83309,0.93254,0.09593,0.00077,0.00015,
26.179,5.09625,0.01882,1.17546,1.27246,0.09591,0.00077,0.00015,
26.180,5.09875,0.01903,2.08110,1.38577,0.09702,0.00077,0.00015,
26.181,5.10000,0.01777,0.41166,1.17464,0.09064,0.00077,0.00015,
26.182,5.09625,0.01861,1.57733,2.68758,0.09484,0.00077,0.00015,
26.183,5.09625,0.01798,3.08945,0.26167,0.09164,0.00077,0.00015,
26.184,5.09750,0.01777,1.41186,1.81210,0.09060,0.00077,0.00015,
26.185,5.09750,0.01777,1.41186,1.81210,0.09060,0.00077,0.00015,
26.186,5.09875,0.01924,2.22947,0.66354,0.09809,0.00077,0.00015,
26.187,5.09875,0.01882,2.49684,1.78194,0.09595,0.00077,0.00015,
26.188,5.09750,0.01882,1.03852,0.24862,0.09593,0.00077,0.00015,
26.189,5.09625,0.01715,1.63521,0.35296,0.08738,0.00077,0.00015,
26.190,5.09750,0.01798,0.78663,1.92215,0.09167,0.00077,0.00015,
26.191,5.10000,0.01882,2.20012,2.48543,0.09598,0.00077,0.00015,
26.192,5.09750,0.01756,2.50662,1.81210,0.08953,0.00077,0.00015,
26.193,5.09750,0.01777,2.69574,2.37701,0.09060,0.00077,0.00015,
26.194,5.09750,0.01861,1.47707,1.18035,0.09486,0.00077,0.00015,
26.195,5.09750,0.01756,2.11127,0.00326,0.08953,0.00077,0.00015,
26.196,5.09750,0.01840,2.11127,0.00326,0.09380,0.00077,0.00015,
26.197,5.09750,0.01840,2.25066,1.36621,0.09380,0.00077,0.00015,
26.198,5.09750,0.01861,2.91420,1.38333,0.09486,0.00077,0.00015,
26.199,5.09875,0.01861,1.30263,0.14591,0.09489,0.00077,0.00015,
26.200,5.09875,0.01798,1.38659,0.16385,0.09169,0.00077,0.00015,
26.201,5.09875,0.01882,2.49684,2.70960,0.09595,0.00077,0.00015,
26.202,5.09750,0.01882,2.92072,1.30426,0.09593,0.00077,0.00015,
26.203,5.09875,0.01756,2.91257,1.39230,0.08956,0.00077,0.00015,
26.204,5.09750,0.01736,0.52415,1.67190,0.08847,0.00077,0.00015,
26.205,5.09750,0.01966,1.79580,0.00408,0.10019,0.00077,0.00015,
26.206,5.09375,0.01966,2.05258,1.05645,0.10012,0.00077,0.00015,
26.207,5.09875,0.01903,2.05258,1.05645,0.09702,0.00077,0.00015,
26.208,5.09875,0.01777,2.20339,0.18260,0.09062,0.00077,0.00015,
26.209,5.09875,0.01882,1.31160,0.14021,0.09595,0.00077,0.00015,
26.210,5.09875,0.01903,1.53740,0.02772,0.09702,0.00077,0.00015,
26.211,5.09625,0.01736,2.91747,2.10475,0.08845,0.00077,0.00015,
26.212,5.09625,0.01903,0.96108,1.06297,0.09697,0.00077,0.00015,
26.213,5.09375,0.01882,1.59854,1.73141,0.09586,0.00077,0.00015,
26.214,5.09375,0.01819,2.16508,0.09130,0.09266,0.00077,0.00015,
26.215,5.09875,0.01819,1.51131,0.00245,0.09275,0.00077,0.00015,
26.216,5.09875,0.01819,1.26595,1.14531,0.09275,0.00077,0.00015,
26.217,5.09875,0.01715,0.51518,2.04199,0.08742,0.00077,0.00015,
26.218,5.10125,0.01882,0.51518,2.04199,0.09600,0.00077,0.00015,
26.219,5.10000,0.01736,2.93785,2.02813,0.08851,0.00077,0.00015,
26.220,5.10000,0.01798,0.54045,1.73385,0.09171,0.00077,0.00015,
26.221,5.09875,0.01798,0.93255,1.66946,0.09169,0.00077,0.00015,
26.222,5.09625,0.01756,0.37008,1.77869,0.08951,0.00077,0.00015,
26.223,5.09625,0.01694,0.71082,2.04932,0.08632,0.00077,0.00015,
26.224,5.09625,0.01694,1.70125,0.95863,0.08632,0.00077,0.00015,
26.225,5.09875,0.01840,1.87732,0.00163,0.09382,0.00077,0.00015,
26.226,5.09875,0.01756,1.32790,0.02364,0.08956,0.00077,0.00015,
26.227,5.09625,0.01840,1.95150,2.29795,0.09377,0.00077,0.00015,
26.228,5.09750,0.01840,0.92114,1.03037,0.09380,0.00077,0.00015,
26.229,5.09625,0.01819,0.92114,1.03037,0.09271,0.00077,0.00015,
26.230,5.10000,0.01882,2.67211,1.96699,0.09598,0.00077,0.00015,
26.231,5.09750,0.01903,1.03037,1.59039,0.09700,0.00077,0.00015,
26.232,5.09875,0.01903,2.83433,1.75342,0.09702,0.00077,0.00015,
26.233,5.09875,0.01840,2.24170,0.00408,0.09382,0.00077,0.00015,
26.234,5.09625,0.01840,2.06807,0.03098,0.09377,0.00077,0.00015,
26.235,5.09625,0.01903,1.45181,0.00734,0.09697,0.00077,0.00015,
26.236,5.09875,0.01819,2.65907,2.15122,0.09275,0.00077,0.00015,
26.237,5.09750,0.01798,1.04260,1.44855,0.09167,0.00077,0.00015,
26.238,5.09500,0.01777,0.95537,1.06298,0.09056,0.00077,0.00015,
26.239,5.09625,0.01861,2.53435,1.94906,0.09484,0.00077,0.00015,
26.240,5.09750,0.01945,2.53435,1.94906,0.09913,0.00077,0.00015,
26.241,5.09625,0.01798,1.98737,1.19014,0.09164,0.00077,0.00015,
26.242,5.09625,0.01798,3.08866,0.86244,0.09164,0.00077,0.00015,
26.243,5.09625,0.01798,2.91829,1.14775,0.09164,0.00077,0.00015,
26.244,5.09875,0.01903,1.91564,0.91380,0.09702,0.00077,0.00015,
26.245,5.09750,0.01882,1.86591,0.00163,0.09593,0.00077,0.00015,
26.246,5.09750,0.01798,3.06665,0.01141,0.09167,0.00077,0.00015,
26.247,5.09875,0.01924,1.56023,1.98085,0.09809,0.00077,0.00015,
26.248,5.09750,0.01840,0.55920,0.99124,0.09380,0.00077,0.00015,
26.249,5.09750,0.01861,2.85552,1.88303,0.09486,0.00077,0.00015,
26.250,5.10000,0.01861,2.05666,0.02609,0.09491,0.00077,0.00015,
26.251,5.10000,0.01819,2.05666,0.02609,0.09278,0.00077,0.00015,
26.252,5.09750,0.01819,2.09335,0.03342,0.09273,0.00077,0.00015,
26.253,5.09625,0.01840,0.59996,0.85022,0.09377,0.00077,0.00015,
26.254,5.10000,0.01924,0.87875,1.75505,0.09811,0.00077,0.00015,
26.255,5.09625,0.01819,0.87875,1.75505,0.09271,0.00077,0.00015,
26.256,5.09625,0.01798,3.06258,0.01549,0.09164,0.00077,0.00015,
26.257,5.09750,0.01819,2.26942,1.09721,0.09273,0.00077,0.00015,
26.258,5.09750,0.01882,3.08214,0.12472,0.09593,0.00077,0.00015,
26.259,5.09750,0.01777,0.97983,1.57082,0.09060,0.00077,0.00015,
26.260,5.09750,0.01798,1.97596,0.94885,0.09167,0.00077,0.00015,
26.261,5.09750,0.01798,1.29122,1.14042,0.09167,0.00077,0.00015,
26.262,5.10125,0.01882,1.59446,1.68250,0.09600,0.00077,0.00015,
26.263,5.09875,0.01798,1.59446,1.68250,0.09169,0.00077,0.00015,
26.264,5.09750,0.01694,1.63603,0.47442,0.08634,0.00077,0.00015,
26.265,5.10000,0.01777,0.49154,1.06215,0.09064,0.00077,0.00015,
26.266,5.10000,0.01840,1.82107,2.20664,0.09384,0.00077,0.00015,
26.267,5.09875,0.01819,1.06215,0.18260,0.09275,0.00077,0.00015,
26.268,5.09750,0.01777,2.55308,1.29529,0.09060,0.00077,0.00015,
26.269,5.09750,0.01903,1.69064,0.03587,0.09700,0.00077,0.00015,
26.270,5.10000,0.01903,1.14530,1.66130,0.09704,0.00077,0.00015,
26.271,5.09875,0.01903,2.33788,1.67434,0.09702,0.00077,0.00015,
26.272,5.09750,0.01861,2.49928,2.71367,0.09486,0.00077,0.00015,
26.273,5.09625,0.01840,1.73140,0.35622,0.09377,0.00077,0.00015,
26.274,5.09750,0.01882,1.73140,0.35622,0.09593,0.00077,0.00015,
26.275,5.09875,0.01777,2.41037,0.00734,0.09062,0.00077,0.00015,
26.276,5.09875,0.01819,2.62965,2.68834,0.09275,0.00077,0.00015,
26.277,5.09250,0.01798,0.45648,1.41101,0.09158,0.00077,0.00015,
26.278,5.09250,0.01798,2.08350,2.02563,0.09158,0.00077,0.00015,
26.279,5.09750,0.01798,2.39978,2.59704,0.09167,0.00077,0.00015,
26.280,5.09625,0.01777,1.08658,1.12001,0.09058,0.00077,0.00015,
26.281,5.09750,0.01861,1.44606,0.02608,0.09486,0.00077,0.00015,
26.282,5.09750,0.01736,3.08694,1.41427,0.08847,0.00077,0.00015,
26.283,5.09625,0.01736,3.05515,1.35232,0.08845,0.00077,0.00015,
26.284,5.09750,0.01694,3.05108,1.15261,0.08634,0.00077,0.00015,
26.285,5.09625,0.01882,3.05108,1.15261,0.09591,0.00077,0.00015,
26.286,5.09625,0.01840,1.63268,0.14020,0.09377,0.00077,0.00015,
26.287,5.09625,0.01819,0.53309,1.22838,0.09271,0.00077,0.00015,
26.288,5.09625,0.01819,2.06143,2.77547,0.09271,0.00077,0.00015,
26.289,5.09625,0.01819,2.55131,1.94976,0.09271,0.00077,0.00015,
26.290,5.09500,0.01945,2.86921,1.91308,0.09908,0.00077,0.00015,
26.291,5.09875,0.01798,0.97243,0.40756,0.09169,0.00077,0.00015,
26.292,5.09750,0.01861,1.85683,1.47699,0.09486,0.00077,0.00015,
26.293,5.10125,0.01840,3.05261,0.02038,0.09387,0.00077,0.00015,
26.294,5.09875,0.01840,1.76228,1.38896,0.09382,0.00077,0.00015,
26.295,5.09750,0.01882,2.09159,0.00734,0.09593,0.00077,0.00015,
26.296,5.09750,0.01966,2.09159,0.00734,0.10019,0.00077,0.00015,
26.297,5.09750,0.01966,1.32943,2.09807,0.10019,0.00077,0.00015,
26.298,5.09625,0.01777,2.61892,2.71591,0.09058,0.00077,0.00015,
26.299,5.09750,0.01903,2.23827,1.34981,0.09700,0.00077,0.00015,
26.300,5.09625,0.01861,2.78438,1.54869,0.09484,0.00077,0.00015,
26.301,5.09750,0.01798,1.35144,2.02308,0.09167,0.00077,0.00015,
26.302,5.09625,0.01736,1.56336,1.25118,0.08845,0.00077,0.00015,
26.303,5.09500,0.01777,1.88451,0.03342,0.09056,0.00077,0.00015,
26.304,5.09875,0.01840,2.48035,2.97512,0.09382,0.00077,0.00015,
26.305,5.09875,0.01861,3.07537,0.06847,0.09489,0.00077,0.00015,
26.306,5.09750,0.01861,1.30253,2.09970,0.09486,0.00077,0.00015,
26.307,5.09625,0.01736,1.30253,2.09970,0.08845,0.00077,0.00015,
26.308,5.10000,0.01861,2.09970,0.03260,0.09491,0.00077,0.00015,
26.309,5.09875,0.01903,3.09413,0.84445,0.09702,0.00077,0.00015,
26.310,5.09750,0.01756,1.61064,0.63089,0.08953,0.00077,0.00015,
26.311,5.09625,0.01903,1.35959,0.02445,0.09697,0.00077,0.00015,
26.312,5.09750,0.01945,1.75899,0.02853,0.09913,0.00077,0.00015,
26.313,5.09625,0.01736,1.75247,0.14835,0.08845,0.00077,0.00015,
26.314,5.09625,0.01777,0.69610,0.77435,0.09058,0.00077,0.00015,
26.315,5.09625,0.01777,2.60914,0.00978,0.09058,0.00077,0.00015,
26.316,5.09500,0.01777,1.45170,0.14183,0.09056,0.00077,0.00015,
26.317,5.09875,0.01861,1.77366,1.34818,0.09489,0.00077,0.00015,
26.318,5.09750,0.01840,1.77366,1.34818,0.09380,0.00077,0.00015,
26.319,5.09750,0.01798,1.54055,1.77122,0.09167,0.00077,0.00015,
26.320,5.09500,0.01861,1.64814,2.06385,0.09482,0.00077,0.00015,
26.321,5.09500,0.01798,2.87814,1.95951,0.09162,0.00077,0.00015,
26.322,5.09500,0.01924,1.73210,0.04076,0.09801,0.00077,0.00015,
26.323,5.09500,0.01882,0.64393,1.49979,0.09588,0.00077,0.00015,
26.324,5.09750,0.01882,2.37848,2.59040,0.09593,0.00077,0.00015,
26.325,5.09625,0.01819,3.08762,0.27795,0.09271,0.00077,0.00015,
26.326,5.09875,0.01861,1.91142,0.18992,0.09489,0.00077,0.00015,
26.327,5.09875,0.01903,1.37019,0.05950,0.09702,0.00077,0.00015,
26.328,5.09875,0.01840,2.41597,2.62708,0.09382,0.00077,0.00015,
26.329,5.09250,0.01861,2.41597,2.62708,0.09477,0.00077,0.00015,
26.330,5.09750,0.01903,1.85029,2.32713,0.09700,0.00077,0.00015,
26.331,5.09875,0.01798,1.37264,0.02201,0.09169,0.00077,0.00015,
26.332,5.09875,0.01840,0.45320,1.44681,0.09382,0.00077,0.00015,
26.333,5.09625,0.01840,2.36299,2.92542,0.09377,0.00077,0.00015,
26.334,5.09500,0.01777,1.95952,2.73957,0.09056,0.00077,0.00015,
26.335,5.09750,0.01882,3.06806,0.02119,0.09593,0.00077,0.00015,
26.336,5.09750,0.01903,1.52832,1.42318,0.09700,0.00077,0.00015,
26.337,5.09875,0.01798,2.73957,0.56079,0.09169,0.00077,0.00015,
26.338,5.09750,0.01861,0.41896,1.17538,0.09486,0.00077,0.00015,
26.339,5.09750,0.01945,1.43133,1.13952,0.09913,0.00077,0.00015,
26.340,5.09625,0.01798,1.43133,1.13952,0.09164,0.00077,0.00015,
26.341,5.09625,0.02028,2.38751,1.00750,0.10337,0.00077,0.00015,
26.342,5.10000,0.02028,1.31725,2.43234,0.10344,0.00077,0.00015,
26.343,5.09625,0.01945,2.90756,2.10221,0.09910,0.00077,0.00015,
26.344,5.09875,0.01861,2.03619,0.09129,0.09489,0.00077,0.00015,
26.345,5.09875,0.01798,3.08933,0.28203,0.09169,0.00077,0.00015,
26.346,5.09625,0.01903,3.08118,0.12797,0.09697,0.00077,0.00015,
26.347,5.09875,0.01736,2.32311,1.82588,0.08849,0.00077,0.00015,
26.348,5.09750,0.01756,0.99119,1.55037,0.08953,0.00077,0.00015,
26.349,5.10000,0.01861,2.10955,1.65960,0.09491,0.00077,0.00015,
26.350,5.10000,0.01756,2.17231,1.13303,0.08958,0.00077,0.00015,
26.351,5.09625,0.01756,2.17231,1.13303,0.08951,0.00077,0.00015,
26.352,5.09875,0.01777,1.94000,1.34903,0.09062,0.00077,0.00015,
26.353,5.09625,0.01819,1.97016,0.94881,0.09271,0.00077,0.00015,
26.354,5.09750,0.01861,0.76296,0.84040,0.09486,0.00077,0.00015,
26.355,5.09625,0.01777,2.10384,2.41114,0.09058,0.00077,0.00015,
26.356,5.09625,0.01756,0.69775,1.49983,0.08951,0.00077,0.00015,
26.357,5.09625,0.01986,1.28871,0.05624,0.10123,0.00077,0.00015,
26.358,5.09875,0.01861,1.81447,1.56015,0.09489,0.00077,0.00015,
26.359,5.09625,0.01819,0.94555,1.52918,0.09271,0.00077,0.00015,
26.360,5.09625,0.01819,1.72481,1.61640,0.09271,0.00077,0.00015,
26.361,5.09625,0.01945,2.00684,0.03261,0.09910,0.00077,0.00015,
26.362,5.09750,0.01903,2.00684,0.03261,0.09700,0.00077,0.00015,
26.363,5.09625,0.01840,1.91473,1.47620,0.09377,0.00077,0.00015,
26.364,5.09875,0.01882,3.07955,0.10515,0.09595,0.00077,0.00015,
26.365,5.10000,0.01903,3.04858,1.23247,0.09704,0.00077,0.00015,
26.366,5.09750,0.01798,2.93364,2.01173,0.09167,0.00077,0.00015,
26.367,5.10000,0.01819,2.08347,0.09537,0.09278,0.00077,0.00015,
26.368,5.10000,0.01798,1.22840,0.05380,0.09171,0.00077,0.00015,
26.369,5.09625,0.01798,0.72465,2.04271,0.09164,0.00077,0.00015,
26.370,5.09625,0.01882,2.52608,0.86567,0.09591,0.00077,0.00015,
26.371,5.09500,0.01819,2.23182,0.75970,0.09269,0.00077,0.00015,
26.372,5.09625,0.01777,1.30094,0.16629,0.09058,0.00077,0.00015,
26.373,5.09750,0.01840,1.30094,0.16629,0.09380,0.00077,0.00015,
26.374,5.09750,0.01777,2.81790,1.92452,0.09060,0.00078,0.00015,
26.375,5.09625,0.01861,3.03146,1.16563,0.09484,0.00078,0.00015,
26.376,5.09750,0.01924,2.60270,1.18764,0.09806,0.00078,0.00015,
26.377,5.09625,0.01903,1.36289,1.59602,0.09697,0.00078,0.00015,
26.378,5.09625,0.01903,1.78839,2.15927,0.09697,0.00078,0.00015,
26.379,5.09875,0.01840,0.96837,1.37757,0.09382,0.00078,0.00015,
26.380,5.09750,0.01945,2.68096,1.21862,0.09913,0.00078,0.00015,
26.381,5.09625,0.01903,3.01108,1.70036,0.09697,0.00078,0.00015,
26.382,5.09750,0.01777,0.90235,1.72563,0.09060,0.00078,0.00015,
26.383,5.09875,0.01882,0.73117,0.80779,0.09595,0.00078,0.00015,
26.384,5.09750,0.01882,0.73117,0.80779,0.09593,0.00078,0.00015,
26.385,5.09750,0.01798,1.85850,0.60646,0.09167,0.00078,0.00015,
26.386,5.09750,0.01924,0.56978,1.82345,0.09806,0.00078,0.00015,
26.387,5.09750,0.01986,1.62456,0.40757,0.10126,0.00078,0.00015,
26.388,5.09875,0.01986,0.64966,1.35068,0.10128,0.00078,0.00015,
26.389,5.09500,0.01736,1.18846,1.24552,0.08843,0.00078,0.00015,
26.390,5.09750,0.01840,1.62945,3.02577,0.09380,0.00078,0.00015,
26.391,5.09500,0.01903,1.85117,1.10614,0.09695,0.00078,0.00015,
26.392,5.09875,0.01777,3.13337,1.04908,0.09062,0.00078,0.00015,
26.393,5.09625,0.01819,2.72254,1.35801,0.09271,0.00078,0.00015,
26.394,5.09625,0.01840,0.91702,1.69222,0.09377,0.00078,0.00015,
26.395,5.09500,0.01840,0.91702,1.69222,0.09375,0.00078,0.00015,
26.396,5.09500,0.01819,2.53102,0.86568,0.09269,0.00078,0.00015,
26.397,5.09875,0.01819,1.48927,0.14347,0.09275,0.00078,0.00015,
26.398,5.09625,0.01777,2.33131,0.24536,0.09058,0.00078,0.00015,
26.399,5.09875,0.01882,1.24228,1.16891,0.09595,0.00078,0.00015,
26.400,5.09625,0.01840,3.03885,1.47785,0.09377,0.00078,0.00015,
26.401,5.09625,0.01777,2.39081,0.83878,0.09058,0.00078,0.00015,
26.402,5.09750,0.01945,1.29526,0.05054,0.09913,0.00078,0.00015,
26.403,5.09875,0.01924,2.45684,1.23902,0.09809,0.00078,0.00015,
26.404,5.09625,0.01798,1.86097,0.35214,0.09164,0.00078,0.00015,
26.405,5.09625,0.01924,3.08205,0.19482,0.09804,0.00078,0.00015,
26.406,5.09625,0.01924,3.08205,0.19482,0.09804,0.00078,0.00015,
26.407,5.09750,0.01882,1.61972,1.77705,0.09593,0.00078,0.00015,
26.408,5.10000,0.01798,0.73120,2.01834,0.09171,0.00078,0.00015,
26.409,5.10000,0.01840,2.29957,1.75423,0.09384,0.00078,0.00015,
26.410,5.09375,0.01903,1.56429,1.85041,0.09692,0.00078,0.00015,
26.411,5.09500,0.01736,2.95822,1.90992,0.08843,0.00078,0.00015,
26.412,5.09375,0.01798,0.84206,1.07438,0.09160,0.00078,0.00015,
26.413,5.09500,0.01840,1.91889,1.97595,0.09375,0.00078,0.00015,
26.414,5.09500,0.01819,0.53638,1.72488,0.09269,0.00078,0.00015,
26.415,5.09625,0.01819,3.08783,0.47850,0.09271,0.00078,0.00015,
26.416,5.09750,0.01736,3.08783,0.47850,0.08847,0.00078,0.00015,
26.417,5.09750,0.01861,1.92296,0.31384,0.09486,0.00078,0.00015,
26.418,5.09750,0.01819,1.92296,0.31384,0.09273,0.00078,0.00015,
26.419,5.09875,0.01777,2.17248,0.28939,0.09062,0.00078,0.00015,
26.420,5.09625,0.01840,1.18040,1.70945,0.09377,0.00078,0.00015,
26.421,5.09875,0.01903,0.59346,1.89450,0.09702,0.00078,0.00015,
26.422,5.09750,0.01819,2.78714,2.15536,0.09273,0.00078,0.00015,
26.423,5.09750,0.01840,1.66706,1.70212,0.09380,0.00078,0.00015,
26.424,5.09625,0.01840,1.63772,0.54129,0.09377,0.00078,0.00015,
26.425,5.09625,0.01798,1.74532,0.00082,0.09164,0.00078,0.00015,
26.426,5.09625,0.01756,2.75127,1.41599,0.08951,0.00078,0.00015,
26.427,5.09750,0.01798,1.38908,0.14184,0.09167,0.00078,0.00015,
26.428,5.09750,0.01777,1.58799,0.14266,0.09060,0.00078,0.00015,
26.429,5.09625,0.01777,1.58799,0.14266,0.09058,0.00078,0.00015,
26.430,5.09625,0.01715,1.50075,1.86922,0.08738,0.00078,0.00015,
26.431,5.09750,0.01840,1.72167,1.57494,0.09380,0.00078,0.00015,
26.432,5.09750,0.01924,2.38034,1.34424,0.09806,0.00078,0.00015,
26.433,5.09625,0.01924,2.59310,2.83929,0.09804,0.00078,0.00015,
26.434,5.09625,0.01861,1.27250,0.05299,0.09484,0.00078,0.00015,
26.435,5.09875,0.01777,0.51846,1.14207,0.09062,0.00078,0.00015,
26.436,5.09750,0.01945,2.15535,1.47141,0.09913,0.00078,0.00015,
26.437,5.09875,0.01924,2.32898,2.52707,0.09809,0.00078,0.00015,
26.438,5.10000,0.01819,1.64341,3.03656,0.09278,0.00078,0.00015,
26.439,5.09875,0.01777,2.44637,2.64935,0.09062,0.00078,0.00015,
26.440,5.09625,0.01840,2.44637,2.64935,0.09377,0.00078,0.00015,
26.441,5.09625,0.01798,2.69414,0.67904,0.09164,0.00078,0.00015,
26.442,5.09875,0.01798,2.25313,0.70186,0.09169,0.00078,0.00015,
26.443,5.10000,0.01777,1.61648,0.07907,0.09064,0.00078,0.00015,
26.444,5.09750,0.01840,0.63991,1.50236,0.09380,0.00078,0.00015,
26.445,5.09750,0.01798,1.40128,0.00163,0.09167,0.00078,0.00015,
26.446,5.09875,0.01819,3.05526,1.33851,0.09275,0.00078,0.00015,
26.447,5.09750,0.01777,1.51377,0.16303,0.09060,0.00078,0.00015,
26.448,5.09750,0.01924,1.79664,0.03179,0.09806,0.00078,0.00015,
26.449,5.09875,0.01840,1.09722,1.30101,0.09382,0.00078,0.00015,
26.450,5.09875,0.01840,1.56920,1.80234,0.09382,0.00078,0.00015,
26.451,5.10000,0.01840,1.56920,1.80234,0.09384,0.00078,0.00015,
26.452,5.09625,0.01966,2.18457,0.42387,0.10017,0.00078,0.00015,
26.453,5.09625,0.01945,2.33456,0.20949,0.09910,0.00078,0.00015,
26.454,5.10250,0.01777,1.03767,1.33275,0.09069,0.00078,0.00015,
26.455,5.09875,0.01924,3.13176,0.00489,0.09809,0.00078,0.00015,
26.456,5.10125,0.01924,2.34189,0.20786,0.09813,0.00078,0.00015,
26.457,5.09625,0.01882,2.04518,1.11103,0.09591,0.00078,0.00015,
26.458,5.09875,0.01924,2.53182,1.34416,0.09809,0.00078,0.00015,
26.459,5.09875,0.01903,2.12507,0.27389,0.09702,0.00078,0.00015,
26.460,5.09875,0.01903,1.78271,1.20641,0.09702,0.00078,0.00015,
26.461,5.09625,0.01819,1.71831,1.57811,0.09271,0.00078,0.00015,
26.462,5.09625,0.01798,1.71831,1.57811,0.09164,0.00078,0.00015,
26.463,5.10000,0.01840,2.95729,2.70216,0.09384,0.00078,0.00015,
26.464,5.09750,0.01777,1.07760,1.61070,0.09060,0.00078,0.00015,
26.465,5.10000,0.01840,1.76394,0.00326,0.09384,0.00078,0.00015,
26.466,5.09875,0.01798,1.57891,1.78514,0.09169,0.00078,0.00015,
26.467,5.09750,0.01882,2.07206,1.08738,0.09593,0.00078,0.00015,
26.468,5.09750,0.01840,2.18862,1.15585,0.09380,0.00078,0.00015,
26.469,5.09625,0.01840,1.29117,0.06521,0.09377,0.00078,0.00015,
26.470,5.09750,0.01798,2.85540,2.09325,0.09167,0.00078,0.00015,
26.471,5.09750,0.01924,1.57646,1.30747,0.09806,0.00078,0.00015,
26.472,5.09750,0.01882,1.60825,1.78840,0.09593,0.00078,0.00015,
26.473,5.09750,0.01798,1.60825,1.78840,0.09167,0.00078,0.00015,
26.474,5.10125,0.01882,1.65472,1.70362,0.09600,0.00078,0.00015,
26.475,5.09875,0.01924,0.69775,1.83568,0.09809,0.00078,0.00015,
26.476,5.10000,0.01736,1.15504,1.51941,0.08851,0.00078,0.00015,
26.477,5.10000,0.01903,3.03310,1.52267,0.09704,0.00078,0.00015,
26.478,5.09875,0.01903,0.88034,1.09554,0.09702,0.00078,0.00015,
26.479,5.09750,0.01840,1.36371,0.13939,0.09380,0.00078,0.00015,
26.480,5.09750,0.01715,1.70281,0.16303,0.08740,0.00078,0.00015,
26.481,5.09875,0.01840,2.73477,0.66026,0.09382,0.00078,0.00015,
26.482,5.09875,0.01861,2.45273,1.46235,0.09489,0.00078,0.00015,
26.483,5.09750,0.01736,1.25775,0.05298,0.08847,0.00078,0.00015,
26.484,5.09500,0.01840,1.25775,0.05298,0.09375,0.00078,0.00015,
26.485,5.09500,0.01756,3.07712,0.06521,0.08949,0.00078,0.00015,
26.486,5.09500,0.01819,2.10222,1.49251,0.09269,0.00078,0.00015,
26.487,5.09625,0.01819,1.64657,1.76721,0.09271,0.00078,0.00015,
26.488,5.10125,0.01777,1.39306,1.98322,0.09067,0.00078,0.00015,
26.489,5.09875,0.01798,2.16336,0.10189,0.09169,0.00078,0.00015,
26.490,5.09500,0.01861,2.48126,1.76313,0.09482,0.00078,0.00015,
26.491,5.09500,0.01903,0.68553,1.07597,0.09695,0.00078,0.00015,
26.492,5.09750,0.01715,0.86567,1.09880,0.08740,0.00078,0.00015,
26.493,5.09625,0.01924,2.69320,0.71732,0.09804,0.00078,0.00015,
26.494,5.09625,0.01861,2.65978,1.19172,0.09484,0.00078,0.00015,
26.495,5.09625,0.01819,2.65978,1.19172,0.09271,0.00078,0.00015,
26.496,5.09750,0.01819,1.58381,1.53816,0.09273,0.00078,0.00015,
26.497,5.09750,0.01819,2.31173,0.23557,0.09273,0.00078,0.00015,
26.498,5.09875,0.01840,2.43889,1.48355,0.09382,0.00078,0.00015,
26.499,5.10000,0.01819,1.75988,0.08722,0.09278,0.00078,0.00015,
26.500,5.09625,0.01756,0.80536,1.47540,0.08951,0.00078,0.00015,
26.501,5.09875,0.01819,1.61642,1.72809,0.09275,0.00078,0.00015,
26.502,5.09750,0.01798,1.55121,1.76966,0.09167,0.00078,0.00015,
26.503,5.09875,0.01756,2.67935,0.52332,0.08956,0.00078,0.00015,
26.504,5.09875,0.01798,1.65799,0.07010,0.09169,0.00078,0.00015,
26.505,5.09750,0.01798,2.28320,0.00734,0.09167,0.00078,0.00015,
26.506,5.09875,0.01798,2.28320,0.00734,0.09169,0.00078,0.00015,
26.507,5.09875,0.01819,2.35091,0.87059,0.09275,0.00078,0.00015,
26.508,5.10000,0.01798,2.99732,0.89667,0.09171,0.00078,0.00015,
26.509,5.09875,0.01819,1.89279,0.13532,0.09275,0.00078,0.00015,
26.510,5.09875,0.01777,2.36313,1.56591,0.09062,0.00078,0.00015,
26.511,5.09875,0.01819,1.99305,1.15833,0.09275,0.00078,0.00015,
26.512,5.09625,0.01882,2.16750,1.93436,0.09591,0.00078,0.00015,
26.513,5.09875,0.01903,2.07783,1.26594,0.09702,0.00078,0.00015,
26.514,5.09875,0.01903,3.06987,0.02690,0.09702,0.00078,0.00015,
26.515,5.09625,0.01840,0.53311,1.17953,0.09377,0.00078,0.00015,
26.516,5.09375,0.01819,2.69083,0.70918,0.09266,0.00078,0.00015,
26.517,5.09875,0.01945,2.69083,0.70918,0.09915,0.00078,0.00015,
26.518,5.09750,0.01756,1.88798,1.19588,0.08953,0.00078,0.00015,
26.519,5.09750,0.01882,0.85024,1.81950,0.09593,0.00078,0.00015,
26.520,5.09875,0.01966,2.50915,1.93689,0.10022,0.00078,0.00015,
26.521,5.09875,0.01903,1.68581,1.69967,0.09702,0.00078,0.00015,
26.522,5.10000,0.01798,2.49040,0.86491,0.09171,0.00078,0.00015,
26.523,5.10000,0.01840,1.84396,1.55619,0.09384,0.00078,0.00015,
26.524,5.09500,0.01840,2.97951,1.76733,0.09375,0.00078,0.00015,
26.525,5.09875,0.01861,1.75184,0.00897,0.09489,0.00078,0.00015,
26.526,5.09750,0.01819,2.30372,1.04670,0.09273,0.00078,0.00015,
26.527,5.10000,0.01903,1.47794,1.94504,0.09704,0.00078,0.00015,
26.528,5.09750,0.01861,1.47794,1.94504,0.09486,0.00078,0.00015,
26.529,5.09875,0.01945,1.61815,1.72494,0.09915,0.00078,0.00015,
26.530,5.09875,0.01798,2.60126,1.82031,0.09169,0.00078,0.00015,
26.531,5.09750,0.01819,1.49587,2.03797,0.09273,0.00078,0.00015,
26.532,5.09750,0.01840,1.78200,1.59451,0.09380,0.00078,0.00015,
26.533,5.09750,0.01840,0.38966,1.93689,0.09380,0.00078,0.00015,
26.534,5.09500,0.01777,2.77653,1.53500,0.09056,0.00078,0.00015,
26.535,5.09750,0.01819,2.24258,0.00245,0.09273,0.00078,0.00015,
26.536,5.09750,0.01736,3.06674,0.02119,0.08847,0.00078,0.00015,
26.537,5.09625,0.01777,2.50100,2.52301,0.09058,0.00078,0.00015,
26.538,5.09875,0.01736,1.95971,1.41517,0.08849,0.00078,0.00015,
26.539,5.09500,0.01840,1.95971,1.41517,0.09375,0.00078,0.00015,
26.540,5.09750,0.01861,1.58961,2.85071,0.09486,0.00078,0.00015,
26.541,5.09750,0.01840,3.06103,1.44370,0.09380,0.00078,0.00015,
26.542,5.09875,0.01840,2.00944,1.36381,0.09382,0.00078,0.00015,
26.543,5.10000,0.01945,2.52219,0.85513,0.09918,0.00078,0.00015,
26.544,5.09750,0.01882,2.75533,0.63829,0.09593,0.00078,0.00015,
26.545,5.09750,0.01819,1.56842,1.38419,0.09273,0.00078,0.00015,
26.546,5.09750,0.01882,3.07733,0.07744,0.09593,0.00078,0.00015,
26.547,5.09875,0.01840,2.73903,1.41109,0.09382,0.00078,0.00015,
26.548,5.09750,0.01777,1.75347,1.53174,0.09060,0.00078,0.00015,
26.549,5.09750,0.01861,2.52463,1.74532,0.09486,0.00078,0.00015,
26.550,5.09750,0.01819,2.52463,1.74532,0.09273,0.00078,0.00015,
26.551,5.09875,0.01819,3.08955,0.17771,0.09275,0.00078,0.00015,
26.552,5.09875,0.01756,3.07243,1.34587,0.08956,0.00078,0.00015,
26.553,5.09750,0.01798,1.38581,1.99802,0.09167,0.00078,0.00015,
26.554,5.09625,0.01861,2.11296,0.19727,0.09484,0.00078,0.00015,
26.555,5.09375,0.01736,1.82601,0.00245,0.08840,0.00078,0.00015,
26.556,5.09625,0.01694,1.69232,1.66787,0.08632,0.00078,0.00015,
26.557,5.09875,0.01840,3.12216,1.12903,0.09382,0.00078,0.00015,
26.558,5.09875,0.01798,1.29288,2.09503,0.09169,0.00078,0.00015,
26.559,5.09875,0.01882,2.85559,1.86677,0.09595,0.00078,0.00015,
26.560,5.09750,0.01882,2.99907,1.72819,0.09593,0.00078,0.00015,
26.561,5.10000,0.01798,2.99907,1.72819,0.09171,0.00078,0.00015,
26.562,5.09875,0.01903,2.19611,0.41982,0.09702,0.00078,0.00015,
26.563,5.09500,0.01861,2.63876,1.17305,0.09482,0.00078,0.00015,
26.564,5.09625,0.01756,1.43880,1.53092,0.08951,0.00078,0.00015,
26.565,5.09875,0.01819,3.10830,0.01304,0.09275,0.00078,0.00015,
26.566,5.10000,0.01903,2.22627,1.11028,0.09704,0.00078,0.00015,
26.567,5.09625,0.01736,1.40375,1.80401,0.08845,0.00078,0.00015,
26.568,5.09625,0.01756,1.16735,1.31000,0.08951,0.00078,0.00015,
26.569,5.10000,0.01756,1.74124,1.53907,0.08958,0.00078,0.00015,
26.570,5.09750,0.01861,1.72656,0.51438,0.09486,0.00078,0.00015,
26.571,5.09750,0.01673,1.68091,0.59264,0.08527,0.00078,0.00015,
26.572,5.09500,0.01777,1.68091,0.59264,0.09056,0.00078,0.00015,
26.573,5.09500,0.01736,1.91814,1.14778,0.08843,0.00078,0.00015,
26.574,5.09875,0.01819,1.48283,1.92547,0.09275,0.00078,0.00015,
26.575,5.09625,0.01736,1.21544,2.37546,0.08845,0.00078,0.00015,
26.576,5.09875,0.01777,1.62630,1.72657,0.09062,0.00078,0.00015,
26.577,5.09875,0.01903,1.62630,1.72657,0.09702,0.00078,0.00015,
26.578,5.09750,0.01903,1.35321,0.16630,0.09700,0.00078,0.00015,
26.579,5.09625,0.01777,2.05346,0.00082,0.09058,0.00078,0.00015,
26.580,5.09750,0.01798,1.10295,0.10924,0.09167,0.00078,0.00015,
26.581,5.09750,0.01903,1.42332,1.73635,0.09700,0.00078,0.00015,
26.582,5.09625,0.01861,2.31350,1.04018,0.09484,0.00078,0.00015,
26.583,5.09875,0.01777,2.24421,1.81787,0.09062,0.00078,0.00015,
26.584,5.09875,0.01903,2.24421,1.81787,0.09702,0.00078,0.00015,
26.585,5.09625,0.01924,2.36076,2.55559,0.09804,0.00078,0.00015,
26.586,5.09625,0.01777,1.41597,1.98986,0.09058,0.00078,0.00015,
26.587,5.09750,0.01777,2.62162,0.77198,0.09060,0.00078,0.00015,
26.588,5.10000,0.01903,0.89425,1.16000,0.09704,0.00078,0.00015,
26.589,5.09875,0.01945,2.70233,1.99556,0.09915,0.00078,0.00015,
26.590,5.10000,0.01819,1.36217,0.78094,0.09278,0.00078,0.00015,
26.591,5.09750,0.01819,1.48037,1.92464,0.09273,0.00078,0.00015,
26.592,5.09875,0.01840,2.10887,1.97437,0.09382,0.00078,0.00015,
26.593,5.09375,0.01798,0.83719,1.07115,0.09160,0.00078,0.00015,
26.594,5.09750,0.01819,2.19691,0.18749,0.09273,0.00078,0.00015,
26.595,5.09750,0.01819,2.19691,0.18749,0.09273,0.00078,0.00015,
26.596,5.09875,0.01819,3.00552,1.71348,0.09275,0.00078,0.00015,
26.597,5.09750,0.01798,1.34584,0.06277,0.09167,0.00078,0.00015,
26.598,5.09500,0.01840,2.61832,0.79397,0.09375,0.00078,0.00015,
26.599,5.09750,0.01840,2.02325,0.68637,0.09380,0.00078,0.00015,
26.600,5.09875,0.01882,1.30101,0.15651,0.09595,0.00078,0.00015,
26.601,5.09875,0.01882,1.80478,1.46404,0.09595,0.00078,0.00015,
26.602,5.09875,0.01882,1.31323,2.10639,0.09595,0.00078,0.00015,
26.603,5.09500,0.01945,2.61098,0.78093,0.09908,0.00078,0.00015,
26.604,5.09500,0.01945,1.53578,0.15651,0.09908,0.00078,0.00015,
26.605,5.09625,0.01945,3.06910,0.03913,0.09910,0.00078,0.00015,
26.606,5.09500,0.01756,3.06910,0.03913,0.08949,0.00078,0.00015,
26.607,5.09750,0.01861,2.06556,1.29200,0.09486,0.00078,0.00015,
26.608,5.09750,0.01966,2.01666,1.60257,0.10019,0.00078,0.00015,
26.609,5.09500,0.01798,2.75843,1.44198,0.09162,0.00078,0.00015,
26.610,5.09500,0.01798,2.23267,1.83733,0.09162,0.00078,0.00015,
26.611,5.09750,0.01903,2.38510,0.99855,0.09700,0.00078,0.00015,
26.612,5.09500,0.01736,1.89602,1.51616,0.08843,0.00078,0.00015,
26.613,5.09500,0.01798,1.51127,1.57811,0.09162,0.00078,0.00015,
26.614,5.09625,0.01798,1.70364,1.00588,0.09164,0.00078,0.00015,
26.615,5.09500,0.01861,1.82673,2.19436,0.09482,0.00078,0.00015,
26.616,5.09625,0.01861,2.00443,1.88705,0.09484,0.00078,0.00015,
26.617,5.09500,0.01840,2.00443,1.88705,0.09375,0.00078,0.00015,
26.618,5.09625,0.01777,2.22857,1.36290,0.09058,0.00078,0.00015,
26.619,5.09750,0.01777,2.88394,0.92843,0.09060,0.00078,0.00015,
26.620,5.09750,0.01715,1.55364,1.75987,0.08740,0.00078,0.00015,
26.621,5.09750,0.01819,2.33046,1.49495,0.09273,0.00078,0.00015,
26.622,5.09750,0.02007,2.11282,1.27568,0.10233,0.00078,0.00015,
26.623,5.09625,0.02007,3.08446,1.31236,0.10230,0.00078,0.00015,
26.624,5.09875,0.01840,2.10304,2.00278,0.09382,0.00078,0.00015,
26.625,5.09875,0.01861,2.31905,0.23802,0.09489,0.00078,0.00015,
26.626,5.09750,0.01903,1.56424,0.14265,0.09700,0.00078,0.00015,
26.627,5.09750,0.01840,2.50734,1.37757,0.09380,0.00078,0.00015,
26.628,5.09625,0.01777,2.50734,1.37757,0.09058,0.00078,0.00015,
26.629,5.09750,0.01840,2.83259,2.50083,0.09380,0.00078,0.00015,
26.630,5.09875,0.01819,1.40774,1.70608,0.09275,0.00078,0.00015,
26.631,5.09875,0.01945,2.06718,1.24145,0.09915,0.00078,0.00015,
26.632,5.09500,0.01945,1.29280,2.10305,0.09908,0.00078,0.00015,
26.633,5.09750,0.01798,1.79167,0.08314,0.09167,0.00078,0.00015,
26.634,5.09625,0.01924,2.77716,1.52023,0.09804,0.00078,0.00015,
26.635,5.10125,0.01945,3.08447,1.41833,0.09920,0.00078,0.00015,
26.636,5.09625,0.01798,0.68634,1.50066,0.09164,0.00078,0.00015,
26.637,5.09750,0.01756,2.91329,2.10631,0.08953,0.00078,0.00015,
26.638,5.09875,0.01924,2.10794,1.17542,0.09809,0.00078,0.00015,
26.639,5.09875,0.01736,2.10794,1.17542,0.08849,0.00078,0.00015,
26.640,5.09875,0.01798,2.53589,2.00524,0.09169,0.00078,0.00015,
26.641,5.09875,0.01798,3.00460,0.96512,0.09169,0.00078,0.00015,
26.642,5.09625,0.01840,2.83831,1.77455,0.09377,0.00078,0.00015,
26.643,5.09750,0.01652,2.71848,0.58608,0.08421,0.00078,0.00015,
26.644,5.10125,0.01798,2.58562,0.77357,0.09173,0.00078,0.00015,
26.645,5.09750,0.01777,0.90888,1.70038,0.09060,0.00078,0.00015,
26.646,5.09875,0.01882,3.00541,0.87546,0.09595,0.00078,0.00015,
26.647,5.09875,0.01861,2.96955,1.89275,0.09489,0.00078,0.00015,
26.648,5.09750,0.01777,2.05089,1.35150,0.09060,0.00078,0.00015,
26.649,5.09625,0.01861,1.71912,1.66451,0.09484,0.00078,0.00015,
26.650,5.09625,0.01861,1.71912,1.66451,0.09484,0.00078,0.00015,
26.651,5.09875,0.01861,1.29038,0.00897,0.09489,0.00078,0.00015,
26.652,5.09750,0.01798,1.62297,0.46464,0.09167,0.00078,0.00015,
26.653,5.09875,0.01903,1.63682,1.75910,0.09702,0.00078,0.00015,
26.654,5.10000,0.01840,1.41266,1.13061,0.09384,0.00078,0.00015,
26.655,5.09750,0.01798,0.41491,1.31402,0.09167,0.00078,0.00015,
26.656,5.09750,0.01966,1.27000,1.38576,0.10019,0.00078,0.00015,
26.657,5.09750,0.01861,2.75521,0.65212,0.09486,0.00078,0.00015,
26.658,5.09750,0.01819,1.34907,2.02973,0.09273,0.00078,0.00015,
26.659,5.09750,0.01819,2.32807,1.56427,0.09273,0.00078,0.00015,
26.660,5.09875,0.01798,2.48213,0.89341,0.09169,0.00078,0.00015,
26.661,5.10000,0.01777,2.48213,0.89341,0.09064,0.00078,0.00015,
26.662,5.09750,0.01861,1.37436,0.79478,0.09486,0.00078,0.00015,
26.663,5.09875,0.01840,2.08518,1.24475,0.09382,0.00078,0.00015,
26.664,5.09750,0.01840,2.05420,1.35153,0.09380,0.00078,0.00015,
26.665,5.09500,0.01924,0.90401,1.01813,0.09801,0.00078,0.00015,
26.666,5.09750,0.01861,2.66312,0.74016,0.09486,0.00078,0.00015,
26.667,5.09875,0.01777,2.44222,0.94314,0.09062,0.00078,0.00015,
26.668,5.09875,0.01777,1.30099,1.72325,0.09062,0.00078,0.00015,
26.669,5.09875,0.01903,1.56266,1.75422,0.09702,0.00078,0.00015,
26.670,5.09875,0.01945,2.68839,2.80659,0.09915,0.00078,0.00015,
26.671,5.09875,0.01840,2.73893,2.09251,0.09382,0.00078,0.00015,
26.672,5.09625,0.01924,2.73893,2.09251,0.09804,0.00078,0.00015,
26.673,5.09750,0.01840,1.69719,3.02837,0.09380,0.00078,0.00015,
26.674,5.09750,0.01819,2.76833,0.63094,0.09273,0.00078,0.00015,
26.675,5.09500,0.01819,1.14450,1.66785,0.09269,0.00078,0.00015,
26.676,5.09750,0.01861,1.56350,1.79501,0.09486,0.00078,0.00015,
26.677,5.09750,0.01840,1.95805,1.56921,0.09380,0.00078,0.00015,
26.678,5.09875,0.01840,2.07543,0.44835,0.09382,0.00078,0.00015,
26.679,5.09625,0.01736,1.34585,2.02815,0.08845,0.00078,0.00015,
26.680,5.09750,0.01840,2.19771,0.42063,0.09380,0.00078,0.00015,
26.681,5.09625,0.01777,2.58655,0.68719,0.09058,0.00078,0.00015,
26.682,5.09750,0.01777,2.06565,0.31873,0.09060,0.00078,0.00015,
26.683,5.09500,0.01777,2.06565,0.31873,0.09056,0.00078,0.00015,
26.684,5.09750,0.01903,2.07625,0.00489,0.09700,0.00078,0.00015,
26.685,5.09625,0.01736,1.99554,0.03261,0.08845,0.00078,0.00015,
26.686,5.09625,0.01798,2.33384,1.69067,0.09164,0.00078,0.00015,
26.687,5.09875,0.01798,1.01571,1.32547,0.09169,0.00078,0.00015,
26.688,5.09500,0.01882,1.77219,1.59529,0.09588,0.00078,0.00015,
26.689,5.09750,0.01861,2.24173,0.82088,0.09486,0.00078,0.00015,
26.690,5.09875,0.01756,1.35074,2.02081,0.08956,0.00078,0.00015,
26.691,5.09875,0.01861,1.94174,1.45834,0.09489,0.00078,0.00015,
26.692,5.09875,0.01903,1.64502,1.74447,0.09702,0.00078,0.00015,
26.693,5.09625,0.01861,2.40150,2.58002,0.09484,0.00078,0.00015,
26.694,5.09750,0.01861,2.40150,2.58002,0.09486,0.00078,0.00015,
26.695,5.09750,0.01840,1.39069,0.14021,0.09380,0.00078,0.00015,
26.696,5.09750,0.01840,1.73877,0.02609,0.09380,0.00078,0.00015,
26.697,5.09750,0.01777,1.62790,0.53312,0.09060,0.00078,0.00015,
26.698,5.09625,0.01840,1.69393,1.00837,0.09377,0.00078,0.00015,
26.699,5.09500,0.01777,2.31673,1.46242,0.09056,0.00078,0.00015,
26.700,5.09875,0.01798,0.77442,1.61975,0.09169,0.00078,0.00015,
26.701,5.09750,0.01756,2.65502,0.60975,0.08953,0.00078,0.00015,
26.702,5.09875,0.01673,2.23358,0.96109,0.08529,0.00078,0.00015,
26.703,5.09750,0.01882,2.35830,2.56291,0.09593,0.00078,0.00015,
26.704,5.09750,0.01924,2.35341,0.89832,0.09806,0.00078,0.00015,
26.705,5.09625,0.01924,2.35341,0.89832,0.09804,0.00078,0.00015,
26.706,5.09625,0.01736,1.83660,1.10539,0.08845,0.00078,0.00015,
26.707,5.09750,0.01945,3.05122,1.47140,0.09913,0.00078,0.00015,
26.708,5.09625,0.01819,1.93768,1.32059,0.09271,0.00078,0.00015,
26.709,5.09625,0.01798,1.88388,0.53068,0.09164,0.00078,0.00015,
26.710,5.09875,0.01840,2.04366,0.46221,0.09382,0.00078,0.00015,
26.711,5.09750,0.01861,2.54092,0.84616,0.09486,0.00078,0.00015,
26.712,5.09375,0.01777,2.50994,0.76056,0.09053,0.00078,0.00015,
26.713,5.09375,0.01986,2.15371,2.66646,0.10118,0.00078,0.00015,
26.714,5.09750,0.01986,1.40130,1.97192,0.10126,0.00078,0.00015,
26.715,5.09875,0.01903,2.73493,1.38581,0.09702,0.00078,0.00015,
26.716,5.09500,0.01945,2.73493,1.38581,0.09908,0.00078,0.00015,
26.717,5.09625,0.01945,2.13742,1.44859,0.09910,0.00078,0.00015,
26.718,5.09750,0.01924,1.96379,2.72273,0.09806,0.00078,0.00015,
26.719,5.09875,0.01777,2.10400,1.27251,0.09062,0.00078,0.00015,
26.720,5.09625,0.01903,2.05835,1.30675,0.09697,0.00078,0.00015,
26.721,5.09625,0.01819,2.39095,0.83312,0.09271,0.00078,0.00015,
26.722,5.09625,0.01840,1.72168,2.79936,0.09377,0.00078,0.00015,
26.723,5.09625,0.01840,2.84256,2.39421,0.09377,0.00078,0.00015,
26.724,5.09750,0.01798,2.16025,1.20974,0.09167,0.00078,0.00015,
26.725,5.09750,0.01840,0.92931,0.95866,0.09380,0.00078,0.00015,
26.726,5.09625,0.01945,1.75347,2.50752,0.09910,0.00078,0.00015,
26.727,5.09500,0.01777,1.75347,2.50752,0.09056,0.00078,0.00015,
26.728,5.09625,0.01819,0.84699,1.06302,0.09271,0.00078,0.00015,
26.729,5.09625,0.01798,2.30132,1.08666,0.09164,0.00078,0.00015,
26.730,5.09750,0.01798,1.22280,0.10435,0.09167,0.00078,0.00015,
26.731,5.09750,0.01819,2.41870,0.96928,0.09273,0.00078,0.00015,
26.732,5.09625,0.01819,2.48066,0.85841,0.09271,0.00078,0.00015,
26.733,5.09625,0.01736,2.54425,1.32063,0.08845,0.00078,0.00015,
26.734,5.09375,0.01840,1.66301,1.69562,0.09373,0.00078,0.00015,
26.735,5.09250,0.01736,0.69211,2.13501,0.08838,0.00078,0.00015,
26.736,5.09750,0.01798,2.37305,0.00489,0.09167,0.00078,0.00015,
26.737,5.09875,0.01840,2.20105,1.17878,0.09382,0.00078,0.00015,
26.738,5.09750,0.01861,2.20105,1.17878,0.09486,0.00078,0.00015,
26.739,5.09625,0.01798,2.20105,1.17878,0.09164,0.00078,0.00015,
26.740,5.09625,0.01903,3.06927,1.64509,0.09697,0.00078,0.00015,
26.741,5.10000,0.01903,2.04373,0.03342,0.09704,0.00078,0.00015,
26.742,5.09625,0.01882,1.09483,1.43640,0.09591,0.00078,0.00015,
26.743,5.10000,0.01861,3.05378,0.01793,0.09491,0.00078,0.00015,
26.744,5.09875,0.01945,1.82363,1.53667,0.09915,0.00078,0.00015,
26.745,5.09625,0.01903,1.31493,2.42933,0.09697,0.00078,0.00015,
26.746,5.09375,0.01882,3.07742,1.88477,0.09586,0.00078,0.00015,
26.747,5.09875,0.01903,1.76901,1.84971,0.09702,0.00078,0.00015,
26.748,5.09625,0.01840,2.37715,0.85842,0.09377,0.00078,0.00015,
26.749,5.09625,0.01861,1.34102,2.05188,0.09484,0.00078,0.00015,
26.750,5.09500,0.01861,1.34102,2.05188,0.09482,0.00078,0.00015,
26.751,5.09625,0.01819,1.03205,1.83095,0.09271,0.00078,0.00015,
26.752,5.09875,0.01903,2.91925,2.10405,0.09702,0.00078,0.00015,
26.753,5.09500,0.01819,1.34753,2.07714,0.09269,0.00078,0.00015,
26.754,5.09625,0.01736,1.40134,1.99399,0.08845,0.00078,0.00015,
26.755,5.09750,0.01840,3.08963,1.20813,0.09380,0.00078,0.00015,
26.756,5.09375,0.01840,1.62307,1.49427,0.09373,0.00078,0.00015,
26.757,5.09500,0.01840,2.05921,1.32471,0.09375,0.00078,0.00015,
26.758,5.09500,0.01840,1.61737,1.80079,0.09375,0.00079,0.00015,
26.759,5.09750,0.01840,1.52525,0.01304,0.09380,0.00079,0.00015,
26.760,5.09750,0.01882,1.58557,1.29210,0.09593,0.00079,0.00015,
26.761,5.09500,0.01903,1.58557,1.29210,0.09695,0.00079,0.00015,
26.762,5.09500,0.01840,1.65646,1.87411,0.09375,0.00079,0.00015,
26.763,5.09500,0.01861,2.22709,1.07523,0.09482,0.00079,0.00015,
26.764,5.10125,0.01882,1.97683,0.48014,0.09600,0.00079,0.00015,
26.765,5.09875,0.01777,0.36194,1.83743,0.09062,0.00079,0.00015,
26.766,5.09500,0.01903,1.88308,1.52684,0.09695,0.00079,0.00015,
26.767,5.09500,0.01882,0.90975,1.17713,0.09588,0.00079,0.00015,
26.768,5.09875,0.01882,0.61465,1.39234,0.09595,0.00079,0.00015,
26.769,5.09750,0.01840,1.82276,1.46897,0.09380,0.00079,0.00015,
26.770,5.09625,0.01777,1.46652,1.94096,0.09058,0.00079,0.00015,
26.771,5.09750,0.01819,1.91080,1.46897,0.09273,0.00079,0.00015,
26.772,5.09625,0.01736,1.91080,1.46897,0.08845,0.00079,0.00015,
26.773,5.09750,0.01736,2.48948,2.97531,0.08847,0.00079,0.00015,
26.774,5.09750,0.01756,2.90929,2.63458,0.08953,0.00079,0.00015,
26.775,5.09750,0.01736,1.34582,1.11758,0.08847,0.00079,0.00015,
26.776,5.09750,0.01798,2.10799,2.04930,0.09167,0.00079,0.00015,
26.777,5.09750,0.01798,2.32319,0.92846,0.09167,0.00079,0.00015,
26.778,5.09625,0.01798,2.20010,1.16975,0.09164,0.00079,0.00015,
26.779,5.09875,0.01777,2.02566,0.47768,0.09062,0.00079,0.00015,
26.780,5.10000,0.01736,2.35172,1.65476,0.08851,0.00079,0.00015,
26.781,5.09625,0.01882,1.58221,1.30506,0.09591,0.00079,0.00015,
26.782,5.09875,0.01777,2.66311,0.60240,0.09062,0.00079,0.00015,
26.783,5.09875,0.01840,2.66311,0.60240,0.09382,0.00079,0.00015,
26.784,5.09500,0.01819,1.96289,0.00978,0.09269,0.00079,0.00015,
26.785,5.09500,0.01819,2.11370,0.03750,0.09269,0.00079,0.00015,
26.786,5.09500,0.01819,2.13408,2.02077,0.09269,0.00079,0.00015,
26.787,5.09750,0.01903,1.40044,1.99061,0.09700,0.00079,0.00015,
26.788,5.09625,0.01777,2.25553,1.12084,0.09058,0.00079,0.00015,
26.789,5.09875,0.01924,1.99632,0.74668,0.09809,0.00079,0.00015,
26.790,5.10125,0.01840,0.80293,1.57162,0.09387,0.00079,0.00015,
26.791,5.09500,0.01673,0.50051,1.09883,0.08523,0.00079,0.00015,
26.792,5.09625,0.01819,1.60096,1.26838,0.09271,0.00079,0.00015,
26.793,5.10000,0.01777,2.90195,2.77642,0.09064,0.00079,0.00015,
26.794,5.09750,0.01861,2.90195,2.77642,0.09486,0.00079,0.00015,
26.795,5.09750,0.01861,2.26369,0.73282,0.09486,0.00079,0.00015,
26.796,5.09875,0.01840,0.79885,1.70938,0.09382,0.00079,0.00015,
26.797,5.09500,0.01694,2.21804,1.08986,0.08629,0.00079,0.00015,
26.798,5.09875,0.01861,1.03688,1.36702,0.09489,0.00079,0.00015,
26.799,5.09625,0.01736,1.58792,2.84000,0.08845,0.00079,0.00015,
26.800,5.09875,0.01798,2.91499,2.62561,0.09169,0.00079,0.00015,
26.801,5.09750,0.01924,1.86671,1.75177,0.09806,0.00079,0.00015,
26.802,5.09750,0.01882,1.35479,1.60993,0.09593,0.00079,0.00015,
26.803,5.09750,0.01736,2.01506,1.32870,0.08847,0.00079,0.00015,
26.804,5.09750,0.01736,0.60240,1.37435,0.08847,0.00079,0.00015,
26.805,5.09875,0.01861,0.60240,1.37435,0.09489,0.00079,0.00015,
26.806,5.10125,0.01882,3.21988,0.00326,0.09600,0.00079,0.00015,
26.807,5.09500,0.01840,2.60199,0.78092,0.09375,0.00079,0.00015,
26.808,5.09625,0.01966,2.57998,1.25045,0.10017,0.00079,0.00015,
26.809,5.09625,0.01861,1.74770,1.03444,0.09484,0.00079,0.00015,
26.810,5.09875,0.01819,2.46911,1.92459,0.09275,0.00079,0.00015,
26.811,5.09750,0.01924,1.97024,2.32239,0.09806,0.00079,0.00015,
26.812,5.09875,0.01924,2.32157,2.90359,0.09809,0.00079,0.00015,
26.813,5.09875,0.01777,1.48196,1.60668,0.09062,0.00079,0.00015,
26.814,5.09750,0.01777,3.06907,0.03342,0.09060,0.00079,0.00015,
26.815,5.09750,0.01819,1.97187,2.16343,0.09273,0.00079,0.00015,
26.816,5.09625,0.01861,1.97187,2.16343,0.09484,0.00079,0.00015,
26.817,5.09750,0.01673,3.11146,0.00734,0.08527,0.00079,0.00015,
26.818,5.09625,0.01777,2.68432,1.23578,0.09058,0.00079,0.00015,
26.819,5.10125,0.01715,2.22457,1.13062,0.08747,0.00079,0.00015,
26.820,5.09750,0.01777,1.53902,0.00897,0.09060,0.00079,0.00015,
26.821,5.09625,0.01736,0.81760,1.16649,0.08845,0.00079,0.00015,
26.822,5.09625,0.01882,2.76420,2.13082,0.09591,0.00079,0.00015,
26.823,5.09750,0.01882,3.05766,0.01956,0.09593,0.00079,0.00015,
26.824,5.10125,0.01861,0.45893,0.96107,0.09493,0.00079,0.00015,
26.825,5.09625,0.01945,2.12512,1.68901,0.09910,0.00079,0.00015,
26.826,5.09750,0.01777,2.13979,2.66149,0.09060,0.00079,0.00015,
26.827,5.09875,0.01945,2.13979,2.66149,0.09915,0.00079,0.00015,
26.828,5.09625,0.01945,1.45425,1.48604,0.09910,0.00079,0.00015,
26.829,5.09625,0.01840,0.98308,1.17954,0.09377,0.00079,0.00015,
26.830,5.09875,0.01861,2.29875,1.43468,0.09489,0.00079,0.00015,
26.831,5.09875,0.01882,2.07132,1.18687,0.09595,0.00079,0.00015,
26.832,5.09625,0.01882,1.95639,1.17139,0.09591,0.00079,0.00015,
26.833,5.09875,0.01840,2.60036,1.22519,0.09382,0.00079,0.00015,
26.834,5.10125,0.01861,2.77888,2.39902,0.09493,0.00079,0.00015,
26.835,5.09875,0.01861,2.07703,2.23517,0.09489,0.00079,0.00015,
26.836,5.09375,0.01882,3.02588,0.82657,0.09586,0.00079,0.00015,
26.837,5.09875,0.01694,2.76258,0.52904,0.08636,0.00079,0.00015,
26.838,5.09875,0.01903,2.76258,0.52904,0.09702,0.00079,0.00015,
26.839,5.09750,0.01903,0.58366,1.30915,0.09700,0.00079,0.00015,
26.840,5.09750,0.01798,1.33687,1.70125,0.09167,0.00079,0.00015,
26.841,5.09500,0.01798,2.43408,2.54820,0.09162,0.00079,0.00015,
26.842,5.09625,0.01861,1.73059,2.55065,0.09484,0.00079,0.00015,
26.843,5.10125,0.01924,1.71347,1.57245,0.09813,0.00079,0.00015,
26.844,5.09750,0.01840,0.86000,1.04096,0.09380,0.00079,0.00015,
26.845,5.09750,0.01924,2.44223,2.65010,0.09806,0.00079,0.00015,
26.846,5.09625,0.01819,0.80457,0.90076,0.09271,0.00079,0.00015,
26.847,5.09625,0.01840,2.01182,0.72223,0.09377,0.00079,0.00015,
26.848,5.09500,0.01819,2.36560,0.86570,0.09269,0.00079,0.00015,
26.849,5.09500,0.01945,2.36560,0.86570,0.09908,0.00079,0.00015,
26.850,5.09750,0.01945,1.82028,0.00734,0.09913,0.00079,0.00015,
26.851,5.10000,0.01819,2.28574,1.06869,0.09278,0.00079,0.00015,
26.852,5.09750,0.01736,2.40394,0.81843,0.08847,0.00079,0.00015,
26.853,5.09875,0.01798,1.50562,0.67904,0.09169,0.00079,0.00015,
26.854,5.09875,0.01798,2.17406,0.41981,0.09169,0.00079,0.00015,
26.855,5.09625,0.01882,1.77381,0.03913,0.09591,0.00079,0.00015,
26.856,5.09875,0.01840,2.25558,1.78930,0.09382,0.00079,0.00015,
26.857,5.09625,0.01861,1.95152,1.38090,0.09484,0.00079,0.00015,
26.858,5.09625,0.01903,1.73142,1.61975,0.09697,0.00079,0.00015,
26.859,5.09625,0.01903,2.96722,2.73734,0.09697,0.00079,0.00015,
26.860,5.09875,0.01777,2.96722,2.73734,0.09062,0.00079,0.00015,
26.861,5.10000,0.01840,1.93196,0.00897,0.09384,0.00079,0.00015,
26.862,5.09875,0.01819,1.79990,1.59529,0.09275,0.00079,0.00015,
26.863,5.09750,0.01840,3.05445,0.02282,0.09380,0.00079,0.00015,
26.864,5.09500,0.01777,1.80071,0.00163,0.09056,0.00079,0.00015,
26.865,5.09625,0.01840,0.52089,1.67925,0.09377,0.00079,0.00015,
26.866,5.09875,0.01736,0.97413,1.19015,0.08849,0.00079,0.00015,
26.867,5.09875,0.01840,1.21787,1.50236,0.09382,0.00079,0.00015,
26.868,5.09625,0.01840,1.76240,1.35644,0.09377,0.00079,0.00015,
26.869,5.09875,0.01882,2.76832,2.14798,0.09595,0.00079,0.00015,
26.870,5.09750,0.01903,1.33525,0.01549,0.09700,0.00079,0.00015,
26.871,5.09750,0.01756,1.33525,0.01549,0.08953,0.00079,0.00015,
26.872,5.09625,0.01798,2.03956,1.32466,0.09164,0.00079,0.00015,
26.873,5.09500,0.01840,2.84577,2.38357,0.09375,0.00079,0.00015,
26.874,5.10000,0.01861,1.98250,0.01223,0.09491,0.00079,0.00015,
26.875,5.09875,0.01756,0.73203,1.09559,0.08956,0.00079,0.00015,
26.876,5.09875,0.01882,0.96109,1.21053,0.09595,0.00079,0.00015,
26.877,5.09625,0.01882,1.56839,1.76974,0.09591,0.00079,0.00015,
26.878,5.09875,0.01840,2.30368,1.04587,0.09382,0.00079,0.00015,
26.879,5.09875,0.01882,1.82762,1.09070,0.09595,0.00079,0.00015,
26.880,5.10000,0.01903,2.96315,2.72838,0.09704,0.00079,0.00015,
26.881,5.09750,0.01924,1.73550,1.25374,0.09806,0.00079,0.00015,
26.882,5.09875,0.01777,1.73550,1.25374,0.09062,0.00079,0.00015,
26.883,5.09875,0.01924,1.64095,0.97169,0.09809,0.00079,0.00015,
26.884,5.10000,0.01819,1.04506,1.14288,0.09278,0.00079,0.00015,
26.885,5.10000,0.01756,1.38906,1.49014,0.08958,0.00079,0.00015,
26.886,5.09750,0.01756,1.81377,0.01467,0.08953,0.00079,0.00015,
26.887,5.09875,0.01882,2.73329,0.54861,0.09595,0.00079,0.00015,
26.888,5.09750,0.01798,2.59145,0.67741,0.09167,0.00079,0.00015,
26.889,5.09500,0.01777,2.58900,2.83763,0.09056,0.00079,0.00015,
26.890,5.09750,0.01736,2.52379,1.70943,0.08847,0.00079,0.00015,
26.891,5.09500,0.01777,2.49363,1.67274,0.09056,0.00079,0.00015,
26.892,5.09625,0.01924,1.46406,0.00897,0.09804,0.00079,0.00015,
26.893,5.09625,0.01819,1.46406,0.00897,0.09271,0.00079,0.00015,
26.894,5.09750,0.01756,1.00757,1.58146,0.08953,0.00079,0.00015,
26.895,5.09750,0.01756,0.64318,2.03470,0.08953,0.00079,0.00015,
26.896,5.09750,0.01861,2.24991,2.73494,0.09486,0.00079,0.00015,
26.897,5.09750,0.01945,1.94829,1.16734,0.09913,0.00079,0.00015,
26.898,5.09375,0.01798,1.84476,1.28392,0.09160,0.00079,0.00015,
26.899,5.09750,0.01903,1.36462,0.75323,0.09700,0.00079,0.00015,
26.900,5.09500,0.01882,1.36462,0.75323,0.09588,0.00079,0.00015,
26.901,5.09500,0.01819,1.48527,1.41598,0.09269,0.00079,0.00015,
26.902,5.10000,0.01966,3.06754,0.03261,0.10024,0.00079,0.00015,
26.903,5.10000,0.01986,2.32817,1.56271,0.10131,0.00079,0.00015,
26.904,5.09750,0.01986,1.91161,0.92360,0.10126,0.00079,0.00015,
26.905,5.09750,0.01756,1.91161,0.92360,0.08953,0.00079,0.00015,
26.906,5.09625,0.01903,0.61465,1.99477,0.09697,0.00079,0.00015,
26.907,5.09750,0.01924,1.91733,1.13148,0.09806,0.00079,0.00015,
26.908,5.09875,0.01777,1.71434,2.82708,0.09062,0.00079,0.00015,
26.909,5.09750,0.01756,2.11949,2.95099,0.08953,0.00079,0.00015,
26.910,5.09750,0.01924,2.80099,2.19449,0.09806,0.00079,0.00015,
26.911,5.09875,0.01736,2.02901,0.00408,0.08849,0.00079,0.00015,
26.912,5.09875,0.01756,1.89532,2.25971,0.08956,0.00079,0.00015,
26.913,5.09500,0.01756,1.70864,1.28392,0.08949,0.00079,0.00015,
26.914,5.09625,0.01840,1.21952,1.51462,0.09377,0.00079,0.00015,
26.915,5.09750,0.01819,0.90649,0.57063,0.09273,0.00079,0.00015,
26.916,5.09500,0.01798,0.90649,0.57063,0.09162,0.00079,0.00015,
26.917,5.09875,0.01756,1.21381,1.50972,0.08956,0.00079,0.00015,
26.918,5.09500,0.01777,1.41272,1.98742,0.09056,0.00079,0.00015,
26.919,5.09750,0.01861,2.37790,2.56784,0.09486,0.00079,0.00015,
26.920,5.09875,0.01777,2.42192,0.81763,0.09062,0.00079,0.00015,
26.921,5.09875,0.01966,1.50320,0.00000,0.10022,0.00079,0.00015,
26.922,5.09875,0.01966,1.98579,0.49156,0.10022,0.00079,0.00015,
26.923,5.09500,0.01882,0.75323,1.37766,0.09588,0.00079,0.00015,
26.924,5.09250,0.01736,2.28008,1.39723,0.08838,0.00079,0.00015,
26.925,5.09500,0.01924,2.04204,0.11820,0.09801,0.00079,0.00015,
26.926,5.09875,0.01861,1.76977,1.36625,0.09489,0.00079,0.00015,
26.927,5.09500,0.01756,1.76977,1.36625,0.08949,0.00079,0.00015,
26.928,5.09875,0.01861,1.78930,0.00734,0.09489,0.00079,0.00015,
26.929,5.09625,0.01840,2.88978,2.01266,0.09377,0.00079,0.00015,
26.930,5.09625,0.01736,2.06239,2.69659,0.08845,0.00079,0.00015,
26.931,5.09875,0.01736,2.04364,1.33525,0.08849,0.00079,0.00015,
26.932,5.09750,0.01736,2.86451,2.34770,0.08847,0.00079,0.00015,
26.933,5.09875,0.01882,3.05363,0.02038,0.09595,0.00079,0.00015,
26.934,5.10125,0.01798,0.65703,1.49584,0.09173,0.00079,0.00015,
26.935,5.09875,0.01903,1.00429,1.53334,0.09702,0.00079,0.00015,
26.936,5.09625,0.01840,0.40188,1.65724,0.09377,0.00079,0.00015,
26.937,5.09750,0.01903,1.21461,1.32465,0.09700,0.00079,0.00015,
26.938,5.09625,0.01840,1.21461,1.32465,0.09377,0.00079,0.00015,
26.939,5.09625,0.01882,1.58711,0.00082,0.09591,0.00079,0.00015,
26.940,5.09625,0.01882,2.17647,1.19258,0.09591,0.00079,0.00015,
26.941,5.09750,0.01840,0.53556,1.18035,0.09380,0.00079,0.00015,
26.942,5.09875,0.01777,1.72487,1.09557,0.09062,0.00079,0.00015,
26.943,5.09875,0.01798,1.78846,0.02201,0.09169,0.00079,0.00015,
26.944,5.09875,0.01903,0.77440,2.01507,0.09702,0.00079,0.00015,
26.945,5.09625,0.01673,2.96554,1.82269,0.08525,0.00079,0.00015,
26.946,5.09875,0.01777,0.64724,1.50967,0.09062,0.00079,0.00015,
26.947,5.09625,0.01819,0.92602,1.91155,0.09271,0.00079,0.00015,
26.948,5.09750,0.01715,2.01181,0.00734,0.08740,0.00079,0.00015,
26.949,5.09750,0.01777,2.01181,0.00734,0.09060,0.00079,0.00015,
26.950,5.09500,0.01777,1.95394,1.21459,0.09056,0.00079,0.00015,
26.951,5.09625,0.01756,2.12594,2.93539,0.08951,0.00079,0.00015,
26.952,5.09750,0.01819,2.32810,0.00571,0.09273,0.00079,0.00016,
26.953,5.09750,0.01945,3.08946,0.72549,0.09913,0.00079,0.00016,
26.954,5.09750,0.01715,0.64153,1.47218,0.08740,0.00079,0.00016,
26.955,5.09625,0.01798,1.65070,1.33279,0.09164,0.00079,0.00016,
26.956,5.10000,0.01861,2.70633,2.02323,0.09491,0.00079,0.00016,
26.957,5.09875,0.01756,0.92032,0.85592,0.08956,0.00079,0.00016,
26.958,5.09875,0.01756,2.90849,2.61504,0.08956,0.00079,0.00016,
26.959,5.09625,0.01756,1.47381,0.67821,0.08951,0.00079,0.00016,
26.960,5.09750,0.01840,1.47381,0.67821,0.09380,0.00079,0.00016,
26.961,5.09625,0.01840,1.82435,0.00652,0.09377,0.00079,0.00016,
26.962,5.10000,0.01756,2.32813,1.46731,0.08958,0.00079,0.00016,
26.963,5.09750,0.01819,1.74365,0.00652,0.09273,0.00079,0.00016,
26.964,5.09750,0.01861,2.33628,1.73958,0.09486,0.00079,0.00016,
26.965,5.09625,0.01715,1.75751,0.92522,0.08738,0.00079,0.00016,
26.966,5.09750,0.01756,0.46139,0.95701,0.08953,0.00079,0.00016,
26.967,5.09750,0.01924,2.62811,2.16836,0.09806,0.00079,0.00016,
26.968,5.09625,0.01924,0.68067,1.87489,0.09804,0.00079,0.00016,
26.969,5.09750,0.01777,2.67132,2.82538,0.09060,0.00079,0.00016,
26.970,5.09875,0.01798,2.16836,0.41981,0.09169,0.00079,0.00016,
26.971,5.09750,0.01861,2.16836,0.41981,0.09486,0.00079,0.00016,
26.972,5.09625,0.01861,0.41167,1.60672,0.09484,0.00079,0.00016,
26.973,5.09875,0.01819,2.30207,1.66541,0.09275,0.00079,0.00016,
26.974,5.10125,0.01903,1.81296,1.20402,0.09707,0.00079,0.00016,
26.975,5.09875,0.01840,2.37869,2.62325,0.09382,0.00079,0.00016,
26.976,5.09875,0.01798,2.95095,2.70395,0.09169,0.00079,0.00016,
26.977,5.09875,0.01798,1.64096,0.00897,0.09169,0.00079,0.00016,
26.978,5.09875,0.01840,1.56433,1.77546,0.09382,0.00079,0.00016,
26.979,5.10000,0.01882,2.76998,2.14881,0.09598,0.00079,0.00016,
26.980,5.09625,0.01819,1.65726,1.69720,0.09271,0.00079,0.00016,
26.981,5.09750,0.01945,1.56025,0.01060,0.09913,0.00079,0.00016,
26.982,5.09875,0.01840,1.56025,0.01060,0.09382,0.00079,0.00016,
26.983,5.09375,0.01798,1.59698,1.77307,0.09160,0.00079,0.00016,
26.984,5.09625,0.01819,2.27279,0.98395,0.09271,0.00079,0.00016,
26.985,5.09625,0.01777,1.89698,0.90569,0.09058,0.00079,0.00016,
26.986,5.09875,0.01777,2.55158,2.04860,0.09062,0.00079,0.00016,
26.987,5.09750,0.01861,2.36409,1.75839,0.09486,0.00079,0.00016,
26.988,5.09875,0.01861,3.06435,0.01223,0.09489,0.00079,0.00016,
26.989,5.09625,0.01736,1.58638,0.00652,0.08845,0.00079,0.00016,
26.990,5.09625,0.01882,1.36220,2.01437,0.09591,0.00079,0.00016,
26.991,5.09625,0.01861,1.92062,2.41545,0.09484,0.00079,0.00016,
26.992,5.09875,0.01798,0.84373,1.44617,0.09169,0.00079,0.00016,
26.993,5.09625,0.01903,0.84373,1.44617,0.09697,0.00079,0.00016,
26.994,5.09750,0.01986,2.78564,0.01304,0.10126,0.00079,0.00016,
26.995,5.09750,0.01986,1.71687,2.62667,0.10126,0.00079,0.00016,
26.996,5.10000,0.01777,1.27502,2.04459,0.09064,0.00079,0.00016,
26.997,5.09500,0.01945,1.69568,0.00000,0.09908,0.00079,0.00016,
26.998,5.09875,0.01945,1.64187,2.05927,0.09915,0.00079,0.00016,
26.999,5.09750,0.01840,1.39893,0.00815,0.09380,0.00079,0.00016,
27.000,5.09500,0.01882,2.12204,1.16252,0.09588,0.00079,0.00016,
27.001,5.09750,0.01861,2.01524,1.30437,0.09486,0.00079,0.00016,
27.002,5.09625,0.01798,0.50870,1.11849,0.09164,0.00079,0.00016,
27.003,5.09625,0.01840,1.89133,0.00245,0.09377,0.00079,0.00016,
27.004,5.09750,0.01840,1.89133,0.00245,0.09380,0.00079,0.00016,
27.005,5.09625,0.01798,3.05590,1.40810,0.09164,0.00079,0.00016,
27.006,5.09750,0.01777,2.89854,2.59605,0.09060,0.00079,0.00016,
27.007,5.09625,0.01756,1.66004,0.00652,0.08951,0.00079,0.00016,
27.008,5.09875,0.01840,0.70772,2.04651,0.09382,0.00079,0.00016,
27.009,5.09375,0.01652,3.06732,0.00734,0.08414,0.00079,0.00016,
27.010,5.09750,0.01840,1.73179,1.10479,0.09380,0.00079,0.00016,
27.011,5.09750,0.01798,1.96661,0.00000,0.09167,0.00079,0.00016,
27.012,5.09750,0.01861,2.00003,1.28824,0.09486,0.00079,0.00016,
27.013,5.09500,0.01861,1.87366,0.00082,0.09482,0.00079,0.00016,
27.014,5.09375,0.01736,3.16923,0.00897,0.08840,0.00079,0.00016,
27.015,5.09625,0.01777,3.16923,0.00897,0.09058,0.00079,0.00016,
27.016,5.09875,0.01966,2.84717,0.00571,0.10022,0.00079,0.00016,
27.017,5.10125,0.01798,2.95969,2.70286,0.09173,0.00079,0.00016,
27.018,5.09875,0.01736,3.06487,0.01305,0.08849,0.00079,0.00016,
27.019,5.09625,0.01986,0.53160,0.93927,0.10123,0.00079,0.00016,
27.020,5.09750,0.01840,2.05384,0.46719,0.09380,0.00079,0.00016,
27.021,5.09750,0.01777,1.74402,0.00326,0.09060,0.00079,0.00016,
27.022,5.10000,0.01777,1.53936,0.01794,0.09064,0.00079,0.00016,
27.023,5.09625,0.01756,3.06813,0.02691,0.08951,0.00079,0.00016,
27.024,5.09750,0.01840,3.06976,0.01794,0.09380,0.00079,0.00016,
27.025,5.09875,0.01861,2.24056,1.15452,0.09489,0.00079,0.00016,
27.026,5.09875,0.01777,2.24056,1.15452,0.09062,0.00079,0.00016,
27.027,5.09750,0.01882,3.08200,0.19813,0.09593,0.00079,0.00016,
27.028,5.09750,0.01840,1.57932,1.28580,0.09380,0.00079,0.00016,
27.029,5.09875,0.01777,3.18881,0.00245,0.09062,0.00079,0.00016,
27.030,5.09875,0.01882,2.80478,2.20469,0.09595,0.00079,0.00016,
27.031,5.09625,0.01882,1.38853,0.00408,0.09591,0.00079,0.00016,
27.032,5.09625,0.01756,2.00004,0.00000,0.08951,0.00079,0.00016,
27.033,5.09875,0.01715,1.65270,1.46028,0.08742,0.00079,0.00016,
27.034,5.09500,0.01945,0.77132,1.31923,0.09908,0.00079,0.00016,
27.035,5.09875,0.01840,1.99352,2.31884,0.09382,0.00079,0.00016,
27.036,5.09625,0.01777,0.49328,1.25726,0.09058,0.00079,0.00016,
27.037,5.09750,0.01756,0.49328,1.25726,0.08953,0.00079,0.00016,
27.038,5.09875,0.01819,3.08201,0.13861,0.09275,0.00079,0.00016,
27.039,5.09875,0.01777,0.87079,1.00125,0.09062,0.00079,0.00016,
27.040,5.09875,0.01777,2.76973,2.41261,0.09062,0.00079,0.00016,
27.041,5.09625,0.01736,1.37712,1.29069,0.08845,0.00079,0.00016,
27.042,5.09500,0.01777,3.07386,0.02691,0.09056,0.00079,0.00016,
27.043,5.10125,0.01819,3.08609,1.27765,0.09280,0.00079,0.00016,
27.044,5.09875,0.01798,0.68244,1.88916,0.09169,0.00079,0.00016,
27.045,5.10000,0.01798,2.45093,0.94906,0.09171,0.00079,0.00016,
27.046,5.09500,0.01840,1.78072,1.85328,0.09375,0.00079,0.00016,
27.047,5.09500,0.01777,0.48350,1.03957,0.09056,0.00079,0.00016,
27.048,5.09500,0.01798,0.48350,1.03957,0.09162,0.00079,0.00016,
27.049,5.09875,0.01798,3.07391,0.02772,0.09169,0.00079,0.00016,
27.050,5.09625,0.01945,0.71507,2.05960,0.09910,0.00079,0.00016,
27.051,5.09875,0.01966,2.21289,0.00571,0.10022,0.00079,0.00016,
27.052,5.09875,0.01798,0.77867,1.61115,0.09169,0.00079,0.00016,
27.053,5.09750,0.01840,0.44193,0.92136,0.09380,0.00079,0.00016,
27.054,5.10000,0.01819,1.84761,0.93766,0.09278,0.00079,0.00016,
27.055,5.10000,0.01756,2.36128,1.84190,0.08958,0.00079,0.00016,
27.056,5.09750,0.01631,1.32333,0.00000,0.08314,0.00079,0.00016,
27.057,5.09750,0.01819,0.45660,0.91402,0.09273,0.00079,0.00016,
27.058,5.09875,0.01819,0.48922,1.06812,0.09275,0.00079,0.00016,
27.059,5.09625,0.01798,0.48922,1.06812,0.09164,0.00079,0.00016,
27.060,5.09750,0.01736,0.58381,1.14234,0.08847,0.00079,0.00016,
27.061,5.09625,0.01903,2.20560,1.12848,0.09697,0.00079,0.00016,
27.062,5.09875,0.01819,2.20560,1.12848,0.09275,0.00079,0.00016,
27.063,5.09750,0.01840,1.85743,3.01038,0.09380,0.00079,0.00016,
27.064,5.09625,0.01840,3.09028,1.34945,0.09377,0.00079,0.00016,
27.065,5.09625,0.01924,2.10123,2.27246,0.09804,0.00079,0.00016,
27.066,5.09625,0.01882,2.07758,0.00000,0.09591,0.00079,0.00016,
27.067,5.09500,0.01882,1.35842,1.50926,0.09588,0.00079,0.00016,
27.068,5.09750,0.01777,2.06698,1.37391,0.09060,0.00079,0.00016,
27.069,5.09500,0.01882,1.73594,2.75435,0.09588,0.00079,0.00016,
27.070,5.09750,0.01966,0.95399,1.21491,0.10019,0.00079,0.00016,
27.071,5.09750,0.01798,0.95399,1.21491,0.09167,0.00079,0.00016,
27.072,5.10000,0.01924,2.10366,0.00000,0.09811,0.00079,0.00016,
27.073,5.09500,0.01966,0.58299,1.31683,0.10014,0.00079,0.00016,
27.074,5.09875,0.01798,1.63808,1.85660,0.09169,0.00079,0.00016,
27.075,5.09875,0.01777,1.82317,1.56062,0.09062,0.00079,0.00016,
27.076,5.09875,0.01777,2.16318,0.00245,0.09062,0.00079,0.00016,
27.077,5.09625,0.01903,0.66697,2.08246,0.09697,0.00079,0.00016,
27.078,5.09875,0.01756,3.08537,0.19324,0.08956,0.00079,0.00016,
27.079,5.09500,0.01882,3.12288,0.00897,0.09588,0.00079,0.00016,
27.080,5.09625,0.01882,0.81293,1.52801,0.09591,0.00079,0.00016,
27.081,5.09625,0.01756,1.72696,3.01199,0.08951,0.00079,0.00016,
27.082,5.09625,0.01798,1.72696,3.01199,0.09164,0.00079,0.00016,
27.083,5.09875,0.01777,1.59077,1.78890,0.09062,0.00079,0.00016,
27.084,5.09875,0.01861,1.57772,0.92380,0.09489,0.00079,0.00016,
27.085,5.09625,0.01861,1.16841,0.04077,0.09484,0.00079,0.00016,
27.086,5.09625,0.01945,3.17582,0.01142,0.09910,0.00079,0.00016,
27.087,5.09500,0.01756,1.79461,1.55978,0.08949,0.00079,0.00016,
27.088,5.09500,0.01966,2.93937,2.65562,0.10014,0.00079,0.00016,
27.089,5.09625,0.01861,0.71099,1.49129,0.09484,0.00079,0.00016,
27.090,5.09500,0.01840,1.11949,0.28945,0.09375,0.00079,0.00016,
27.091,5.09750,0.01924,3.09510,0.26581,0.09806,0.00079,0.00016,
27.092,5.09875,0.01945,2.02943,1.32414,0.09915,0.00079,0.00016,
27.093,5.09750,0.01777,2.02943,1.32414,0.09060,0.00079,0.00016,
27.094,5.09750,0.01777,3.07785,0.06441,0.09060,0.00079,0.00016,
27.095,5.09750,0.01777,0.71585,1.50998,0.09060,0.00079,0.00016,
27.096,5.10000,0.01819,1.33387,1.77251,0.09278,0.00079,0.00016,
27.097,5.09375,0.01715,3.13900,0.00489,0.08734,0.00079,0.00016,
27.098,5.09750,0.01819,2.48429,2.69628,0.09273,0.00079,0.00016,
27.099,5.09500,0.01777,0.47289,1.01345,0.09056,0.00079,0.00016,
27.100,5.09625,0.01736,2.18996,0.00000,0.08845,0.00079,0.00016,
27.101,5.09500,0.01798,1.77333,1.21891,0.09162,0.00079,0.00016,
27.102,5.09875,0.01777,2.11414,0.00326,0.09062,0.00079,0.00016,
27.103,5.09875,0.01777,3.06562,0.01631,0.09062,0.00079,0.00016,
27.104,5.09750,0.01777,3.06562,0.01631,0.09060,0.00079,0.00016,
27.105,5.09625,0.01736,0.88870,0.98490,0.08845,0.00079,0.00016,
27.106,5.09875,0.01861,1.77250,0.00326,0.09489,0.00079,0.00016,
27.107,5.09625,0.01861,1.59558,0.00408,0.09484,0.00079,0.00016,
27.108,5.09875,0.01777,1.74397,0.00163,0.09062,0.00079,0.00016,
27.109,5.09625,0.01798,1.62004,1.35017,0.09164,0.00079,0.00016,
27.110,5.09875,0.01882,1.39256,0.00571,0.09595,0.00079,0.00016,
27.111,5.09750,0.01882,1.75701,0.00815,0.09593,0.00079,0.00016,
27.112,5.09750,0.01819,2.88541,2.56988,0.09273,0.00079,0.00016,
27.113,5.09500,0.01819,1.41132,0.00163,0.09269,0.00079,0.00016,
27.114,5.09875,0.01903,1.81408,0.00000,0.09702,0.00079,0.00016,
27.115,5.09875,0.01966,1.81408,0.00000,0.10022,0.00079,0.00016,
27.116,5.09875,0.01777,3.07132,0.02609,0.09062,0.00079,0.00016,
27.117,5.09750,0.01777,1.67793,1.44638,0.09060,0.00079,0.00016,
27.118,5.10000,0.01756,3.06398,0.00815,0.08958,0.00079,0.00016,
27.119,5.09750,0.01861,3.07539,0.11170,0.09486,0.00079,0.00016,
27.120,5.09875,0.01756,3.06072,1.53443,0.08956,0.00079,0.00016,
27.121,5.09875,0.01715,0.72319,1.08519,0.08742,0.00079,0.00016,
27.122,5.09875,0.01715,2.63023,2.48673,0.08742,0.00079,0.00016,
27.123,5.09500,0.01777,1.37300,0.00734,0.09056,0.00079,0.00016,
27.124,5.09625,0.01736,2.12391,0.00245,0.08845,0.00079,0.00016,
27.125,5.09875,0.01736,2.39867,0.93273,0.08849,0.00079,0.00016,
27.126,5.09750,0.01882,2.39867,0.93273,0.09593,0.00079,0.00016,
27.127,5.09750,0.01798,1.92986,0.00734,0.09167,0.00079,0.00016,
27.128,5.09625,0.01882,1.49367,1.66570,0.09591,0.00079,0.00016,
27.129,5.09625,0.01924,0.66856,1.50182,0.09804,0.00079,0.00016,
27.130,5.09625,0.01840,1.61922,0.00245,0.09377,0.00079,0.00016,
27.131,5.09750,0.01840,2.82834,2.47939,0.09380,0.00079,0.00016,
27.132,5.09875,0.01798,1.68771,2.60902,0.09169,0.00079,0.00016,
27.133,5.09875,0.01924,2.11412,2.04319,0.09809,0.00079,0.00016,
27.134,5.09875,0.01924,3.09251,0.00734,0.09809,0.00079,0.00016,
27.135,5.09750,0.01945,1.41866,1.53525,0.09913,0.00079,0.00016,
27.136,5.09750,0.01840,0.73542,0.83081,0.09380,0.00079,0.00016,
27.137,5.09750,0.01882,0.73542,0.83081,0.09593,0.00079,0.00016,
27.138,5.09750,0.01819,3.07213,0.04158,0.09273,0.00079,0.00016,
27.139,5.09750,0.01861,0.88055,0.97349,0.09486,0.00079,0.00016,
27.140,5.09875,0.01861,2.08233,0.01060,0.09489,0.00079,0.00016,
27.141,5.09750,0.01861,0.62698,2.08886,0.09486,0.00079,0.00016,
27.142,5.09750,0.01903,1.96003,2.30981,0.09700,0.00079,0.00016,
27.143,5.10000,0.01798,1.74479,0.00489,0.09171,0.00079,0.00016,
27.144,5.09750,0.01861,1.62820,0.00000,0.09486,0.00080,0.00016,
27.145,5.09625,0.01840,2.00243,1.26864,0.09377,0.00080,0.00016,
27.146,5.09750,0.01840,2.75497,0.63840,0.09380,0.00080,0.00016,
27.147,5.09750,0.01882,2.15490,1.82795,0.09593,0.00080,0.00016,
27.148,5.09750,0.01861,2.15490,1.82795,0.09486,0.00080,0.00016,
27.149,5.09750,0.01861,2.59925,2.76476,0.09486,0.00080,0.00016,
27.150,5.09875,0.01756,1.58173,1.82388,0.08956,0.00080,0.00016,
27.151,5.09750,0.01777,2.48347,1.95188,0.09060,0.00080,0.00016,
27.152,5.09750,0.01798,2.19811,1.87850,0.09167,0.00080,0.00016,
27.153,5.09500,0.01840,2.29758,0.00652,0.09375,0.00080,0.00016,
27.154,5.09625,0.01736,2.71992,2.28861,0.08845,0.00080,0.00016,
27.155,5.09750,0.01861,2.28780,0.92621,0.09486,0.00080,0.00016,
27.156,5.09750,0.01861,2.28290,0.00897,0.09486,0.00080,0.00016,
27.157,5.09750,0.01861,2.60414,2.32612,0.09486,0.00080,0.00016,
27.158,5.09875,0.01861,3.06643,0.01957,0.09489,0.00080,0.00016,
27.159,5.09750,0.01715,3.06643,0.01957,0.08740,0.00080,0.00016,
27.160,5.10125,0.01840,3.08276,0.17285,0.09387,0.00080,0.00016,
27.161,5.09625,0.01840,1.67306,1.19446,0.09377,0.00080,0.00016,
27.162,5.09500,0.01756,1.16347,1.48553,0.08949,0.00080,0.00016,
27.163,5.09875,0.01903,3.07134,0.07093,0.09702,0.00080,0.00016,
27.164,5.09750,0.01945,3.06319,0.00978,0.09913,0.00080,0.00016,
27.165,5.09875,0.01840,1.95027,1.38851,0.09382,0.00080,0.00016,
27.166,5.09875,0.01903,2.15410,0.00082,0.09702,0.00080,0.00016,
27.167,5.09875,0.01903,2.32858,1.48308,0.09702,0.00080,0.00016,
27.168,5.09625,0.01777,3.11293,0.00163,0.09058,0.00080,0.00016,
27.169,5.09875,0.01861,2.00000,0.01060,0.09489,0.00080,0.00016,
27.170,5.09625,0.01861,2.00000,0.01060,0.09484,0.00080,0.00016,
27.171,5.09750,0.01798,0.92132,1.03303,0.09167,0.00080,0.00016,
27.172,5.09750,0.01798,1.55158,1.76275,0.09167,0.00080,0.00016,
27.173,5.09750,0.01819,1.76193,0.00163,0.09273,0.00080,0.00016,
27.174,5.09750,0.01819,3.08848,0.54056,0.09273,0.00080,0.00016,
27.175,5.09750,0.01819,1.52059,1.57033,0.09273,0.00080,0.00016,
27.176,5.09750,0.01819,1.38036,0.00815,0.09273,0.00080,0.00016,
27.177,5.09750,0.01652,2.58216,1.78232,0.08421,0.00080,0.00016,
27.178,5.09500,0.01798,1.85325,0.00000,0.09162,0.00080,0.00016,
27.179,5.09875,0.01819,1.79944,0.00734,0.09275,0.00080,0.00016,
27.180,5.09750,0.01819,1.79944,0.00163,0.09273,0.00080,0.00016,
27.181,5.10000,0.01819,1.79944,0.00163,0.09278,0.00080,0.00016,
27.182,5.09875,0.01945,1.92750,0.00000,0.09915,0.00080,0.00016,
27.183,5.09625,0.01861,2.04246,0.46883,0.09484,0.00080,0.00016,
27.184,5.09625,0.01798,3.01926,0.82351,0.09164,0.00080,0.00016,
27.185,5.09750,0.01798,2.03186,0.17286,0.09167,0.00080,0.00016,
27.186,5.09625,0.01945,1.49618,1.67229,0.09910,0.00080,0.00016,
27.187,5.09625,0.01903,1.64294,2.92794,0.09697,0.00080,0.00016,
27.188,5.10125,0.01819,3.12036,0.00978,0.09280,0.00080,0.00016,
27.189,5.09750,0.01840,1.96908,2.28788,0.09380,0.00080,0.00016,
27.190,5.09750,0.01840,3.08775,0.36202,0.09380,0.00080,0.00016,
27.191,5.09875,0.01756,0.45171,0.95233,0.08956,0.00080,0.00016,
27.192,5.09875,0.01798,0.45171,0.95233,0.09169,0.00080,0.00016,
27.193,5.09875,0.01798,0.69957,0.78192,0.09169,0.00080,0.00016,
27.194,5.09625,0.01756,0.71588,1.49373,0.08951,0.00080,0.00016,
27.195,5.09625,0.01756,1.41138,1.51982,0.08951,0.00080,0.00016,
27.196,5.09750,0.01840,1.81661,0.00163,0.09380,0.00080,0.00016,
27.197,5.09875,0.01840,2.94913,2.68822,0.09382,0.00080,0.00016,
27.198,5.09875,0.01798,2.24467,0.00163,0.09169,0.00080,0.00016,
27.199,5.09750,0.01798,3.06246,0.01141,0.09167,0.00080,0.00016,
27.200,5.09625,0.01840,3.07062,0.02120,0.09377,0.00080,0.00016,
27.201,5.09750,0.01819,1.67718,1.88673,0.09273,0.00080,0.00016,
27.202,5.09750,0.01861,0.72729,1.73181,0.09486,0.00080,0.00016,
27.203,5.09625,0.01861,0.72729,1.73181,0.09484,0.00080,0.00016,
27.204,5.09875,0.01777,3.09752,0.71588,0.09062,0.00080,0.00016,
27.205,5.09375,0.01840,1.84270,0.62130,0.09373,0.00080,0.00016,
27.206,5.10000,0.01861,2.90429,0.00245,0.09491,0.00080,0.00016,
27.207,5.09625,0.01777,2.17536,0.00652,0.09058,0.00080,0.00016,
27.208,5.09625,0.01882,3.07062,0.05300,0.09591,0.00080,0.00016,
27.209,5.09875,0.01903,2.03512,0.00897,0.09702,0.00080,0.00016,
27.210,5.09750,0.01819,2.31886,2.90999,0.09273,0.00080,0.00016,
27.211,5.09750,0.01924,1.44562,1.61114,0.09806,0.00080,0.00016,
27.212,5.09625,0.01924,1.48720,1.65761,0.09804,0.00080,0.00016,
27.213,5.09625,0.01966,1.89162,0.00897,0.10017,0.00080,0.00016,
27.214,5.09750,0.01798,1.89162,0.00897,0.09167,0.00080,0.00016,
27.215,5.09750,0.01819,2.00088,0.00897,0.09273,0.00080,0.00016,
27.216,5.09750,0.01777,2.17292,0.01223,0.09060,0.00080,0.00016,
27.217,5.09875,0.01798,1.45051,1.48231,0.09169,0.00080,0.00016,
27.218,5.09875,0.01736,3.19048,0.01305,0.08849,0.00080,0.00016,
27.219,5.09500,0.01840,1.97968,2.75263,0.09375,0.00080,0.00016,
27.220,5.09500,0.01903,3.06491,0.00734,0.09695,0.00080,0.00016,
27.221,5.09875,0.01903,2.17536,0.00326,0.09702,0.00080,0.00016,
27.222,5.09750,0.01798,2.12644,0.00571,0.09167,0.00080,0.00016,
27.223,5.09500,0.01777,3.08774,0.52590,0.09056,0.00080,0.00016,
27.224,5.09875,0.01924,3.08774,0.52590,0.09809,0.00080,0.00016,
27.225,5.09750,0.01903,2.10524,0.00000,0.09700,0.00080,0.00016,
27.226,5.09750,0.01798,2.10524,0.00000,0.09167,0.00080,0.00016,
27.227,5.09500,0.01945,1.40159,0.00734,0.09908,0.00080,0.00016,
27.228,5.09625,0.01840,0.59439,0.97190,0.09377,0.00080,0.00016,
27.229,5.09750,0.01840,3.08856,0.00245,0.09380,0.00080,0.00016,
27.230,5.09750,0.01840,1.69349,0.01305,0.09380,0.00080,0.00016,
27.231,5.09875,0.01945,3.18395,0.00326,0.09915,0.00080,0.00016,
27.232,5.09750,0.01924,1.77665,0.00652,0.09806,0.00080,0.00016,
27.233,5.09625,0.01798,0.70610,1.48150,0.09164,0.00080,0.00016,
27.234,5.10000,0.01882,0.70447,2.05551,0.09598,0.00080,0.00016,
27.235,5.09625,0.01715,2.12889,1.95603,0.08738,0.00080,0.00016,
27.236,5.09750,0.01945,2.98419,1.78970,0.09913,0.00080,0.00016,
27.237,5.09750,0.01840,2.98419,1.78970,0.09380,0.00080,0.00016,
27.238,5.09875,0.01861,1.83942,2.00576,0.09489,0.00080,0.00016,
27.239,5.09875,0.01924,2.73305,2.06446,0.09809,0.00080,0.00016,
27.240,5.09875,0.01924,2.05631,0.00326,0.09809,0.00080,0.00016,
27.241,5.09625,0.01798,0.92787,0.77866,0.09164,0.00080,0.00016,
27.242,5.09750,0.01945,1.53122,0.00000,0.09913,0.00080,0.00016,
27.243,5.09500,0.01903,2.30988,0.00897,0.09695,0.00080,0.00016,
27.244,5.09500,0.01798,0.64820,1.97640,0.09162,0.00080,0.00016,
27.245,5.09625,0.01945,1.65597,0.44844,0.09910,0.00080,0.00016,
27.246,5.09625,0.01903,3.11218,1.06240,0.09697,0.00080,0.00016,
27.247,5.09875,0.01798,1.72935,0.00082,0.09169,0.00080,0.00016,
27.248,5.09875,0.01798,1.72935,0.00082,0.09169,0.00080,0.00016,
27.249,5.09750,0.01798,3.05424,1.31514,0.09167,0.00080,0.00016,
27.250,5.09750,0.01736,2.87079,2.54140,0.08847,0.00080,0.00016,
27.251,5.09625,0.01798,0.82023,1.17490,0.09164,0.00080,0.00016,
27.252,5.09875,0.01777,2.05546,0.00082,0.09062,0.00080,0.00016,
27.253,5.09500,0.01736,1.42276,0.00000,0.08843,0.00080,0.00016,
27.254,5.09750,0.01924,1.66165,1.67633,0.09806,0.00080,0.00016,
27.255,5.09750,0.01840,2.81943,2.24543,0.09380,0.00080,0.00016,
27.256,5.09750,0.01840,3.07707,0.06604,0.09380,0.00080,0.00016,
27.257,5.09750,0.01903,1.86467,0.00408,0.09700,0.00080,0.00016,
27.258,5.09500,0.01903,0.64330,1.44967,0.09695,0.00080,0.00016,
27.259,5.09875,0.01924,0.64330,1.44967,0.09809,0.00080,0.00016,
27.260,5.09500,0.01882,0.99794,1.10720,0.09588,0.00080,0.00016,
27.261,5.09875,0.01945,3.06884,0.01957,0.09915,0.00080,0.00016,
27.262,5.09875,0.01882,2.02198,0.01060,0.09595,0.00080,0.00016,
27.263,5.09875,0.01777,3.06884,0.04240,0.09062,0.00080,0.00016,
27.264,5.09750,0.01840,2.32365,1.68525,0.09380,0.00080,0.00016,
27.265,5.09875,0.01777,1.64775,1.64449,0.09062,0.00080,0.00016,
27.266,5.09875,0.01819,3.18217,0.00245,0.09275,0.00080,0.00016,
27.267,5.10125,0.01819,3.08841,0.44108,0.09280,0.00080,0.00016,
27.268,5.09625,0.01756,3.08596,0.33754,0.08951,0.00080,0.00016,
27.269,5.09625,0.01756,1.04686,1.35913,0.08951,0.00080,0.00016,
27.270,5.09875,0.01819,1.04686,1.35913,0.09275,0.00080,0.00016,
27.271,5.09875,0.01798,0.48348,1.28331,0.09169,0.00080,0.00016,
27.272,5.09750,0.01736,2.18260,0.00734,0.08847,0.00080,0.00016,
27.273,5.09750,0.01924,1.67711,0.00652,0.09806,0.00080,0.00016,
27.274,5.09875,0.01966,1.51649,1.43251,0.10022,0.00080,0.00016,
27.275,5.09875,0.01798,0.57317,1.30451,0.09169,0.00080,0.00016,
27.276,5.09875,0.01798,2.80877,1.88990,0.09169,0.00080,0.00016,
27.277,5.09750,0.01882,0.47615,1.50181,0.09593,0.00080,0.00016,
27.278,5.09625,0.01903,1.39745,1.54747,0.09697,0.00080,0.00016,
27.279,5.09750,0.01736,0.56094,1.24825,0.08847,0.00080,0.00016,
27.280,5.09875,0.01861,2.13287,0.00734,0.09489,0.00080,0.00016,
27.281,5.09875,0.01840,2.13287,0.00734,0.09382,0.00080,0.00016,
27.282,5.09750,0.01798,2.87400,1.58498,0.09167,0.00080,0.00016,
27.283,5.09625,0.01777,2.25028,1.09497,0.09058,0.00080,0.00016,
27.284,5.09625,0.01777,0.55116,1.24418,0.09058,0.00080,0.00016,
27.285,5.09875,0.01777,2.15163,0.42152,0.09062,0.00080,0.00016,
27.286,5.09500,0.01715,2.56010,1.94698,0.08736,0.00080,0.00016,
27.287,5.09750,0.01736,1.54259,1.67956,0.08847,0.00080,0.00016,
27.288,5.09750,0.01736,3.08680,0.42804,0.08847,0.00080,0.00016,
27.289,5.09875,0.01945,2.03504,0.00815,0.09915,0.00080,0.00016,
27.290,5.09875,0.01819,3.07294,0.05218,0.09275,0.00080,0.00016,
27.291,5.09750,0.01798,3.08843,0.20138,0.09167,0.00080,0.00016,
27.292,5.10000,0.01840,3.08843,0.20138,0.09384,0.00080,0.00016,
27.293,5.10000,0.01861,2.99386,0.83489,0.09491,0.00080,0.00016,
27.294,5.09500,0.01798,2.67181,1.95677,0.09162,0.00080,0.00016,
27.295,5.09500,0.01798,2.23072,1.71299,0.09162,0.00080,0.00016,
27.296,5.09875,0.01945,3.09659,0.85201,0.09915,0.00080,0.00016,
27.297,5.09875,0.01903,1.46758,1.95596,0.09702,0.00080,0.00016,
27.298,5.09500,0.01819,1.93150,0.00000,0.09269,0.00080,0.00016,
27.299,5.09750,0.01882,0.68405,1.87769,0.09593,0.00080,0.00016,
27.300,5.09625,0.01882,3.06643,0.02364,0.09591,0.00080,0.00016,
27.301,5.09750,0.01736,3.07947,0.09865,0.08847,0.00080,0.00016,
27.302,5.09750,0.01966,3.06806,0.02120,0.10019,0.00080,0.00016,
27.303,5.09875,0.01966,3.06806,0.02120,0.10022,0.00080,0.00016,
27.304,5.09625,0.01840,3.07702,0.07664,0.09377,0.00080,0.00016,
27.305,5.09500,0.01798,1.99428,0.48349,0.09162,0.00080,0.00016,
27.306,5.09875,0.01861,3.07621,1.80104,0.09489,0.00080,0.00016,
27.307,5.09375,0.01819,3.08681,1.04280,0.09266,0.00080,0.00016,
27.308,5.09625,0.01715,2.24050,0.00815,0.08738,0.00080,0.00016,
27.309,5.09875,0.01798,1.60700,1.36811,0.09169,0.00080,0.00016,
27.310,5.09625,0.01840,2.82835,0.00163,0.09377,0.00080,0.00016,
27.311,5.09625,0.01903,3.09007,0.53730,0.09697,0.00080,0.00016,
27.312,5.09875,0.01903,3.06642,0.02120,0.09702,0.00080,0.00016,
27.313,5.10000,0.01861,3.08844,0.47289,0.09491,0.00080,0.00016,
27.314,5.10000,0.01819,3.08844,0.47289,0.09278,0.00080,0.00016,
27.315,5.09500,0.01882,2.47206,0.77456,0.09588,0.00080,0.00016,
27.316,5.09625,0.01861,3.08029,0.12474,0.09484,0.00080,0.00016,
27.317,5.09625,0.01777,2.08478,0.00897,0.09058,0.00080,0.00016,
27.318,5.09625,0.01924,2.14022,0.00897,0.09804,0.00080,0.00016,
27.319,5.09875,0.01945,0.76151,1.66978,0.09915,0.00080,0.00016,
27.320,5.09875,0.01840,1.16428,1.08519,0.09382,0.00080,0.00016,
27.321,5.09375,0.01840,3.08518,0.24052,0.09373,0.00080,0.00016,
27.322,5.09750,0.01882,1.98450,0.00000,0.09593,0.00080,0.00016,
27.323,5.09750,0.01966,3.07377,0.04729,0.10019,0.00080,0.00016,
27.324,5.09500,0.01777,1.42192,0.00815,0.09056,0.00080,0.00016,
27.325,5.09750,0.01777,1.42192,0.00815,0.09060,0.00080,0.00016,
27.326,5.09500,0.01840,1.14798,0.06441,0.09375,0.00080,0.00016,
27.327,5.09875,0.01756,0.71341,2.14920,0.08956,0.00080,0.00016,
27.328,5.09875,0.01756,2.55849,2.90093,0.08956,0.00080,0.00016,
27.329,5.09875,0.01840,3.19118,0.00489,0.09382,0.00080,0.00016,
27.330,5.09875,0.01840,3.06807,0.02772,0.09382,0.00080,0.00016,
27.331,5.09875,0.01903,3.08519,0.19731,0.09702,0.00080,0.00016,
27.332,5.09750,0.01736,2.91968,0.01141,0.08847,0.00080,0.00016,
27.333,5.09625,0.01840,0.96535,1.20016,0.09377,0.00080,0.00016,
27.334,5.09750,0.01861,1.74154,0.00000,0.09486,0.00080,0.00016,
27.335,5.09625,0.01715,2.58458,0.69629,0.08738,0.00080,0.00016,
27.336,5.09625,0.01777,2.58458,0.69629,0.09058,0.00080,0.00016,
27.337,5.09875,0.01840,2.45988,2.96458,0.09382,0.00080,0.00016,
27.338,5.09875,0.01840,1.34531,0.00571,0.09382,0.00080,0.00016,
27.339,5.09875,0.01840,3.09014,0.93356,0.09382,0.00080,0.00016,
27.340,5.09500,0.01840,3.07873,0.17367,0.09375,0.00080,0.00016,
27.341,5.10125,0.01903,3.07791,1.88262,0.09707,0.00080,0.00016,
27.342,5.09875,0.01861,3.06405,0.01060,0.09489,0.00080,0.00016,
27.343,5.09625,0.01715,1.54589,2.54060,0.08738,0.00080,0.00016,
27.344,5.09625,0.01798,1.89730,0.01060,0.09164,0.00080,0.00016,
27.345,5.09875,0.01924,2.57892,0.68570,0.09809,0.00080,0.00016,
27.346,5.09750,0.01882,2.20957,0.42561,0.09593,0.00080,0.00016,
27.347,5.09750,0.01819,2.20957,0.42561,0.09273,0.00080,0.00016,
27.348,5.09750,0.01819,2.94909,1.20915,0.09273,0.00080,0.00016,
27.349,5.09750,0.01903,0.64004,1.99840,0.09700,0.00080,0.00016,
27.350,5.09750,0.01903,3.09259,0.76968,0.09700,0.00080,0.00016,
27.351,5.10125,0.01798,3.08444,0.16307,0.09173,0.00080,0.00016,
27.352,5.09625,0.01945,3.09259,0.78599,0.09910,0.00080,0.00016,
27.353,5.09625,0.01861,3.08852,0.49736,0.09484,0.00080,0.00016,
27.354,5.09625,0.01777,1.16349,0.17938,0.09058,0.00080,0.00016,
27.355,5.09500,0.01715,1.96171,1.19366,0.08736,0.00080,0.00016,
27.356,5.09500,0.01882,2.99068,0.83980,0.09588,0.00080,0.00016,
27.357,5.09875,0.01882,0.46638,1.25481,0.09595,0.00080,0.00016,
27.358,5.09750,0.01673,0.46638,1.25481,0.08527,0.00080,0.00016,
27.359,5.09875,0.01756,3.08941,0.42807,0.08956,0.00080,0.00016,
27.360,5.10000,0.01798,1.59974,0.00245,0.09171,0.00080,0.00016,
27.361,5.09625,0.01819,0.60337,1.93078,0.09271,0.00080,0.00016,
27.362,5.09875,0.01777,3.06658,0.04892,0.09062,0.00080,0.00016,
27.363,5.09875,0.01798,3.08860,0.39464,0.09169,0.00080,0.00016,
27.364,5.09625,0.01798,1.10074,1.17168,0.09164,0.00080,0.00016,
27.365,5.09625,0.01777,1.58588,1.74814,0.09058,0.00080,0.00016,
27.366,5.10000,0.01777,2.78447,2.00742,0.09064,0.00080,0.00016,
27.367,5.09750,0.01798,3.09023,0.44356,0.09167,0.00080,0.00016,
27.368,5.09875,0.01798,2.49012,2.98015,0.09169,0.00080,0.00016,
27.369,5.09875,0.01861,2.49012,2.98015,0.09489,0.00080,0.00016,
27.370,5.09625,0.01777,2.43549,2.65156,0.09058,0.00080,0.00016,
27.371,5.10125,0.01903,2.84317,1.72286,0.09707,0.00080,0.00016,
27.372,5.09625,0.01924,2.07184,0.00408,0.09804,0.00080,0.00016,
27.373,5.09875,0.01798,0.81210,1.88675,0.09169,0.00080,0.00016,
27.374,5.09875,0.01861,2.09711,0.00082,0.09489,0.00080,0.00016,
27.375,5.09875,0.01861,1.73183,3.01848,0.09489,0.00080,0.00016,
27.376,5.09875,0.01861,0.86021,0.96294,0.09489,0.00080,0.00016,
27.377,5.09750,0.01798,3.06984,0.06604,0.09167,0.00080,0.00016,
27.378,5.09875,0.01819,1.73265,0.00897,0.09275,0.00080,0.00016,
27.379,5.09750,0.01819,0.56668,1.26463,0.09273,0.00080,0.00016,
27.380,5.09875,0.01840,0.56668,1.26463,0.09382,0.00080,0.00016,
27.381,5.09875,0.01819,0.77718,0.87014,0.09275,0.00080,0.00016,
27.382,5.09625,0.01840,0.61000,1.36760,0.09377,0.00080,0.00016,
27.383,5.09875,0.01777,1.89034,0.00489,0.09062,0.00080,0.00016,
27.384,5.09875,0.01777,1.69788,1.93111,0.09062,0.00080,0.00016,
27.385,5.09500,0.01903,2.55661,2.85263,0.09695,0.00080,0.00016,
27.386,5.09875,0.01840,2.55661,2.85263,0.09382,0.00080,0.00016,
27.387,5.09875,0.01945,0.62468,0.79838,0.09915,0.00080,0.00016,
27.388,5.09625,0.01903,1.17188,0.03425,0.09697,0.00080,0.00016,
27.389,5.09625,0.01798,1.10827,0.31478,0.09164,0.00080,0.00016,
27.390,5.09750,0.01903,2.11623,0.00979,0.09700,0.00080,0.00016,
27.391,5.10000,0.01966,3.05406,0.02447,0.10024,0.00080,0.00016,
27.392,5.09500,0.01819,3.05406,0.02447,0.09269,0.00080,0.00016,
27.393,5.09500,0.01924,0.80245,1.89115,0.09801,0.00080,0.00016,
27.394,5.09625,0.01945,3.07852,0.05790,0.09910,0.00080,0.00016,
27.395,5.09625,0.01945,2.76047,0.53578,0.09910,0.00080,0.00016,
27.396,5.10000,0.01903,3.09565,0.68013,0.09704,0.00080,0.00016,
27.397,5.10000,0.01777,3.09075,1.38228,0.09064,0.00080,0.00016,
27.398,5.09750,0.01882,3.09075,0.53497,0.09593,0.00080,0.00016,
27.399,5.09750,0.01798,3.07852,0.10357,0.09167,0.00080,0.00016,
27.400,5.09625,0.01736,0.39470,1.21184,0.08845,0.00080,0.00016,
27.401,5.09875,0.01924,2.15863,0.00245,0.09809,0.00080,0.00016,
27.402,5.09875,0.01840,3.13724,0.00571,0.09382,0.00080,0.00016,
27.403,5.09750,0.01840,3.13724,0.00571,0.09380,0.00080,0.00016,
27.404,5.10000,0.01694,2.90477,1.44178,0.08638,0.00080,0.00016,
27.405,5.09750,0.01798,1.52904,1.85034,0.09167,0.00080,0.00016,
27.406,5.09750,0.01777,3.09559,0.46483,0.09060,0.00080,0.00016,
27.407,5.09875,0.01798,3.16817,0.01305,0.09169,0.00080,0.00016,
27.408,5.09875,0.01673,3.07847,0.03425,0.08529,0.00080,0.00016,
27.409,5.09875,0.01945,3.02301,0.82935,0.09915,0.00080,0.00016,
27.410,5.09875,0.01903,3.08499,0.16147,0.09702,0.00080,0.00016,
27.411,5.09875,0.01861,3.09315,0.49255,0.09489,0.00080,0.00016,
27.412,5.09625,0.01861,3.07031,0.02610,0.09484,0.00080,0.00016,
27.413,5.09625,0.01882,3.09804,0.68664,0.09591,0.00080,0.00016,
27.414,5.09750,0.01924,3.09804,0.68664,0.09806,0.00080,0.00016,
27.415,5.09750,0.01756,2.14626,1.30146,0.08953,0.00080,0.00016,
27.416,5.10000,0.01903,1.93750,0.00571,0.09704,0.00080,0.00016,
27.417,5.09625,0.01861,3.09218,1.14000,0.09484,0.00080,0.00016,
27.418,5.09500,0.01798,3.08647,0.32292,0.09162,0.00080,0.00016,
27.419,5.09625,0.01861,3.06690,0.00979,0.09484,0.00080,0.00016,
27.420,5.09625,0.01840,3.08076,0.01060,0.09377,0.00080,0.00016,
27.421,5.09750,0.01840,1.94484,0.00082,0.09380,0.00080,0.00016,
27.422,5.09750,0.01798,2.55072,0.00082,0.09167,0.00080,0.00016,
27.423,5.10125,0.01736,2.08918,2.39986,0.08853,0.00080,0.00016,
27.424,5.09375,0.01840,0.38571,1.92283,0.09373,0.00080,0.00016,
27.425,5.09875,0.01840,0.38571,1.92283,0.09382,0.00080,0.00016,
27.426,5.09875,0.01652,1.70501,2.60930,0.08423,0.00080,0.00016,
27.427,5.09500,0.01840,3.09691,0.96136,0.09375,0.00080,0.00016,
27.428,5.09625,0.01819,1.89908,2.72019,0.09271,0.00080,0.00016,
27.429,5.09625,0.01798,3.08631,0.25522,0.09164,0.00080,0.00016,
27.430,5.09625,0.01798,0.56834,0.96381,0.09164,0.00080,0.00016,
27.431,5.09750,0.01736,1.29568,0.00734,0.08847,0.00080,0.00016,
27.432,5.09750,0.01840,3.07408,0.08562,0.09380,0.00080,0.00016,
27.433,5.09875,0.01882,1.74578,0.00978,0.09595,0.00080,0.00016,
27.434,5.09625,0.01819,2.90855,1.41310,0.09271,0.00080,0.00016,
27.435,5.09750,0.01861,1.71725,1.62429,0.09486,0.00080,0.00016,
27.436,5.09750,0.01882,1.71725,1.62429,0.09593,0.00080,0.00016,
27.437,5.09750,0.01840,1.53533,0.15003,0.09380,0.00080,0.00016,
27.438,5.09750,0.01945,3.06822,0.02120,0.09913,0.00080,0.00016,
27.439,5.09625,0.01945,3.08942,0.51042,0.09910,0.00080,0.00016,
27.440,5.09625,0.01840,3.07555,1.88594,0.09377,0.00080,0.00016,
27.441,5.10000,0.01840,2.18355,0.00000,0.09384,0.00080,0.00016,
27.442,5.09250,0.01798,3.08860,0.27967,0.09158,0.00080,0.00016,
27.443,5.09750,0.01861,1.84435,1.67231,0.09486,0.00080,0.00016,
27.444,5.09750,0.01861,0.36039,1.85332,0.09486,0.00080,0.00016,
27.445,5.09750,0.01819,1.88186,0.45823,0.09273,0.00080,0.00016,
27.446,5.09875,0.01777,2.76898,0.53406,0.09062,0.00080,0.00016,
27.447,5.09875,0.01882,2.76898,0.53406,0.09595,0.00080,0.00016,
27.448,5.09875,0.01882,1.85243,1.48716,0.09595,0.00080,0.00016,
27.449,5.09875,0.01819,1.20343,2.38076,0.09275,0.00080,0.00016,
27.450,5.09875,0.01882,3.07379,0.05870,0.09595,0.00080,0.00016,
27.451,5.09750,0.01861,1.48961,0.00571,0.09486,0.00080,0.00016,
27.452,5.09750,0.01756,3.09417,0.66531,0.08953,0.00080,0.00016,
27.453,5.09500,0.01756,3.09254,0.70934,0.08949,0.00080,0.00016,
27.454,5.09500,0.01882,2.09621,0.00408,0.09588,0.00080,0.00016,
27.455,5.09625,0.01756,1.42927,1.64370,0.08951,0.00080,0.00016,
27.456,5.09625,0.01819,3.07624,0.07256,0.09271,0.00080,0.00016,
27.457,5.09625,0.01819,0.52263,1.22218,0.09271,0.00080,0.00016,
27.458,5.09875,0.01798,0.52263,1.22218,0.09169,0.00080,0.00016,
27.459,5.09750,0.01840,1.06965,1.44468,0.09380,0.00080,0.00016,
27.460,5.09875,0.01840,1.65747,0.01223,0.09382,0.00080,0.00016,
27.461,5.09500,0.01694,2.22735,0.00000,0.08629,0.00080,0.00016,
27.462,5.09750,0.01819,1.02644,0.97018,0.09273,0.00080,0.00016,
27.463,5.09625,0.01924,2.47682,2.69369,0.09804,0.00080,0.00016,
27.464,5.10000,0.01798,2.11158,0.03750,0.09171,0.00080,0.00016,
27.465,5.10000,0.01882,1.84254,1.54659,0.09598,0.00080,0.00016,
27.466,5.09750,0.01882,3.06709,0.02283,0.09593,0.00080,0.00016,
27.467,5.09750,0.01903,1.74389,2.63662,0.09700,0.00080,0.00016,
27.468,5.09875,0.01777,2.34475,2.90811,0.09062,0.00080,0.00016,
27.469,5.09750,0.01966,2.34475,2.90811,0.10019,0.00080,0.00016,
27.470,5.09750,0.01945,0.45085,1.44061,0.09913,0.00080,0.00016,
27.471,5.09875,0.01798,3.07851,0.09376,0.09169,0.00080,0.00016,
27.472,5.09750,0.01798,0.39867,1.25228,0.09167,0.00080,0.00016,
27.473,5.10000,0.01882,3.08993,1.37212,0.09598,0.00080,0.00016,
27.474,5.10000,0.01903,2.92850,1.30935,0.09704,0.00080,0.00016,
27.475,5.09875,0.01903,2.47928,0.79490,0.09702,0.00080,0.00016,
27.476,5.09625,0.01819,3.18858,0.00734,0.09271,0.00080,0.00016,
27.477,5.09500,0.01736,0.90497,0.59679,0.08843,0.00080,0.00016,
27.478,5.09500,0.01861,2.16132,2.44993,0.09482,0.00080,0.00016,
27.479,5.09500,0.01882,3.08748,0.98649,0.09588,0.00080,0.00016,
27.480,5.09875,0.01756,3.08748,0.98649,0.08956,0.00080,0.00016,
27.481,5.09750,0.01882,3.02959,0.83974,0.09593,0.00080,0.00016,
27.482,5.09750,0.01840,3.07036,0.01631,0.09380,0.00080,0.00016,
27.483,5.09750,0.01819,2.14501,0.00571,0.09273,0.00080,0.00016,
27.484,5.09750,0.01819,2.85186,1.68438,0.09273,0.00080,0.00016,
27.485,5.09875,0.01903,1.43245,0.70277,0.09702,0.00080,0.00016,
27.486,5.09625,0.01924,3.06465,0.01468,0.09804,0.00080,0.00016,
27.487,5.10125,0.01840,2.50944,2.97089,0.09387,0.00080,0.00016,
27.488,5.09875,0.01903,0.36362,1.81482,0.09702,0.00080,0.00016,
27.489,5.09750,0.01840,2.87795,1.53355,0.09380,0.00080,0.00016,
27.490,5.09750,0.01861,1.17238,2.36758,0.09486,0.00080,0.00016,
27.491,5.09625,0.01882,1.17238,2.36758,0.09591,0.00080,0.00016,
27.492,5.09625,0.01882,1.58981,0.15083,0.09591,0.00080,0.00016,
27.493,5.09750,0.01882,3.07770,0.17121,0.09593,0.00080,0.00016,
27.494,5.09875,0.01798,0.59679,0.77941,0.09169,0.00080,0.00016,
27.495,5.09875,0.01798,1.63220,1.70965,0.09169,0.00080,0.00016,
27.496,5.09750,0.01840,3.16902,0.00408,0.09380,0.00080,0.00016,
27.497,5.09500,0.01777,0.90252,1.72351,0.09056,0.00080,0.00016,
27.498,5.09750,0.01715,1.34441,2.43770,0.08740,0.00080,0.00016,
27.499,5.09750,0.01840,0.84137,0.93350,0.09380,0.00080,0.00016,
27.500,5.09500,0.01840,1.99337,0.99465,0.09375,0.00080,0.00016,
27.501,5.09500,0.01756,3.07037,0.04566,0.08949,0.00080,0.00016,
27.502,5.09500,0.01756,3.07037,0.04566,0.08949,0.00080,0.00016,
27.503,5.09875,0.01777,1.24576,1.64443,0.09062,0.00080,0.00016,
27.504,5.09625,0.01882,3.07445,1.88494,0.09591,0.00080,0.00016,
27.505,5.09875,0.01736,1.73004,0.57885,0.08849,0.00080,0.00016,
27.506,5.09625,0.01819,0.66527,0.76963,0.09271,0.00080,0.00016,
27.507,5.09625,0.01903,1.70803,2.62686,0.09697,0.00080,0.00016,
27.508,5.09750,0.01924,0.45411,1.43654,0.09806,0.00080,0.00016,
27.509,5.09875,0.01819,3.03287,1.20092,0.09275,0.00080,0.00016,
27.510,5.09875,0.01798,2.32764,2.56000,0.09169,0.00080,0.00016,
27.511,5.10000,0.01798,3.06793,0.02446,0.09171,0.00080,0.00016,
27.512,5.09625,0.01903,3.01819,0.83893,0.09697,0.00080,0.00016,
27.513,5.09875,0.01736,3.01819,0.83893,0.08849,0.00080,0.00016,
27.514,5.09625,0.01819,1.58086,0.02120,0.09271,0.00080,0.00016,
27.515,5.09875,0.01840,1.87436,1.50177,0.09382,0.00080,0.00016,
27.516,5.09500,0.01777,3.07285,0.07664,0.09056,0.00080,0.00016,
27.517,5.09875,0.01798,0.40602,1.29306,0.09169,0.00080,0.00016,
27.518,5.09750,0.01673,2.49725,2.71819,0.08527,0.00080,0.00016,
27.519,5.09500,0.01861,1.45693,0.04973,0.09482,0.00080,0.00016,
27.520,5.09500,0.01861,3.09323,0.56337,0.09482,0.00080,0.00016,
27.521,5.09750,0.01819,0.49407,1.24985,0.09273,0.00080,0.00016,
27.522,5.09625,0.01777,2.78179,2.00644,0.09058,0.00080,0.00016,
27.523,5.09750,0.01840,2.85516,1.97301,0.09380,0.00080,0.00016,
27.524,5.10000,0.01736,2.85516,1.97301,0.08851,0.00080,0.00016,
27.525,5.09875,0.01798,0.44760,0.90090,0.09169,0.00080,0.00016,
27.526,5.09625,0.01903,3.08180,0.17121,0.09697,0.00080,0.00016,
27.527,5.09875,0.01798,1.05417,1.62080,0.09169,0.00080,0.00016,
27.528,5.09625,0.01777,0.66120,0.76148,0.09058,0.00080,0.00016,
27.529,5.09625,0.01882,0.42884,1.52786,0.09591,0.00081,0.00016,
27.530,5.09750,0.01882,3.08833,0.87073,0.09593,0.00081,0.00016,
27.531,5.09375,0.01903,0.38074,1.73902,0.09692,0.00081,0.00016,
27.532,5.09750,0.01819,3.09566,0.93269,0.09273,0.00081,0.00016,
27.533,5.09875,0.01945,1.54824,0.00163,0.09915,0.00081,0.00016,
27.534,5.09750,0.01924,2.05046,2.24205,0.09806,0.00081,0.00016,
27.535,5.09500,0.01840,2.05046,2.24205,0.09375,0.00081,0.00016,
27.536,5.09750,0.01903,2.35620,1.64363,0.09700,0.00081,0.00016,
27.537,5.09625,0.01882,0.63185,2.00644,0.09591,0.00081,0.00016,
27.538,5.09625,0.01840,2.16379,1.70315,0.09377,0.00081,0.00016,
27.539,5.09875,0.01840,1.01015,1.11451,0.09382,0.00081,0.00016,
27.540,5.09875,0.01736,3.08752,0.91965,0.08849,0.00081,0.00016,
27.541,5.09500,0.01798,3.08915,0.28780,0.09162,0.00081,0.00016,
27.542,5.09875,0.01798,0.40031,1.18707,0.09169,0.00081,0.00016,
27.543,5.09875,0.01777,0.89030,1.45856,0.09062,0.00081,0.00016,
27.544,5.09625,0.01736,1.01423,1.11777,0.08845,0.00081,0.00016,
27.545,5.09750,0.01924,1.44389,0.69545,0.09806,0.00081,0.00016,
27.546,5.09750,0.01840,1.44389,0.69545,0.09380,0.00081,0.00016,
27.547,5.09750,0.01819,1.92491,0.17203,0.09273,0.00081,0.00016,
27.548,5.09750,0.01819,1.92491,0.17203,0.09273,0.00081,0.00016,
27.549,5.09500,0.01903,3.08180,0.28128,0.09695,0.00081,0.00016,
27.550,5.09250,0.01903,1.34523,0.02772,0.09690,0.00081,0.00016,
27.551,5.09750,0.01840,3.15600,0.00245,0.09380,0.00081,0.00016,
27.552,5.09750,0.01736,1.57841,2.55350,0.08847,0.00081,0.00016,
27.553,5.09750,0.01882,0.95715,1.17973,0.09593,0.00081,0.00016,
27.554,5.10000,0.01819,1.46753,0.13860,0.09278,0.00081,0.00016,
27.555,5.09750,0.01777,1.49932,1.87273,0.09060,0.00081,0.00016,
27.556,5.09750,0.01945,0.62696,1.44959,0.09913,0.00081,0.00016,
27.557,5.09750,0.01945,3.08996,0.39949,0.09913,0.00081,0.00016,
27.558,5.09750,0.01840,3.08996,0.39949,0.09380,0.00081,0.00016,
27.559,5.09875,0.01840,0.87806,1.46017,0.09382,0.00081,0.00016,
27.560,5.09625,0.01945,3.19102,0.00652,0.09910,0.00081,0.00016,
27.561,5.09625,0.01840,2.46052,2.69288,0.09377,0.00081,0.00016,
27.562,5.09750,0.01777,2.71326,2.32356,0.09060,0.00081,0.00016,
27.563,5.09875,0.01986,3.09318,0.73620,0.10128,0.00081,0.00016,
27.564,5.09750,0.01924,3.09155,0.53319,0.09806,0.00081,0.00016,
27.565,5.09750,0.01819,2.01701,1.21803,0.09273,0.00081,0.00016,
27.566,5.09750,0.01819,1.01666,1.12835,0.09273,0.00081,0.00016,
27.567,5.09625,0.01798,3.08666,1.73981,0.09164,0.00081,0.00016,
27.568,5.09500,0.01861,3.08829,1.50990,0.09482,0.00081,0.00016,
27.569,5.09625,0.01756,3.08829,1.50990,0.08951,0.00081,0.00016,
27.570,5.09625,0.01777,1.84982,2.20691,0.09058,0.00081,0.00016,
27.571,5.09875,0.01798,3.07434,0.03506,0.09169,0.00081,0.00016,
27.572,5.09875,0.01903,3.08005,0.11006,0.09702,0.00081,0.00016,
27.573,5.09750,0.01903,3.05315,0.02038,0.09700,0.00081,0.00016,
27.574,5.09750,0.01798,0.46307,1.67862,0.09167,0.00081,0.00016,
27.575,5.09375,0.01798,2.60638,1.83107,0.09160,0.00081,0.00016,
27.576,5.09750,0.01736,2.69036,2.43029,0.08847,0.00081,0.00016,
27.577,5.09625,0.01924,3.05396,1.26936,0.09804,0.00081,0.00016,
27.578,5.09625,0.01756,2.25419,2.52649,0.08951,0.00081,0.00016,
27.579,5.09875,0.01840,0.96282,1.06717,0.09382,0.00081,0.00016,
27.580,5.09875,0.01777,0.96282,1.06717,0.09062,0.00081,0.00016,
27.581,5.09625,0.01861,1.30270,1.19428,0.09484,0.00081,0.00016,
27.582,5.09750,0.01715,1.47960,0.00652,0.08740,0.00081,0.00016,
27.583,5.09750,0.01736,2.45133,2.67795,0.08847,0.00081,0.00016,
27.584,5.09750,0.01736,0.76059,0.85434,0.08847,0.00081,0.00016,
27.585,5.09875,0.01861,2.24589,0.99537,0.09489,0.00081,0.00016,
27.586,5.09750,0.01840,1.43558,1.56438,0.09380,0.00081,0.00016,
27.587,5.09875,0.01756,0.55026,2.04943,0.08956,0.00081,0.00016,
27.588,5.09875,0.01924,3.06844,0.01712,0.09809,0.00081,0.00016,
27.589,5.09750,0.01924,2.09834,1.11439,0.09806,0.00081,0.00016,
27.590,5.09750,0.01882,2.55812,1.94182,0.09593,0.00081,0.00016,
27.591,5.09875,0.01924,2.55812,1.94182,0.09809,0.00081,0.00016,
27.592,5.09875,0.01945,1.25135,0.02609,0.09915,0.00081,0.00016,
27.593,5.09750,0.01945,3.15649,0.01304,0.09913,0.00081,0.00016,
27.594,5.09750,0.01756,1.87906,2.24427,0.08953,0.00081,0.00016,
27.595,5.09750,0.01756,1.65569,1.76248,0.08953,0.00081,0.00016,
27.596,5.09750,0.01798,2.86138,1.28314,0.09167,0.00081,0.00016,
27.597,5.09625,0.01736,0.39619,1.68585,0.08845,0.00081,0.00016,
27.598,5.09750,0.01715,1.55053,1.67281,0.08740,0.00081,0.00016,
27.599,5.09875,0.01798,1.88884,1.50977,0.09169,0.00081,0.00016,
27.600,5.09750,0.01819,2.26954,2.47171,0.09273,0.00081,0.00016,
27.601,5.09750,0.01756,2.16601,1.21466,0.08953,0.00081,0.00016,
27.602,5.09500,0.01756,2.16601,1.21466,0.08949,0.00081,0.00016,
27.603,5.09875,0.01756,2.10653,2.55979,0.08956,0.00081,0.00016,
27.604,5.10000,0.01882,2.27935,2.54185,0.09598,0.00081,0.00016,
27.605,5.10125,0.01861,1.85707,1.46902,0.09493,0.00081,0.00016,
27.606,5.09500,0.01777,0.57554,1.57256,0.09056,0.00081,0.00016,
27.607,5.09875,0.01903,0.95381,2.26305,0.09702,0.00081,0.00016,
27.608,5.09875,0.01903,3.08479,0.17935,0.09702,0.00081,0.00016,
27.609,5.09625,0.01756,2.62256,1.17718,0.08951,0.00081,0.00016,
27.610,5.09625,0.01798,2.15055,2.45707,0.09164,0.00081,0.00016,
27.611,5.09750,0.01798,0.48424,1.54647,0.09167,0.00081,0.00016,
27.612,5.09625,0.01819,2.87772,1.54647,0.09271,0.00081,0.00016,
27.613,5.09750,0.01798,2.87772,1.54647,0.09167,0.00081,0.00016,
27.614,5.09500,0.01861,1.11196,1.27745,0.09482,0.00081,0.00016,
27.615,5.09750,0.01840,1.49022,0.86902,0.09380,0.00081,0.00016,
27.616,5.09375,0.01798,2.49620,2.70653,0.09160,0.00081,0.00016,
27.617,5.09750,0.01798,3.01958,0.82337,0.09167,0.00081,0.00016,
27.618,5.09750,0.01819,2.16441,1.71604,0.09273,0.00081,0.00016,
27.619,5.09750,0.01798,1.20897,1.73153,0.09167,0.00081,0.00016,
27.620,5.09750,0.01798,0.48669,1.57582,0.09167,0.00081,0.00016,
27.621,5.09500,0.01736,0.89674,1.49837,0.08843,0.00081,0.00016,
27.622,5.09500,0.01715,2.33316,2.91034,0.08736,0.00081,0.00016,
27.623,5.09875,0.01924,2.23533,2.44974,0.09809,0.00081,0.00016,
27.624,5.09750,0.01694,2.23533,2.44974,0.08634,0.00081,0.00016,
27.625,5.09375,0.01736,0.74513,1.72505,0.08840,0.00081,0.00016,
27.626,5.09875,0.01903,3.04003,1.06307,0.09702,0.00081,0.00016,
27.627,5.09625,0.01840,1.78864,1.96391,0.09377,0.00081,0.00016,
27.628,5.09625,0.01819,3.06286,1.38102,0.09271,0.00081,0.00016,
27.629,5.10000,0.01819,0.86823,2.00060,0.09278,0.00081,0.00016,
27.630,5.09875,0.01882,0.64241,2.03892,0.09595,0.00081,0.00016,
27.631,5.09625,0.01819,1.77722,1.65331,0.09271,0.00081,0.00016,
27.632,5.09875,0.01798,3.08405,0.16142,0.09169,0.00081,0.00016,
27.633,5.09500,0.01903,1.79190,0.00489,0.09695,0.00081,0.00016,
27.634,5.09875,0.01966,0.82747,1.83348,0.10022,0.00081,0.00016,
27.635,5.09750,0.01819,0.82747,1.83348,0.09273,0.00081,0.00016,
27.636,5.09625,0.01903,0.86010,1.96315,0.09697,0.00081,0.00016,
27.637,5.09625,0.01861,2.82569,1.50497,0.09484,0.00081,0.00016,
27.638,5.09625,0.01861,0.66199,2.05446,0.09484,0.00081,0.00016,
27.639,5.09750,0.01819,2.38301,1.58976,0.09273,0.00081,0.00016,
27.640,5.09500,0.01673,2.76862,2.06098,0.08523,0.00081,0.00016,
27.641,5.09625,0.01798,0.61145,0.82504,0.09164,0.00081,0.00016,
27.642,5.09875,0.01861,3.04826,1.17316,0.09489,0.00081,0.00016,
27.643,5.09750,0.01840,1.22452,0.05462,0.09380,0.00081,0.00016,
27.644,5.09875,0.01882,0.69297,1.21637,0.09595,0.00081,0.00016,
27.645,5.09500,0.01840,2.61128,2.14576,0.09375,0.00081,0.00016,
27.646,5.09500,0.01882,2.61128,2.14576,0.09588,0.00081,0.00016,
27.647,5.09625,0.01882,1.21326,1.19369,0.09591,0.00081,0.00016,
27.648,5.09625,0.01840,1.00371,1.35840,0.09377,0.00081,0.00016,
27.649,5.09875,0.01924,0.54548,1.23446,0.09809,0.00081,0.00016,
27.650,5.09625,0.01966,1.30377,0.15981,0.10017,0.00081,0.00016,
27.651,5.09625,0.01798,2.18191,1.74325,0.09164,0.00081,0.00016,
27.652,5.09500,0.01840,2.61976,2.70945,0.09375,0.00081,0.00016,
27.653,5.09750,0.01966,0.41665,1.33638,0.10019,0.00081,0.00016,
27.654,5.09875,0.01736,0.97191,2.26182,0.08849,0.00081,0.00016,
27.655,5.09875,0.01882,1.95524,0.80884,0.09595,0.00081,0.00016,
27.656,5.09750,0.01882,0.62865,1.46113,0.09593,0.00081,0.00016,
27.657,5.09750,0.01840,0.62865,1.46113,0.09380,0.00081,0.00016,
27.658,5.09750,0.01882,1.63073,0.15573,0.09593,0.00081,0.00016,
27.659,5.09750,0.01819,2.05961,2.79099,0.09273,0.00081,0.00016,
27.660,5.09375,0.01840,1.96095,0.93930,0.09373,0.00081,0.00016,
27.661,5.09625,0.01840,0.60255,1.95035,0.09377,0.00081,0.00016,
27.662,5.10125,0.01840,3.08941,0.40931,0.09387,0.00081,0.00016,
27.663,5.09625,0.01903,1.09585,1.36166,0.09697,0.00081,0.00016,
27.664,5.09625,0.01882,1.81011,0.13290,0.09591,0.00081,0.00016,
27.665,5.09625,0.01882,2.04249,2.69641,0.09591,0.00081,0.00016,
27.666,5.09750,0.01840,0.59440,1.90714,0.09380,0.00081,0.00016,
27.667,5.09750,0.01924,1.43341,2.49746,0.09806,0.00081,0.00016,
27.668,5.09750,0.01903,1.43341,2.49746,0.09700,0.00081,0.00016,
27.669,5.09625,0.01777,2.41412,0.97788,0.09058,0.00081,0.00016,
27.670,5.09750,0.01882,2.08218,1.09696,0.09593,0.00081,0.00016,
27.671,5.09875,0.01819,0.79030,0.94526,0.09275,0.00081,0.00016,
27.672,5.09625,0.01945,1.56999,0.07911,0.09910,0.00081,0.00016,
27.673,5.09625,0.01819,1.48028,2.52178,0.09271,0.00081,0.00016,
27.674,5.09625,0.01819,1.84892,1.48191,0.09271,0.00081,0.00016,
27.675,5.09875,0.01882,1.63198,1.74779,0.09595,0.00081,0.00016,
27.676,5.09750,0.01882,2.28444,2.50384,0.09593,0.00081,0.00016,
27.677,5.09875,0.01903,0.63208,0.79111,0.09702,0.00081,0.00016,
27.678,5.09500,0.01777,0.82048,0.91834,0.09056,0.00081,0.00016,
27.679,5.10000,0.01882,0.82048,0.91834,0.09598,0.00081,0.00016,
27.680,5.10000,0.01903,1.31798,1.40606,0.09704,0.00081,0.00016,
27.681,5.09625,0.01798,1.78286,0.57254,0.09164,0.00081,0.00016,
27.682,5.09875,0.01882,3.04619,1.10674,0.09595,0.00081,0.00016,
27.683,5.09875,0.01966,3.07066,0.02284,0.10022,0.00081,0.00016,
27.684,5.09875,0.01966,1.17688,0.04078,0.10022,0.00081,0.00016,
27.685,5.09500,0.01756,2.25426,1.09451,0.08949,0.00081,0.00016,
27.686,5.09875,0.01756,3.01112,0.94934,0.08956,0.00081,0.00016,
27.687,5.09875,0.01777,1.29025,1.13529,0.09062,0.00081,0.00016,
27.688,5.09875,0.01777,0.88083,2.23143,0.09062,0.00081,0.00016,
27.689,5.09625,0.01756,0.70548,1.20380,0.08951,0.00081,0.00016,
27.690,5.09750,0.01861,0.70548,1.20380,0.09486,0.00081,0.00016,
27.691,5.09625,0.01798,2.14007,1.13202,0.09164,0.00081,0.00016,
27.692,5.09625,0.01736,3.08696,1.33836,0.08845,0.00081,0.00016,
27.693,5.09625,0.01736,2.31053,2.89366,0.08845,0.00081,0.00016,
27.694,5.09625,0.01819,1.81466,0.03425,0.09271,0.00081,0.00016,
27.695,5.09625,0.01819,2.13192,1.05291,0.09271,0.00081,0.00016,
27.696,5.09875,0.01777,0.66633,2.06667,0.09062,0.00081,0.00016,
27.697,5.09500,0.01777,0.48282,1.30003,0.09056,0.00081,0.00016,
27.698,5.09875,0.01882,2.39942,2.63186,0.09595,0.00081,0.00016,
27.699,5.09625,0.01840,2.36191,1.62952,0.09377,0.00081,0.00016,
27.700,5.09750,0.01777,0.85880,1.10266,0.09060,0.00081,0.00016,
27.701,5.09750,0.01903,0.85880,1.10266,0.09700,0.00081,0.00016,
27.702,5.09875,0.01903,2.13517,0.30258,0.09702,0.00081,0.00016,
27.703,5.09625,0.01840,1.22417,0.04567,0.09377,0.00081,0.00016,
27.704,5.09500,0.01798,1.88723,0.61413,0.09162,0.00081,0.00016,
27.705,5.09750,0.01777,1.68823,1.41257,0.09060,0.00081,0.00016,
27.706,5.09875,0.01840,0.63207,1.41910,0.09382,0.00081,0.00016,
27.707,5.09500,0.01715,0.80986,1.41991,0.08736,0.00081,0.00016,
27.708,5.09750,0.01798,1.33917,0.04567,0.09167,0.00081,0.00016,
27.709,5.10000,0.01777,1.61809,0.04649,0.09064,0.00081,0.00016,
27.710,5.10000,0.01819,1.61809,0.04649,0.09278,0.00081,0.00016,
27.711,5.09875,0.01819,0.57172,1.83585,0.09275,0.00081,0.00016,
27.712,5.09875,0.01715,1.70618,2.81780,0.08742,0.00081,0.00016,
27.713,5.09500,0.01840,1.70618,2.81780,0.09375,0.00081,0.00016,
27.714,5.09750,0.01819,2.11797,0.03588,0.09273,0.00081,0.00016,
27.715,5.09625,0.01840,1.58216,1.51365,0.09377,0.00081,0.00016,
27.716,5.09750,0.01736,0.69240,1.24942,0.08847,0.00081,0.00016,
27.717,5.09750,0.01882,2.45969,2.67499,0.09593,0.00081,0.00016,
27.718,5.09750,0.01819,1.49490,0.15985,0.09273,0.00081,0.00016,
27.719,5.09750,0.01840,2.10819,0.19247,0.09380,0.00081,0.00016,
27.720,5.09750,0.01840,0.46078,1.47206,0.09380,0.00081,0.00016,
27.721,5.09625,0.01840,0.72991,0.81555,0.09377,0.00081,0.00016,
27.722,5.09750,0.01903,0.90118,1.21924,0.09700,0.00081,0.00016,
27.723,5.09875,0.01798,1.43699,1.11404,0.09169,0.00081,0.00016,
27.724,5.10125,0.01924,1.43699,1.11404,0.09813,0.00081,0.00016,
27.725,5.09875,0.01986,2.62236,2.83763,0.10128,0.00081,0.00016,
27.726,5.09375,0.01861,3.04312,0.88798,0.09479,0.00081,0.00016,
27.727,5.09625,0.01840,2.35980,2.57915,0.09377,0.00081,0.00016,
27.728,5.09625,0.01903,2.10947,0.29681,0.09697,0.00081,0.00016,
27.729,5.09875,0.01903,3.09041,0.31638,0.09702,0.00081,0.00016,
27.730,5.09750,0.01819,2.10050,1.66589,0.09273,0.00081,0.00016,
27.731,5.09750,0.01966,2.23749,2.85883,0.10019,0.00081,0.00016,
27.732,5.09500,0.01861,1.40251,1.53379,0.09482,0.00081,0.00016,
27.733,5.09625,0.01756,1.91540,0.00652,0.08951,0.00081,0.00016,
27.734,5.09625,0.01840,2.08338,0.30904,0.09377,0.00081,0.00016,
27.735,5.09875,0.01882,2.08338,0.30904,0.09595,0.00081,0.00016,
27.736,5.09875,0.01861,2.26837,2.92614,0.09489,0.00081,0.00016,
27.737,5.09875,0.01861,0.98951,2.27570,0.09489,0.00081,0.00016,
27.738,5.09750,0.01861,1.16230,2.35640,0.09486,0.00081,0.00016,
27.739,5.09875,0.01798,2.22680,1.76220,0.09169,0.00081,0.00016,
27.740,5.09625,0.02007,2.23006,1.85023,0.10230,0.00081,0.00016,
27.741,5.09500,0.01903,3.09730,0.57952,0.09695,0.00081,0.00016,
27.742,5.09875,0.01819,0.92104,0.96668,0.09275,0.00081,0.00016,
27.743,5.09625,0.01903,2.11921,2.40530,0.09697,0.00081,0.00016,
27.744,5.09750,0.01861,0.38635,1.19002,0.09486,0.00081,0.00016,
27.745,5.09875,0.01777,1.77850,2.78757,0.09062,0.00081,0.00016,
27.746,5.09875,0.01966,1.77850,2.78757,0.10022,0.00081,0.00016,
27.747,5.09500,0.01966,3.13415,1.03385,0.10014,0.00081,0.00016,
27.748,5.09500,0.01861,1.98216,0.33321,0.09482,0.00081,0.00016,
27.749,5.09500,0.01840,0.76011,1.38662,0.09375,0.00081,0.00016,
27.750,5.09625,0.01945,1.04852,0.20205,0.09910,0.00081,0.00016,
27.751,5.09875,0.01861,0.42039,1.17317,0.09489,0.00081,0.00016,
27.752,5.09500,0.01798,2.20784,0.27129,0.09162,0.00081,0.00016,
27.753,5.09750,0.01777,1.30108,0.02526,0.09060,0.00081,0.00016,
27.754,5.09750,0.01777,2.10111,2.81071,0.09060,0.00081,0.00016,
27.755,5.09750,0.01882,2.42536,2.54675,0.09593,0.00081,0.00016,
27.756,5.10000,0.01882,1.51208,1.90803,0.09598,0.00081,0.00016,
27.757,5.09750,0.01756,1.51208,1.90803,0.08953,0.00081,0.00016,
27.758,5.10000,0.01861,0.86440,1.07378,0.09491,0.00081,0.00016,
27.759,5.09875,0.01903,1.62534,1.49254,0.09702,0.00081,0.00016,
27.760,5.09875,0.01819,1.69866,1.84612,0.09275,0.00081,0.00016,
27.761,5.09875,0.01777,0.96135,1.59519,0.09062,0.00081,0.00016,
27.762,5.09750,0.01903,1.26687,0.04562,0.09700,0.00081,0.00016,
27.763,5.09875,0.01798,1.83227,0.90106,0.09169,0.00081,0.00016,
27.764,5.09875,0.01840,2.65431,0.75849,0.09382,0.00081,0.00016,
27.765,5.10000,0.01840,1.39722,1.81516,0.09384,0.00081,0.00016,
27.766,5.09625,0.01777,2.91664,1.87056,0.09058,0.00081,0.00016,
27.767,5.09875,0.01777,1.22939,0.05947,0.09062,0.00081,0.00016,
27.768,5.09875,0.01819,1.22939,0.05947,0.09275,0.00081,0.00016,
27.769,5.10125,0.01819,2.21276,0.44076,0.09280,0.00081,0.00016,
27.770,5.09750,0.01903,1.02247,1.49256,0.09700,0.00081,0.00016,
27.771,5.09750,0.01903,0.42935,1.36953,0.09700,0.00081,0.00016,
27.772,5.09750,0.01798,2.04656,0.03992,0.09167,0.00081,0.00016,
27.773,5.09750,0.01966,3.01526,1.69623,0.10019,0.00081,0.00016,
27.774,5.09875,0.01966,0.71287,1.16423,0.10022,0.00081,0.00016,
27.775,5.10000,0.01924,1.62372,1.68483,0.09811,0.00081,0.00016,
27.776,5.09875,0.01798,3.03970,1.56588,0.09169,0.00081,0.00016,
27.777,5.09500,0.01882,2.06774,0.08229,0.09588,0.00081,0.00016,
27.778,5.09625,0.01840,1.71905,0.37803,0.09377,0.00081,0.00016,
27.779,5.09750,0.01694,1.71905,0.37803,0.08634,0.00081,0.00016,
27.780,5.09875,0.01777,1.16834,0.04725,0.09062,0.00081,0.00016,
27.781,5.09875,0.01819,1.28159,1.13167,0.09275,0.00081,0.00016,
27.782,5.09875,0.01756,1.08442,1.32232,0.08956,0.00081,0.00016,
27.783,5.09625,0.01756,2.86951,0.93125,0.08951,0.00081,0.00016,
27.784,5.09750,0.01756,2.30653,2.56643,0.08953,0.00081,0.00016,
27.785,5.09750,0.01756,1.68162,2.82226,0.08953,0.00081,0.00016,
27.786,5.09625,0.01798,1.58548,0.03992,0.09164,0.00081,0.00016,
27.787,5.09625,0.01673,1.56104,0.02933,0.08525,0.00081,0.00016,
27.788,5.09750,0.01756,1.79487,0.14747,0.08953,0.00081,0.00016,
27.789,5.10000,0.01819,2.52895,1.82909,0.09278,0.00081,0.00016,
27.790,5.09625,0.01840,2.52895,1.82909,0.09377,0.00081,0.00016,
27.791,5.09625,0.01819,1.84542,1.53174,0.09271,0.00081,0.00016,
27.792,5.09625,0.01819,0.84979,1.45108,0.09271,0.00081,0.00016,
27.793,5.09750,0.01903,2.17295,0.26398,0.09700,0.00081,0.00016,
27.794,5.09625,0.01819,0.60210,1.93341,0.09271,0.00081,0.00016,
27.795,5.09750,0.01819,2.62270,1.88127,0.09273,0.00081,0.00016,
27.796,5.09500,0.01903,1.68899,0.14584,0.09695,0.00081,0.00016,
27.797,5.09750,0.01924,1.11133,1.33701,0.09806,0.00081,0.00016,
27.798,5.09625,0.01840,3.10422,1.16347,0.09377,0.00081,0.00016,
27.799,5.09500,0.01819,2.50130,1.39567,0.09269,0.00081,0.00016,
27.800,5.09500,0.01861,1.10807,1.63603,0.09482,0.00081,0.00016,
27.801,5.09625,0.01861,1.10807,1.63603,0.09484,0.00081,0.00016,
27.802,5.09750,0.01736,2.76968,0.63314,0.08847,0.00081,0.00016,
27.803,5.09750,0.01736,0.47424,1.52051,0.08847,0.00081,0.00016,
27.804,5.09625,0.01715,2.25877,2.43722,0.08738,0.00081,0.00016,
27.805,5.09625,0.01882,1.54333,1.82853,0.09591,0.00081,0.00016,
27.806,5.09875,0.01861,1.99150,0.17193,0.09489,0.00081,0.00016,
27.807,5.09500,0.01861,1.88149,0.03993,0.09482,0.00081,0.00016,
27.808,5.09625,0.01819,1.56859,0.04726,0.09271,0.00081,0.00016,
27.809,5.09625,0.01840,1.72586,1.88557,0.09377,0.00081,0.00016,
27.810,5.09875,0.01840,0.36261,1.85297,0.09382,0.00081,0.00016,
27.811,5.09875,0.01777,2.47308,1.92305,0.09062,0.00081,0.00016,
27.812,5.09750,0.01840,2.47308,1.92305,0.09380,0.00081,0.00016,
27.813,5.09875,0.01861,2.19402,1.06441,0.09489,0.00081,0.00016,
27.814,5.09625,0.01798,2.31627,1.03915,0.09164,0.00081,0.00016,
27.815,5.09750,0.01840,1.84357,1.49229,0.09380,0.00081,0.00016,
27.816,5.09750,0.01882,1.81015,0.90548,0.09593,0.00081,0.00016,
27.817,5.09750,0.01756,1.86231,0.02934,0.08953,0.00081,0.00016,
27.818,5.10000,0.01882,2.88190,1.97071,0.09598,0.00081,0.00016,
27.819,5.10000,0.01882,2.02857,0.31378,0.09598,0.00081,0.00016,
27.820,5.09875,0.01903,0.52487,1.20296,0.09702,0.00081,0.00016,
27.821,5.09625,0.01777,1.94789,0.04075,0.09058,0.00081,0.00016,
27.822,5.09875,0.01861,1.35456,1.15325,0.09489,0.00081,0.00016,
27.823,5.09625,0.01819,1.35456,1.15325,0.09271,0.00081,0.00016,
27.824,5.09875,0.01798,2.63788,0.63339,0.09169,0.00081,0.00016,
27.825,5.09625,0.01756,1.78522,1.49094,0.08951,0.00081,0.00016,
27.826,5.10125,0.01861,2.07379,0.03587,0.09493,0.00081,0.00016,
27.827,5.09875,0.01694,1.45752,0.02772,0.08636,0.00081,0.00016,
27.828,5.09875,0.01736,1.33851,0.14184,0.08849,0.00081,0.00016,
27.829,5.09875,0.01736,2.85472,1.66131,0.08849,0.00081,0.00016,
27.830,5.09625,0.01777,1.00755,0.30080,0.09058,0.00081,0.00016,
27.831,5.09875,0.01715,1.83494,0.03913,0.08742,0.00081,0.00016,
27.832,5.09625,0.01736,1.17873,1.27085,0.08845,0.00081,0.00016,
27.833,5.09875,0.01840,1.22601,0.01875,0.09382,0.00081,0.00016,
27.834,5.09625,0.01882,1.22601,0.01875,0.09591,0.00081,0.00016,
27.835,5.09875,0.01924,0.70846,1.49191,0.09809,0.00081,0.00016,
27.836,5.09500,0.01840,1.34680,1.70225,0.09375,0.00081,0.00016,
27.837,5.09500,0.01903,2.34059,1.05494,0.09695,0.00081,0.00016,
27.838,5.09875,0.01903,1.01010,0.29838,0.09702,0.00081,0.00016,
27.839,5.09750,0.01861,1.20984,1.61583,0.09486,0.00081,0.00016,
27.840,5.09625,0.01840,2.55500,1.94356,0.09377,0.00081,0.00016,
27.841,5.09750,0.01819,2.02183,0.11984,0.09273,0.00081,0.00016,
27.842,5.09625,0.01861,1.92726,0.09865,0.09484,0.00081,0.00016,
27.843,5.09875,0.01736,2.44902,1.47316,0.08849,0.00081,0.00016,
27.844,5.09625,0.01840,1.04189,1.34598,0.09377,0.00081,0.00016,
27.845,5.09875,0.01840,1.04189,1.34598,0.09382,0.00081,0.00016,
27.846,5.09875,0.01840,0.84995,2.22275,0.09382,0.00081,0.00016,
27.847,5.09750,0.01840,2.30758,1.46579,0.09380,0.00081,0.00016,
27.848,5.09500,0.01777,2.93974,2.03270,0.09056,0.00081,0.00016,
27.849,5.09875,0.01798,1.50495,0.16885,0.09169,0.00081,0.00016,
27.850,5.09625,0.01882,0.84016,1.45437,0.09591,0.00081,0.00016,
27.851,5.09750,0.01777,1.77657,1.49597,0.09060,0.00081,0.00016,
27.852,5.09875,0.01777,2.19665,0.28223,0.09062,0.00081,0.00016,
27.853,5.09625,0.01903,2.12813,0.28060,0.09697,0.00081,0.00016,
27.854,5.09625,0.01840,1.78065,1.42746,0.09377,0.00081,0.00016,
27.855,5.09625,0.01882,1.79452,2.42341,0.09591,0.00081,0.00016,
27.856,5.09625,0.01882,1.79452,2.42341,0.09591,0.00081,0.00016,
27.857,5.09750,0.01903,2.13301,1.22189,0.09700,0.00081,0.00016,
27.858,5.09750,0.01945,1.75045,0.93314,0.09913,0.00081,0.00016,
27.859,5.09750,0.01798,1.95927,0.33851,0.09167,0.00081,0.00016,
27.860,5.09875,0.01966,2.53922,1.95682,0.10022,0.00081,0.00016,
27.861,5.09750,0.01945,0.76185,1.30020,0.09913,0.00081,0.00016,
27.862,5.09750,0.01819,2.91933,2.09467,0.09273,0.00081,0.00016,
27.863,5.09625,0.01903,1.43315,1.82550,0.09697,0.00081,0.00016,
27.864,5.09625,0.01903,2.17461,1.25370,0.09697,0.00081,0.00016,
27.865,5.09875,0.01903,1.91196,1.45273,0.09702,0.00081,0.00016,
27.866,5.09750,0.01903,3.06941,1.35159,0.09700,0.00081,0.00016,
27.867,5.09750,0.01798,3.06941,1.35159,0.09167,0.00081,0.00016,
27.868,5.09875,0.01861,1.37849,2.01716,0.09489,0.00081,0.00016,
27.869,5.09875,0.01861,2.09139,1.08974,0.09489,0.00081,0.00016,
27.870,5.09625,0.01798,0.77244,1.95680,0.09164,0.00081,0.00016,
27.871,5.09625,0.01861,1.97148,0.96494,0.09484,0.00081,0.00016,
27.872,5.09750,0.01861,1.97148,0.96494,0.09486,0.00081,0.00016,
27.873,5.09750,0.01861,0.78468,1.92988,0.09486,0.00081,0.00016,
27.874,5.10000,0.01861,1.65827,1.73168,0.09491,0.00081,0.00016,
27.875,5.09750,0.01756,1.89563,1.39807,0.08953,0.00081,0.00016,
27.876,5.09875,0.01861,0.75287,1.99024,0.09489,0.00081,0.00016,
27.877,5.09875,0.01777,1.54897,0.03018,0.09062,0.00081,0.00016,
27.878,5.09875,0.01798,2.72272,1.33771,0.09169,0.00081,0.00016,
27.879,5.09750,0.01777,2.72272,1.33771,0.09060,0.00081,0.00016,
27.880,5.09750,0.01924,0.58400,1.32134,0.09806,0.00081,0.00016,
27.881,5.09875,0.01903,2.36374,1.03831,0.09702,0.00081,0.00016,
27.882,5.09875,0.01840,1.24059,0.05628,0.09382,0.00081,0.00016,
27.883,5.09750,0.01840,2.26586,1.02934,0.09380,0.00081,0.00016,
27.884,5.09875,0.01903,1.50813,0.03099,0.09702,0.00081,0.00016,
27.885,5.09625,0.01924,1.88903,2.04727,0.09804,0.00081,0.00016,
27.886,5.09875,0.01756,1.30340,0.16802,0.08956,0.00081,0.00016,
27.887,5.09875,0.01945,1.74058,0.14111,0.09915,0.00081,0.00016,
27.888,5.10250,0.01924,2.55460,1.95102,0.09816,0.00081,0.00016,
27.889,5.09750,0.01840,0.79770,0.90210,0.09380,0.00081,0.00016,
27.890,5.09625,0.01861,0.79770,0.90210,0.09484,0.00081,0.00016,
27.891,5.09625,0.01861,1.10346,1.45579,0.09484,0.00081,0.00016,
27.892,5.09750,0.01861,2.48096,1.74695,0.09486,0.00081,0.00016,
27.893,5.09625,0.01777,1.73961,1.39381,0.09058,0.00081,0.00016,
27.894,5.09375,0.01861,1.02191,1.50717,0.09479,0.00081,0.00016,
27.895,5.09750,0.01861,1.92148,1.23314,0.09486,0.00081,0.00016,
27.896,5.09625,0.01736,0.95585,1.54795,0.08845,0.00081,0.00016,
27.897,5.09875,0.01715,1.71269,0.95503,0.08742,0.00081,0.00016,
27.898,5.09750,0.01840,2.37820,1.86521,0.09380,0.00081,0.00016,
27.899,5.09625,0.01924,1.42480,0.03018,0.09804,0.00081,0.00016,
27.900,5.09625,0.01966,1.24537,0.05057,0.10017,0.00081,0.00016,
27.901,5.09625,0.01966,1.24537,0.05057,0.10017,0.00081,0.00016,
27.902,5.09750,0.01798,1.30871,0.16634,0.09167,0.00081,0.00016,
27.903,5.09375,0.01945,2.82861,1.68053,0.09905,0.00081,0.00016,
27.904,5.09375,0.01924,1.87949,0.03425,0.09799,0.00081,0.00016,
27.905,5.09750,0.01736,2.76582,0.53245,0.08847,0.00081,0.00016,
27.906,5.09875,0.01903,1.74005,2.13552,0.09702,0.00081,0.00016,
27.907,5.10000,0.01861,1.03229,0.23810,0.09491,0.00081,0.00016,
27.908,5.09625,0.01798,2.25049,1.12851,0.09164,0.00081,0.00016,
27.909,5.09625,0.01903,2.63943,1.17580,0.09697,0.00081,0.00016,
27.910,5.09625,0.01903,1.24022,1.36742,0.09697,0.00081,0.00016,
27.911,5.09500,0.01903,2.07029,0.10274,0.09695,0.00081,0.00016,
27.912,5.09625,0.01736,2.07029,0.10274,0.08845,0.00081,0.00016,
27.913,5.09500,0.01798,1.61337,0.94405,0.09162,0.00082,0.00016,
27.914,5.09875,0.01798,1.94843,0.03750,0.09169,0.00082,0.00016,
27.915,5.09875,0.01694,3.07673,0.09457,0.08636,0.00082,0.00016,
27.916,5.09875,0.01777,1.75767,0.02609,0.09062,0.00082,0.00016,
27.917,5.09750,0.01736,0.81524,1.86528,0.08847,0.00082,0.00016,
27.918,5.09750,0.01798,3.12565,1.11281,0.09167,0.00082,0.00016,
27.919,5.10000,0.01798,2.74411,0.54621,0.09171,0.00082,0.00016,
27.920,5.09875,0.01756,2.30959,1.05900,0.08956,0.00082,0.00016,
27.921,5.09625,0.01819,1.44135,0.17446,0.09271,0.00082,0.00016,
27.922,5.09875,0.01861,1.10303,1.35494,0.09489,0.00082,0.00016,
27.923,5.10000,0.01840,1.10303,1.35494,0.09384,0.00082,0.00016,
27.924,5.09500,0.01736,1.66935,1.68157,0.08843,0.00082,0.00016,
27.925,5.09625,0.01903,2.44941,0.81348,0.09697,0.00082,0.00016,
27.926,5.09875,0.01798,1.32129,1.72722,0.09169,0.00082,0.00016,
27.927,5.09875,0.01840,1.80058,0.02934,0.09382,0.00082,0.00016,
27.928,5.09875,0.01840,1.96849,1.19251,0.09382,0.00082,0.00016,
27.929,5.09750,0.01966,1.77123,0.57791,0.10019,0.00082,0.00016,
27.930,5.09875,0.01861,2.03614,0.46950,0.09489,0.00082,0.00016,
27.931,5.09625,0.01798,2.05489,0.02282,0.09164,0.00082,0.00016,
27.932,5.09875,0.01736,0.58606,1.87801,0.08849,0.00082,0.00016,
27.933,5.09750,0.01777,0.55101,0.99606,0.09060,0.00082,0.00016,
27.934,5.09625,0.01736,0.55101,0.99606,0.08845,0.00082,0.00016,
27.935,5.09500,0.01736,0.98629,1.32456,0.08843,0.00082,0.00016,
27.936,5.09500,0.01840,1.41993,1.58784,0.09375,0.00082,0.00016,
27.937,5.09500,0.01840,0.63171,1.41259,0.09375,0.00082,0.00016,
27.938,5.09875,0.01798,2.88468,2.01903,0.09169,0.00082,0.00016,
27.939,5.09750,0.01756,2.59287,0.79147,0.08953,0.00082,0.00016,
27.940,5.09875,0.01756,2.18532,1.75331,0.08956,0.00082,0.00016,
27.941,5.09500,0.01819,1.93671,0.13042,0.09269,0.00082,0.00016,
27.942,5.09750,0.01756,1.38162,1.50144,0.08953,0.00082,0.00016,
27.943,5.09750,0.01819,2.14538,1.23653,0.09273,0.00082,0.00016,
27.944,5.09625,0.01819,2.05245,0.18095,0.09271,0.00082,0.00016,
27.945,5.09625,0.01903,2.05245,0.18095,0.09697,0.00082,0.00016,
27.946,5.09625,0.01903,3.09583,0.45728,0.09697,0.00082,0.00016,
27.947,5.09750,0.01819,2.05492,2.77794,0.09273,0.00082,0.00016,
27.948,5.09500,0.01861,2.59861,1.23002,0.09482,0.00082,0.00016,
27.949,5.09875,0.01861,2.73147,0.66840,0.09489,0.00082,0.00016,
27.950,5.09750,0.01798,2.78609,1.56829,0.09167,0.00082,0.00016,
27.951,5.09500,0.01903,1.63187,0.03913,0.09695,0.00082,0.00016,
27.952,5.09625,0.01924,1.38978,1.52102,0.09804,0.00082,0.00016,
27.953,5.09625,0.01798,2.13480,1.25366,0.09164,0.00082,0.00016,
27.954,5.09375,0.01840,1.88945,1.96281,0.09373,0.00082,0.00016,
27.955,5.09375,0.01840,1.34088,1.46233,0.09373,0.00082,0.00016,
27.956,5.09875,0.01882,1.34088,1.46233,0.09595,0.00082,0.00016,
27.957,5.09500,0.01798,1.83733,0.13124,0.09162,0.00082,0.00016,
27.958,5.09875,0.01861,2.47721,1.42813,0.09489,0.00082,0.00016,
27.959,5.09625,0.01840,2.97771,1.77048,0.09377,0.00082,0.00016,
27.960,5.09750,0.01756,2.69159,0.59016,0.08953,0.00082,0.00016,
27.961,5.09875,0.01777,1.13794,1.07599,0.09062,0.00082,0.00016,
27.962,5.09500,0.01924,1.09555,1.31319,0.09801,0.00082,0.00016,
27.963,5.10125,0.01882,1.47214,1.93025,0.09600,0.00082,0.00016,
27.964,5.10125,0.01882,1.62376,1.66615,0.09600,0.00082,0.00016,
27.965,5.09875,0.01840,1.26265,1.57893,0.09382,0.00082,0.00016,
27.966,5.09500,0.01694,1.74766,0.04483,0.08629,0.00082,0.00016,
27.967,5.09875,0.01945,1.74766,0.04483,0.09915,0.00082,0.00016,
27.968,5.09625,0.01694,1.76886,1.03767,0.08632,0.00082,0.00016,
27.969,5.09500,0.01777,3.10243,1.25369,0.09056,0.00082,0.00016,
27.970,5.09750,0.01756,1.67919,0.37741,0.08953,0.00082,0.00016,
27.971,5.09875,0.01903,3.03884,1.56833,0.09702,0.00082,0.00016,
27.972,5.09875,0.01882,0.93578,1.06783,0.09595,0.00082,0.00016,
27.973,5.09875,0.01819,2.30114,1.04338,0.09275,0.00082,0.00016,
27.974,5.09875,0.01819,1.67185,1.73870,0.09275,0.00082,0.00016,
27.975,5.09625,0.01945,1.72484,3.01765,0.09910,0.00082,0.00016,
27.976,5.10000,0.01861,1.34335,0.02282,0.09491,0.00082,0.00016,
27.977,5.09250,0.01798,0.93986,1.64495,0.09158,0.00082,0.00016,
27.978,5.09750,0.01882,0.93986,1.64495,0.09593,0.00082,0.00016,
27.979,5.10000,0.01903,2.20016,1.14206,0.09704,0.00082,0.00016,
27.980,5.09625,0.01882,2.30695,1.08745,0.09591,0.00082,0.00016,
27.981,5.09875,0.01924,1.34749,0.13287,0.09809,0.00082,0.00016,
27.982,5.09875,0.01840,0.42552,1.81132,0.09382,0.00082,0.00016,
27.983,5.09875,0.01840,1.62139,0.42308,0.09382,0.00082,0.00016,
27.984,5.09625,0.01756,2.90855,2.06077,0.08951,0.00082,0.00016,
27.985,5.09625,0.01819,1.33852,0.00326,0.09271,0.00082,0.00016,
27.986,5.09750,0.01840,2.06484,0.29346,0.09380,0.00082,0.00016,
27.987,5.09875,0.01840,3.07974,0.12309,0.09382,0.00082,0.00016,
27.988,5.09750,0.01736,2.02571,0.60160,0.08847,0.00082,0.00016,
27.989,5.09875,0.01798,2.02571,0.60160,0.09169,0.00082,0.00016,
27.990,5.09625,0.01840,1.81621,0.01060,0.09377,0.00082,0.00016,
27.991,5.09625,0.01756,1.91811,0.03913,0.08951,0.00082,0.00016,
27.992,5.09375,0.01756,1.38661,1.12820,0.08947,0.00082,0.00016,
27.993,5.09750,0.01798,2.17244,1.19586,0.09167,0.00082,0.00016,
27.994,5.09750,0.01840,2.85801,1.87327,0.09380,0.00082,0.00016,
27.995,5.09875,0.01736,0.66029,1.04506,0.08849,0.00082,0.00016,
27.996,5.09750,0.01798,1.86349,0.14021,0.09167,0.00082,0.00016,
27.997,5.10000,0.01882,1.38906,0.17119,0.09598,0.00082,0.00016,
27.998,5.09750,0.01924,2.23358,1.83496,0.09806,0.00082,0.00016,
27.999,5.09625,0.01756,2.47487,0.88284,0.08951,0.00082,0.00016,
28.000,5.09625,0.01882,2.47487,0.88284,0.09591,0.00082,0.00016,
28.001,5.09625,0.01882,1.55047,1.78035,0.09591,0.00082,0.00016,
28.002,5.09500,0.01882,1.38010,1.50319,0.09588,0.00082,0.00016,
28.003,5.09875,0.01736,2.35424,1.28635,0.08849,0.00082,0.00016,
28.004,5.09750,0.01777,1.69802,0.37335,0.09060,0.00082,0.00016,
28.005,5.09750,0.01840,2.35506,2.92324,0.09380,0.00082,0.00016,
28.006,5.09625,0.01840,2.58901,1.22848,0.09377,0.00082,0.00016,
28.007,5.09875,0.01736,2.25071,1.08827,0.08849,0.00082,0.00016,
28.008,5.09750,0.01819,2.04936,1.33771,0.09273,0.00082,0.00016,
28.009,5.09750,0.01903,1.70373,1.65155,0.09700,0.00082,0.00016,
28.010,5.09625,0.01903,2.07789,1.32059,0.09697,0.00082,0.00016,
28.011,5.09500,0.01777,2.07789,1.32059,0.09056,0.00082,0.00016,
28.012,5.09875,0.01903,1.64422,1.73307,0.09702,0.00082,0.00016,
28.013,5.09875,0.01840,1.22440,1.61568,0.09382,0.00082,0.00016,
28.014,5.09625,0.01777,2.20261,1.77301,0.09058,0.00082,0.00016,
28.015,5.09875,0.01777,1.78850,2.65341,0.09062,0.00082,0.00016,
28.016,5.09750,0.01840,2.84660,1.81459,0.09380,0.00082,0.00016,
28.017,5.09625,0.01819,2.31022,1.07278,0.09271,0.00082,0.00016,
28.018,5.09625,0.01840,1.91241,0.84860,0.09377,0.00082,0.00016,
28.019,5.09875,0.01840,1.36053,2.03224,0.09382,0.00082,0.00016,
28.020,5.09875,0.01882,2.45532,0.78339,0.09595,0.00082,0.00016,
28.021,5.09625,0.01986,2.85231,2.32652,0.10123,0.00082,0.00016,
28.022,5.09625,0.01861,2.85231,2.32652,0.09484,0.00082,0.00016,
28.023,5.10000,0.01861,1.47058,0.00734,0.09491,0.00082,0.00016,
28.024,5.09750,0.01861,2.54825,1.17467,0.09486,0.00082,0.00016,
28.025,5.10000,0.01882,3.07649,0.06521,0.09598,0.00082,0.00016,
28.026,5.09875,0.01798,1.93687,0.08804,0.09169,0.00082,0.00016,
28.027,5.09875,0.01840,0.72469,1.49830,0.09382,0.00082,0.00016,
28.028,5.09625,0.01840,1.60264,1.66378,0.09377,0.00082,0.00016,
28.029,5.09750,0.01924,1.22114,1.62058,0.09806,0.00082,0.00016,
28.030,5.10000,0.01840,2.14963,1.23907,0.09384,0.00082,0.00016,
28.031,5.09625,0.01819,1.06462,1.22929,0.09271,0.00082,0.00016,
28.032,5.09625,0.01861,1.76812,1.40781,0.09484,0.00082,0.00016,
28.033,5.09750,0.01861,1.76812,1.40781,0.09486,0.00082,0.00016,
28.034,5.09875,0.01819,1.76812,1.40781,0.09275,0.00082,0.00016,
28.035,5.09625,0.01882,1.83741,1.56759,0.09591,0.00082,0.00016,
28.036,5.09625,0.01882,3.07078,0.01956,0.09591,0.00082,0.00016,
28.037,5.09750,0.01882,2.29391,2.56373,0.09593,0.00082,0.00016,
28.038,5.09875,0.01798,2.22788,1.10864,0.09169,0.00082,0.00016,
28.039,5.09625,0.01882,2.32163,0.20869,0.09591,0.00082,0.00016,
28.040,5.09625,0.01861,2.23359,1.83497,0.09484,0.00082,0.00016,
28.041,5.09500,0.01777,1.55617,1.75589,0.09056,0.00082,0.00016,
28.042,5.09750,0.01882,3.07078,1.44450,0.09593,0.00082,0.00016,
28.043,5.09625,0.01882,3.08300,1.38988,0.09591,0.00082,0.00016,
28.044,5.09500,0.01819,2.24092,1.69068,0.09269,0.00082,0.00016,
28.045,5.09500,0.01819,2.24092,1.69068,0.09269,0.00082,0.00016,
28.046,5.09750,0.01819,2.80092,1.93032,0.09273,0.00082,0.00016,
28.047,5.09625,0.01840,0.65784,1.51621,0.09377,0.00082,0.00016,
28.048,5.09625,0.01798,1.66050,1.73875,0.09164,0.00082,0.00016,
28.049,5.09750,0.01777,1.23009,0.05706,0.09060,0.00082,0.00016,
28.050,5.09750,0.01756,3.07726,1.33443,0.08953,0.00082,0.00016,
28.051,5.10000,0.01798,1.32791,1.42491,0.09171,0.00082,0.00016,
28.052,5.09750,0.01798,2.00939,0.48095,0.09167,0.00082,0.00016,
28.053,5.09750,0.01756,2.81396,1.69147,0.08953,0.00082,0.00016,
28.054,5.09750,0.01924,2.38518,0.78012,0.09806,0.00082,0.00016,
28.055,5.09750,0.01924,2.25883,1.80560,0.09806,0.00082,0.00016,
28.056,5.09625,0.01777,2.25883,1.80560,0.09058,0.00082,0.00016,
28.057,5.09750,0.01736,2.19679,0.99773,0.08847,0.00082,0.00016,
28.058,5.09625,0.01924,2.68017,0.87790,0.09804,0.00082,0.00016,
28.059,5.09750,0.01819,1.89601,1.49904,0.09273,0.00082,0.00016,
28.060,5.09875,0.01840,2.06556,1.32215,0.09382,0.00082,0.00016,
28.061,5.09625,0.01882,1.06783,1.41834,0.09591,0.00082,0.00016,
28.062,5.09875,0.01840,2.10468,0.10189,0.09382,0.00082,0.00016,
28.063,5.09875,0.01777,2.15115,1.47132,0.09062,0.00082,0.00016,
28.064,5.09500,0.01777,2.07615,0.09700,0.09056,0.00082,0.00016,
28.065,5.09875,0.01840,2.04762,1.98975,0.09382,0.00082,0.00016,
28.066,5.09500,0.01819,2.38509,0.87138,0.09269,0.00082,0.00016,
28.067,5.09625,0.01715,2.38509,0.87138,0.08738,0.00082,0.00016,
28.068,5.09750,0.01798,1.45494,2.01084,0.09167,0.00082,0.00016,
28.069,5.10000,0.01798,0.91535,1.42071,0.09171,0.00082,0.00016,
28.070,5.09750,0.01903,2.13147,0.43771,0.09700,0.00082,0.00016,
28.071,5.09875,0.01819,2.09479,1.29437,0.09275,0.00082,0.00016,
28.072,5.09875,0.01798,1.34898,1.85434,0.09169,0.00082,0.00016,
28.073,5.09750,0.01798,1.19574,1.61144,0.09167,0.00082,0.00016,
28.074,5.09625,0.01882,1.38892,0.02853,0.09591,0.00082,0.00016,
28.075,5.09750,0.01673,2.93760,1.25361,0.08527,0.00082,0.00016,
28.076,5.09625,0.01736,1.41093,1.98149,0.08845,0.00082,0.00016,
28.077,5.09500,0.01798,1.45331,1.81114,0.09162,0.00082,0.00016,
28.078,5.09750,0.01798,1.45331,1.81114,0.09167,0.00082,0.00016,
28.079,5.09875,0.01861,1.43538,2.00350,0.09489,0.00082,0.00016,
28.080,5.09875,0.01736,2.11599,1.99372,0.08849,0.00082,0.00016,
28.081,5.09875,0.01924,1.70925,1.01398,0.09809,0.00082,0.00016,
28.082,5.09750,0.01924,2.13066,0.18910,0.09806,0.00082,0.00016,
28.083,5.09750,0.01903,1.28214,1.12891,0.09700,0.00082,0.00016,
28.084,5.09875,0.01840,1.64812,0.14998,0.09382,0.00082,0.00016,
28.085,5.09875,0.01903,3.07209,0.05869,0.09702,0.00082,0.00016,
28.086,5.09750,0.01945,1.39544,0.72543,0.09913,0.00082,0.00016,
28.087,5.09875,0.01798,1.58536,1.81603,0.09169,0.00082,0.00016,
28.088,5.09625,0.01924,1.73615,1.56580,0.09804,0.00082,0.00016,
28.089,5.09875,0.01861,1.73615,1.56580,0.09489,0.00082,0.00016,
28.090,5.09625,0.01777,2.31977,1.47614,0.09058,0.00082,0.00016,
28.091,5.09625,0.01777,1.09060,1.25362,0.09058,0.00082,0.00016,
28.092,5.09625,0.01840,1.55195,1.63753,0.09377,0.00082,0.00016,
28.093,5.09875,0.01840,2.27331,1.63916,0.09382,0.00082,0.00016,
28.094,5.09750,0.01819,1.76876,1.62368,0.09273,0.00082,0.00016,
28.095,5.09500,0.01777,2.40454,2.60831,0.09056,0.00082,0.00016,
28.096,5.09750,0.01777,1.95624,1.38159,0.09060,0.00082,0.00016,
28.097,5.09875,0.01924,2.60016,0.66757,0.09809,0.00082,0.00016,
28.098,5.09875,0.01903,1.77284,2.77948,0.09702,0.00082,0.00016,
28.099,5.09875,0.01819,1.81604,1.52505,0.09275,0.00082,0.00016,
28.100,5.10000,0.01819,1.81604,1.52505,0.09278,0.00082,0.00016,
28.101,5.09625,0.01861,2.12170,0.00652,0.09484,0.00082,0.00016,
28.102,5.09875,0.01882,2.66700,1.21694,0.09595,0.00082,0.00016,
28.103,5.09875,0.01798,1.81685,1.53401,0.09169,0.00082,0.00016,
28.104,5.09875,0.01903,0.76375,1.03028,0.09702,0.00082,0.00016,
28.105,5.09500,0.01840,3.07618,1.78017,0.09375,0.00082,0.00016,
28.106,5.09750,0.01840,2.10784,1.24547,0.09380,0.00082,0.00016,
28.107,5.09875,0.01924,1.64813,1.75572,0.09809,0.00082,0.00016,
28.108,5.10000,0.01819,1.36284,2.02715,0.09278,0.00082,0.00016,
28.109,5.10000,0.01819,2.68819,0.83874,0.09278,0.00082,0.00016,
28.110,5.09500,0.01819,1.67747,1.67013,0.09269,0.00082,0.00016,
28.111,5.09875,0.01903,1.67747,1.67013,0.09702,0.00082,0.00016,
28.112,5.09625,0.01945,1.82175,2.76563,0.09910,0.00082,0.00016,
28.113,5.09625,0.01798,1.54706,1.77855,0.09164,0.00082,0.00016,
28.114,5.09500,0.01861,1.93749,0.26083,0.09482,0.00082,0.00016,
28.115,5.10000,0.01798,0.41733,1.33269,0.09171,0.00082,0.00016,
28.116,5.09625,0.01798,2.50806,0.88520,0.09164,0.00082,0.00016,
28.117,5.09625,0.01798,1.86902,1.42724,0.09164,0.00082,0.00016,
28.118,5.09625,0.01924,2.42003,1.65221,0.09804,0.00082,0.00016,
28.119,5.09500,0.01924,1.85680,0.13694,0.09801,0.00082,0.00016,
28.120,5.09750,0.01840,1.34655,1.87473,0.09380,0.00082,0.00016,
28.121,5.09750,0.01715,1.89429,2.74770,0.08740,0.00082,0.00016,
28.122,5.09750,0.01715,1.89429,2.74770,0.08740,0.00082,0.00016,
28.123,5.10125,0.01798,1.93750,1.22510,0.09173,0.00082,0.00016,
28.124,5.09625,0.01736,1.25281,0.05217,0.08845,0.00082,0.00016,
28.125,5.09750,0.01715,1.56663,1.98396,0.08740,0.00082,0.00016,
28.126,5.09750,0.01861,1.82257,1.44192,0.09486,0.00082,0.00016,
28.127,5.09750,0.01945,1.84621,1.53565,0.09913,0.00082,0.00016,
28.128,5.10000,0.01945,1.64243,1.74025,0.09918,0.00082,0.00016,
28.129,5.09750,0.01840,2.09237,0.03994,0.09380,0.00082,0.00016,
28.130,5.09750,0.01882,2.00760,1.36448,0.09593,0.00082,0.00016,
28.131,5.09750,0.01840,1.87555,1.51365,0.09380,0.00082,0.00016,
28.132,5.09625,0.01798,2.27495,1.07023,0.09164,0.00082,0.00016,
28.133,5.10000,0.01756,2.27495,1.07023,0.08958,0.00082,0.00016,
28.134,5.09750,0.01840,0.97324,0.68877,0.09380,0.00082,0.00016,
28.135,5.09750,0.01819,3.07052,0.05869,0.09273,0.00082,0.00016,
28.136,5.09750,0.01840,3.07052,0.02771,0.09380,0.00082,0.00016,
28.137,5.09625,0.01840,2.18368,1.07105,0.09377,0.00082,0.00016,
28.138,5.09750,0.01882,0.86565,1.12159,0.09593,0.00082,0.00016,
28.139,5.09625,0.01840,2.75588,1.45905,0.09377,0.00082,0.00016,
28.140,5.09875,0.01715,2.05815,0.46217,0.08742,0.00082,0.00016,
28.141,5.10125,0.01777,1.84052,2.77219,0.09067,0.00082,0.00016,
28.142,5.10000,0.01882,1.86579,1.47698,0.09598,0.00082,0.00016,
28.143,5.09625,0.01840,1.82748,1.29032,0.09377,0.00082,0.00016,
28.144,5.09625,0.01840,1.82748,1.29032,0.09377,0.00082,0.00016,
28.145,5.09625,0.01945,2.19754,0.28121,0.09910,0.00082,0.00016,
28.146,5.09875,0.01945,3.09335,0.97161,0.09915,0.00082,0.00016,
28.147,5.09750,0.01903,2.11277,1.22593,0.09700,0.00082,0.00016,
28.148,5.09625,0.01819,2.69232,1.27239,0.09271,0.00082,0.00016,
28.149,5.09500,0.01903,2.11359,0.03097,0.09695,0.00082,0.00016,
28.150,5.09875,0.01924,1.81525,3.01428,0.09809,0.00082,0.00016,
28.151,5.09875,0.01736,2.04675,1.28299,0.08849,0.00082,0.00016,
28.152,5.10000,0.01986,1.35879,0.78984,0.10131,0.00082,0.00016,
28.153,5.09750,0.01903,2.69965,0.69529,0.09700,0.00082,0.00016,
28.154,5.09750,0.01903,2.99554,1.78020,0.09700,0.00082,0.00016,
28.155,5.09625,0.01903,2.99554,1.78020,0.09697,0.00082,0.00016,
28.156,5.09625,0.01840,0.71243,1.77536,0.09377,0.00082,0.00016,
28.157,5.09750,0.01903,2.66712,0.72792,0.09700,0.00082,0.00016,
28.158,5.09750,0.01736,1.31318,2.06637,0.08847,0.00082,0.00016,
28.159,5.09875,0.01840,2.69484,1.24879,0.09382,0.00082,0.00016,
28.160,5.09875,0.01798,2.17152,0.48745,0.09169,0.00082,0.00016,
28.161,5.09625,0.01882,2.84890,2.53099,0.09591,0.00082,0.00016,
28.162,5.09750,0.01882,1.78678,0.55674,0.09593,0.00082,0.00016,
28.163,5.09750,0.01819,2.44133,0.81106,0.09273,0.00082,0.00016,
28.164,5.09625,0.01819,1.66614,0.40675,0.09271,0.00082,0.00016,
28.165,5.09875,0.01882,1.74846,2.13891,0.09595,0.00082,0.00016,
28.166,5.09875,0.01861,1.74846,2.13891,0.09489,0.00082,0.00016,
28.167,5.09875,0.01840,2.39243,1.60990,0.09382,0.00082,0.00016,
28.168,5.09875,0.01903,1.90498,0.31790,0.09702,0.00082,0.00016,
28.169,5.09625,0.01882,1.92536,0.03913,0.09591,0.00082,0.00016,
28.170,5.09750,0.01861,1.61886,1.25939,0.09486,0.00082,0.00016,
28.171,5.09750,0.01903,1.93514,1.21945,0.09700,0.00082,0.00016,
28.172,5.09750,0.01882,1.54469,1.77211,0.09593,0.00082,0.00016,
28.173,5.09750,0.01882,2.71196,0.67819,0.09593,0.00082,0.00016,
28.174,5.09750,0.01777,0.84937,1.09555,0.09060,0.00082,0.00016,
28.175,5.09875,0.01861,0.46707,1.35557,0.09489,0.00082,0.00016,
28.176,5.10000,0.01840,2.20006,1.13630,0.09384,0.00082,0.00016,
28.177,5.09875,0.01756,2.20006,1.13630,0.08956,0.00082,0.00016,
28.178,5.09750,0.01777,2.03232,1.30108,0.09060,0.00082,0.00016,
28.179,5.09875,0.01903,1.43396,0.16875,0.09702,0.00082,0.00016,
28.180,5.09625,0.01819,1.88232,1.35651,0.09271,0.00082,0.00016,
28.181,5.09625,0.01840,1.75515,0.00652,0.09377,0.00082,0.00016,
28.182,5.09500,0.01840,1.69075,1.67526,0.09375,0.00082,0.00016,
28.183,5.09875,0.01777,1.63776,0.07663,0.09062,0.00082,0.00016,
28.184,5.09750,0.01840,2.34944,1.03695,0.09380,0.00082,0.00016,
28.185,5.09500,0.01882,0.93342,0.51114,0.09588,0.00082,0.00016,
28.186,5.09625,0.01840,0.84619,1.46331,0.09377,0.00082,0.00016,
28.187,5.09750,0.01736,1.55706,1.54564,0.08847,0.00082,0.00016,
28.188,5.09875,0.01966,1.55706,1.54564,0.10022,0.00082,0.00016,
28.189,5.09750,0.01819,1.84645,1.11684,0.09273,0.00082,0.00016,
28.190,5.09750,0.01840,1.39238,1.96303,0.09380,0.00082,0.00016,
28.191,5.09625,0.01840,1.83097,2.77824,0.09377,0.00082,0.00016,
28.192,5.09875,0.01777,1.32961,1.70787,0.09062,0.00082,0.00016,
28.193,5.09875,0.01840,1.82444,1.50733,0.09382,0.00082,0.00016,
28.194,5.09625,0.01715,1.28396,1.70624,0.08738,0.00082,0.00016,
28.195,5.09750,0.01756,2.10406,0.03179,0.08953,0.00082,0.00016,
28.196,5.09875,0.01756,2.10406,0.03179,0.08956,0.00082,0.00016,
28.197,5.09625,0.01798,1.69238,1.67607,0.09164,0.00082,0.00016,
28.198,5.09500,0.01673,0.92608,0.85842,0.08523,0.00082,0.00016,
28.199,5.09500,0.01861,1.62798,0.48994,0.09482,0.00082,0.00016,
28.200,5.09625,0.01861,1.62798,0.48994,0.09484,0.00082,0.00016,
28.201,5.09375,0.01819,1.57907,0.00326,0.09266,0.00082,0.00016,
28.202,5.09500,0.01673,1.38749,2.02173,0.08523,0.00082,0.00016,
28.203,5.09875,0.01819,0.86086,1.10706,0.09275,0.00082,0.00016,
28.204,5.09625,0.01798,1.99564,2.03885,0.09164,0.00082,0.00016,
28.205,5.09250,0.01840,1.71032,0.57391,0.09371,0.00082,0.00016,
28.206,5.09500,0.01903,1.35570,1.45108,0.09695,0.00082,0.00016,
28.207,5.09500,0.01903,1.01086,0.57962,0.09695,0.00082,0.00016,
28.208,5.09500,0.01966,1.98423,1.35488,0.10014,0.00082,0.00016,
28.209,5.09500,0.01966,1.73966,1.96792,0.10014,0.00082,0.00016,
28.210,5.09875,0.01798,2.19129,1.21304,0.09169,0.00082,0.00016,
28.211,5.09875,0.01903,2.19129,1.21304,0.09702,0.00082,0.00016,
28.212,5.09750,0.01882,2.38448,1.62144,0.09593,0.00082,0.00016,
28.213,5.09750,0.01840,3.05784,0.02283,0.09380,0.00082,0.00016,
28.214,5.09750,0.01882,1.81302,1.56846,0.09593,0.00082,0.00016,
28.215,5.09500,0.01945,1.00352,1.11276,0.09908,0.00082,0.00016,
28.216,5.09625,0.01777,1.60759,1.76247,0.09058,0.00082,0.00016,
28.217,5.09625,0.01840,0.96439,1.13395,0.09377,0.00082,0.00016,
28.218,5.09750,0.01840,0.89591,1.16901,0.09380,0.00082,0.00016,
28.219,5.09750,0.01945,1.76329,1.04428,0.09913,0.00082,0.00016,
28.220,5.09625,0.01777,2.55159,0.71575,0.09058,0.00082,0.00016,
28.221,5.09750,0.01819,1.43802,1.98421,0.09273,0.00082,0.00016,
28.222,5.09750,0.01798,1.43802,1.98421,0.09167,0.00082,0.00016,
28.223,5.09750,0.01777,3.06674,0.02364,0.09060,0.00082,0.00016,
28.224,5.09875,0.01777,2.72192,1.41109,0.09062,0.00082,0.00016,
28.225,5.09625,0.01798,2.88088,1.56353,0.09164,0.00082,0.00016,
28.226,5.09625,0.01903,1.69804,2.59475,0.09697,0.00082,0.00016,
28.227,5.09750,0.01903,2.30209,1.60511,0.09700,0.00082,0.00016,
28.228,5.09750,0.01966,2.46350,0.91872,0.10019,0.00082,0.00016,
28.229,5.09625,0.01777,2.71621,0.68557,0.09058,0.00082,0.00016,
28.230,5.09875,0.01945,2.19857,2.93224,0.09915,0.00082,0.00016,
28.231,5.10000,0.01861,0.49074,1.06138,0.09491,0.00082,0.00016,
28.232,5.10000,0.01819,2.62328,2.17248,0.09278,0.00082,0.00016,
28.233,5.09750,0.01966,2.62328,2.17248,0.10019,0.00082,0.00016,
28.234,5.09875,0.01861,1.93031,0.82332,0.09489,0.00082,0.00016,
28.235,5.09875,0.01798,1.99471,0.00408,0.09169,0.00082,0.00016,
28.236,5.09750,0.01798,3.07643,1.88303,0.09167,0.00082,0.00016,
28.237,5.09875,0.01903,2.29224,1.06298,0.09702,0.00082,0.00016,
28.238,5.09625,0.01882,1.63359,1.65805,0.09591,0.00082,0.00016,
28.239,5.10000,0.01882,1.68576,1.60425,0.09598,0.00082,0.00016,
28.240,5.09875,0.01882,2.39985,1.56186,0.09595,0.00082,0.00016,
28.241,5.09625,0.01861,2.55065,0.70756,0.09484,0.00082,0.00016,
28.242,5.09875,0.01736,2.70309,2.28409,0.08849,0.00082,0.00016,
28.243,5.09875,0.01756,1.86917,1.92134,0.08956,0.00082,0.00016,
28.244,5.09875,0.01840,1.86917,1.92134,0.09382,0.00082,0.00016,
28.245,5.09875,0.01840,0.62931,1.27900,0.09382,0.00082,0.00016,
28.246,5.09625,0.01819,3.08948,1.34339,0.09271,0.00082,0.00016,
28.247,5.09625,0.01756,2.14226,1.84717,0.08951,0.00082,0.00016,
28.248,5.09875,0.01819,1.91238,1.14694,0.09275,0.00082,0.00016,
28.249,5.09625,0.01798,1.64338,1.74120,0.09164,0.00082,0.00016,
28.250,5.09875,0.01736,2.55473,1.30997,0.08849,0.00082,0.00016,
28.251,5.09750,0.01819,2.40229,0.81924,0.09273,0.00082,0.00016,
28.252,5.10000,0.01840,2.74874,2.41615,0.09384,0.00082,0.00016,
28.253,5.09750,0.01736,2.69086,2.26372,0.08847,0.00082,0.00016,
28.254,5.09750,0.01840,1.69962,0.03750,0.09380,0.00082,0.00016,
28.255,5.09750,0.01840,1.69962,0.03750,0.09380,0.00082,0.00016,
28.256,5.10000,0.01903,0.70186,1.50235,0.09704,0.00082,0.00016,
28.257,5.09750,0.01945,1.49990,1.41839,0.09913,0.00082,0.00016,
28.258,5.09625,0.01798,2.24333,2.62809,0.09164,0.00082,0.00016,
28.259,5.09875,0.01861,1.84472,0.93989,0.09489,0.00082,0.00016,
28.260,5.09750,0.01882,1.66620,0.56246,0.09593,0.00082,0.00016,
28.261,5.09625,0.01882,2.06074,1.23579,0.09591,0.00082,0.00016,
28.262,5.09750,0.01673,2.38273,1.61973,0.08527,0.00082,0.00016,
28.263,5.09750,0.01882,2.50093,2.86938,0.09593,0.00082,0.00016,
28.264,5.09500,0.01882,1.33769,2.01753,0.09588,0.00082,0.00016,
28.265,5.09750,0.01736,3.08947,0.46546,0.08847,0.00082,0.00016,
28.266,5.09750,0.01756,3.08947,0.46546,0.08953,0.00082,0.00016,
28.267,5.09750,0.01777,0.45079,0.94723,0.09060,0.00082,0.00016,
28.268,5.09875,0.01777,1.35644,2.01510,0.09062,0.00082,0.00016,
28.269,5.09875,0.01840,2.50583,0.74506,0.09382,0.00082,0.00016,
28.270,5.09750,0.01840,1.96048,1.18607,0.09380,0.00082,0.00016,
28.271,5.09875,0.01861,1.04178,0.52578,0.09489,0.00082,0.00016,
28.272,5.09875,0.01861,2.01183,2.23275,0.09489,0.00082,0.00016,
28.273,5.09875,0.01861,2.52621,1.99879,0.09489,0.00082,0.00016,
28.274,5.09875,0.01777,2.47648,1.42247,0.09062,0.00082,0.00016,
28.275,5.09750,0.01924,3.08867,0.53475,0.09806,0.00082,0.00016,
28.276,5.09500,0.01903,1.88467,1.51132,0.09695,0.00082,0.00016,
28.277,5.09625,0.01819,1.88467,1.51132,0.09271,0.00082,0.00016,
28.278,5.09750,0.01861,3.06423,0.01875,0.09486,0.00082,0.00016,
28.279,5.09625,0.01903,2.18874,1.19341,0.09697,0.00082,0.00016,
28.280,5.09625,0.01777,3.05771,1.49747,0.09058,0.00082,0.00016,
28.281,5.09625,0.01924,1.40536,1.55127,0.09804,0.00082,0.00016,
28.282,5.09875,0.01924,2.13901,2.94033,0.09809,0.00082,0.00016,
28.283,5.09625,0.01903,1.97924,2.70800,0.09697,0.00082,0.00016,
28.284,5.09875,0.01840,1.83169,1.49421,0.09382,0.00082,0.00016,
28.285,5.09625,0.01819,0.90403,1.00918,0.09271,0.00082,0.00016,
28.286,5.10125,0.01756,2.05097,1.98168,0.08960,0.00082,0.00016,
28.287,5.09750,0.01966,2.43573,1.61649,0.10019,0.00082,0.00016,
28.288,5.10000,0.01840,2.43573,1.61649,0.09384,0.00082,0.00016,
28.289,5.10000,0.01840,0.85594,1.41841,0.09384,0.00082,0.00016,
28.290,5.10000,0.01903,1.67764,1.73715,0.09704,0.00082,0.00016,
28.291,5.09875,0.01903,2.67705,2.23033,0.09702,0.00082,0.00016,
28.292,5.09875,0.01882,1.00675,1.83578,0.09595,0.00082,0.00016,
28.293,5.09750,0.01861,0.95213,1.21706,0.09486,0.00082,0.00016,
28.294,5.09625,0.01861,2.15289,1.83089,0.09484,0.00082,0.00016,
28.295,5.09500,0.01945,3.04796,1.20076,0.09908,0.00082,0.00016,
28.296,5.09875,0.01819,2.03876,1.30103,0.09275,0.00082,0.00016,
28.297,5.09625,0.01840,1.34586,1.69394,0.09377,0.00083,0.00016,
28.298,5.09750,0.01882,2.41212,0.80947,0.09593,0.00083,0.00016,
28.299,5.09750,0.01861,2.41212,0.80947,0.09486,0.00083,0.00016,
28.300,5.09625,0.01861,1.72982,2.76674,0.09484,0.00083,0.00016,
28.301,5.10000,0.01819,2.20426,1.13881,0.09278,0.00083,0.00016,
28.302,5.09500,0.01945,1.45021,0.86247,0.09908,0.00083,0.00016,
28.303,5.10125,0.01882,1.42250,0.00489,0.09600,0.00083,0.00016,
28.304,5.09750,0.01777,2.00047,2.04856,0.09060,0.00083,0.00016,
28.305,5.09875,0.01819,2.86864,1.58554,0.09275,0.00083,0.00016,
28.306,5.09750,0.01861,2.16024,0.42064,0.09486,0.00083,0.00016,
28.307,5.10000,0.01756,2.15127,0.00652,0.08958,0.00083,0.00016,
28.308,5.10000,0.01777,2.24910,0.94398,0.09064,0.00083,0.00016,
28.309,5.09750,0.01777,1.55130,1.84069,0.09060,0.00083,0.00016,
28.310,5.09875,0.01756,1.55130,1.84069,0.08956,0.00083,0.00016,
28.311,5.09750,0.01861,3.09048,0.23234,0.09486,0.00083,0.00016,
28.312,5.09500,0.01777,1.14864,1.45760,0.09056,0.00083,0.00016,
28.313,5.09750,0.01736,2.76358,2.37879,0.08847,0.00083,0.00016,
28.314,5.09625,0.01840,2.56466,0.81277,0.09377,0.00083,0.00016,
28.315,5.10125,0.01777,1.94429,0.02446,0.09067,0.00083,0.00016,
28.316,5.09875,0.01756,2.21331,1.73070,0.08956,0.00083,0.00016,
28.317,5.09875,0.01903,2.67553,2.25162,0.09702,0.00083,0.00016,
28.318,5.09875,0.01903,1.66548,0.00245,0.09702,0.00083,0.00016,
28.319,5.09875,0.01924,2.42689,0.82011,0.09809,0.00083,0.00016,
28.320,5.10000,0.01819,1.75353,1.64103,0.09278,0.00083,0.00016,
28.321,5.09875,0.01945,1.75353,1.64103,0.09915,0.00083,0.00016,
28.322,5.09875,0.01819,3.07988,0.06603,0.09275,0.00083,0.00016,
28.323,5.09625,0.01756,1.60597,2.74890,0.08951,0.00083,0.00016,
28.324,5.09625,0.01819,1.96711,1.28967,0.09271,0.00083,0.00016,
28.325,5.09750,0.01882,3.08232,1.53423,0.09593,0.00083,0.00016,
28.326,5.09750,0.01819,2.65107,2.82390,0.09273,0.00083,0.00016,
28.327,5.09625,0.01819,2.30461,1.60842,0.09271,0.00083,0.00016,
28.328,5.09750,0.01756,1.96466,1.17880,0.08953,0.00083,0.00016,
28.329,5.10000,0.01777,1.65896,1.20652,0.09064,0.00083,0.00016,
28.330,5.09750,0.01819,1.08831,1.43070,0.09273,0.00083,0.00016,
28.331,5.09875,0.01715,2.62091,2.83857,0.08742,0.00083,0.00016,
28.332,5.09750,0.01840,2.62091,2.83857,0.09380,0.00083,0.00016,
28.333,5.09625,0.01903,2.10978,1.07771,0.09697,0.00083,0.00016,
28.334,5.09750,0.01861,2.44972,0.94728,0.09486,0.00083,0.00016,
28.335,5.09750,0.01777,0.41168,1.60190,0.09060,0.00083,0.00016,
28.336,5.09625,0.01777,3.09129,1.18369,0.09058,0.00083,0.00016,
28.337,5.09875,0.01903,2.17581,1.32228,0.09702,0.00083,0.00016,
28.338,5.09500,0.01840,2.15461,0.00163,0.09375,0.00083,0.00016,
28.339,5.09750,0.01840,0.51929,1.14701,0.09380,0.00083,0.00016,
28.340,5.10000,0.01903,1.31005,2.10652,0.09704,0.00083,0.00016,
28.341,5.09750,0.01861,2.01684,0.71494,0.09486,0.00083,0.00016,
28.342,5.09875,0.01840,1.99891,0.00245,0.09382,0.00083,0.00016,
28.343,5.09875,0.01861,1.99891,0.00245,0.09489,0.00083,0.00016,
28.344,5.09875,0.01903,1.76250,3.01141,0.09702,0.00083,0.00016,
28.345,5.10125,0.01903,0.36277,1.88070,0.09707,0.00083,0.00016,
28.346,5.10000,0.01798,1.45924,2.51086,0.09171,0.00083,0.00016,
28.347,5.09750,0.01882,1.97201,2.31195,0.09593,0.00083,0.00016,
28.348,5.10000,0.01861,2.75461,2.81820,0.09491,0.00083,0.00016,
28.349,5.09375,0.01756,1.65896,0.61304,0.08947,0.00083,0.00016,
28.350,5.09625,0.01736,2.71956,0.68152,0.08845,0.00083,0.00016,
28.351,5.09500,0.01798,1.78288,1.05489,0.09162,0.00083,0.00016,
28.352,5.09625,0.01777,2.84510,2.79293,0.09058,0.00083,0.00016,
28.353,5.09625,0.01777,0.66114,1.92391,0.09058,0.00083,0.00016,
28.354,5.09875,0.01777,0.66114,1.92391,0.09062,0.00083,0.00016,
28.355,5.09500,0.01798,1.65000,1.72174,0.09162,0.00083,0.00016,
28.356,5.09750,0.01861,1.36060,1.51141,0.09486,0.00083,0.00016,
28.357,5.09625,0.01924,1.36060,1.51141,0.09804,0.00083,0.00016,
28.358,5.09625,0.01819,0.45489,0.90897,0.09271,0.00083,0.00016,
28.359,5.09500,0.01924,0.62201,1.00924,0.09801,0.00083,0.00016,
28.360,5.09500,0.01882,2.10734,1.27418,0.09588,0.00083,0.00016,
28.361,5.09875,0.01840,1.97038,1.36467,0.09382,0.00083,0.00016,
28.362,5.09875,0.01945,1.79022,2.65761,0.09915,0.00083,0.00016,
28.363,5.10000,0.01945,0.97663,0.70109,0.09918,0.00083,0.00016,
28.364,5.09750,0.01924,1.39810,0.82418,0.09806,0.00083,0.00016,
28.365,5.09625,0.01777,2.49864,2.70897,0.09058,0.00083,0.00016,
28.366,5.09875,0.01840,2.49864,2.70897,0.09382,0.00083,0.00016,
28.367,5.09500,0.01798,1.45923,0.00489,0.09162,0.00083,0.00016,
28.368,5.09875,0.01694,1.53178,1.41928,0.08636,0.00083,0.00016,
28.369,5.09750,0.01861,2.11058,1.91248,0.09486,0.00083,0.00016,
28.370,5.10125,0.01882,2.09917,2.05759,0.09600,0.00083,0.00016,
28.371,5.10125,0.01819,1.41683,1.80895,0.09280,0.00083,0.00016,
28.372,5.10000,0.01819,2.75215,0.54864,0.09278,0.00083,0.00016,
28.373,5.10000,0.01798,1.40787,1.56928,0.09171,0.00083,0.00016,
28.374,5.09625,0.01819,2.67144,2.27933,0.09271,0.00083,0.00016,
28.375,5.09500,0.01798,1.32064,2.42443,0.09162,0.00083,0.00016,
28.376,5.09500,0.01673,1.47064,0.85923,0.08523,0.00083,0.00016,
28.377,5.09750,0.01756,1.47064,0.85923,0.08953,0.00083,0.00016,
28.378,5.10000,0.01882,1.87413,0.00489,0.09598,0.00083,0.00016,
28.379,5.09750,0.01777,2.50835,1.68663,0.09060,0.00083,0.00016,
28.380,5.10250,0.01652,1.40295,1.65566,0.08429,0.00083,0.00016,
28.381,5.10250,0.01652,1.62794,1.24969,0.08429,0.00083,0.00016,
28.382,5.09750,0.01861,2.54911,2.86540,0.09486,0.00083,0.00016,
28.383,5.09875,0.01840,1.66789,0.60895,0.09382,0.00083,0.00016,
28.384,5.09500,0.01756,1.59778,2.84095,0.08949,0.00083,0.00016,
28.385,5.09625,0.01861,1.12252,1.65321,0.09484,0.00083,0.00016,
28.386,5.09625,0.01882,1.62468,2.74802,0.09591,0.00083,0.00016,
28.387,5.10125,0.02070,2.71378,0.56737,0.10560,0.00083,0.00016,
28.388,5.09750,0.01819,2.71378,0.56737,0.09273,0.00083,0.00016,
28.389,5.09750,0.01819,0.61544,2.07050,0.09273,0.00083,0.00016,
28.390,5.09875,0.01819,2.84816,2.29222,0.09275,0.00083,0.00016,
28.391,5.09875,0.01861,1.37354,1.68085,0.09489,0.00083,0.00016,
28.392,5.09625,0.01798,1.68982,1.59608,0.09164,0.00083,0.00016,
28.393,5.09875,0.01840,2.14223,0.00326,0.09382,0.00083,0.00016,
28.394,5.09875,0.01798,1.75748,2.70387,0.09169,0.00083,0.00016,
28.395,5.09875,0.01819,1.81291,1.89605,0.09275,0.00083,0.00016,
28.396,5.09750,0.01798,2.32727,2.59220,0.09167,0.00083,0.00016,
28.397,5.09875,0.01756,2.10066,1.27083,0.08956,0.00083,0.00016,
28.398,5.09875,0.01798,2.56367,1.77133,0.09169,0.00083,0.00016,
28.399,5.09875,0.01798,2.56367,1.77133,0.09169,0.00083,0.00016,
28.400,5.09500,0.01777,1.65964,0.00652,0.09056,0.00083,0.00016,
28.401,5.09875,0.01777,1.89929,1.48683,0.09062,0.00083,0.00016,
28.402,5.09875,0.01861,1.97999,1.37271,0.09489,0.00083,0.00016,
28.403,5.09375,0.01777,2.91659,1.37108,0.09053,0.00083,0.00016,
28.404,5.09625,0.01736,3.08044,0.17607,0.08845,0.00083,0.00016,
28.405,5.09625,0.01882,2.06640,1.09067,0.09591,0.00083,0.00016,
28.406,5.09875,0.01924,3.21820,0.00326,0.09809,0.00083,0.00016,
28.407,5.10125,0.01777,1.67920,1.67594,0.09067,0.00083,0.00016,
28.408,5.10125,0.01924,1.63600,2.96795,0.09813,0.00083,0.00016,
28.409,5.09875,0.01924,1.62377,3.01767,0.09809,0.00083,0.00016,
28.410,5.09875,0.01882,1.62377,3.01767,0.09595,0.00083,0.00016,
28.411,5.09750,0.01861,1.34904,0.00326,0.09486,0.00083,0.00016,
28.412,5.09750,0.01903,1.37268,2.04597,0.09700,0.00083,0.00016,
28.413,5.09500,0.01882,1.91066,1.20476,0.09588,0.00083,0.00016,
28.414,5.09750,0.01840,1.18194,1.47620,0.09380,0.00083,0.00016,
28.415,5.09750,0.01903,2.09325,0.03587,0.09700,0.00083,0.00016,
28.416,5.09750,0.01882,1.62292,2.84806,0.09593,0.00083,0.00016,
28.417,5.09750,0.01882,1.37920,1.67509,0.09593,0.00083,0.00016,
28.418,5.09625,0.01882,0.46544,0.97734,0.09591,0.00083,0.00016,
28.419,5.09625,0.01819,2.03375,2.16172,0.09271,0.00083,0.00016,
28.420,5.09875,0.01819,2.45354,1.90822,0.09275,0.00083,0.00016,
28.421,5.09875,0.01756,2.45354,1.90822,0.08956,0.00083,0.00016,
28.422,5.09625,0.01819,1.61314,1.19172,0.09271,0.00083,0.00016,
28.423,5.09750,0.01736,3.05348,0.00408,0.08847,0.00083,0.00016,
28.424,5.09625,0.01840,1.93023,0.00897,0.09377,0.00083,0.00016,
28.425,5.09625,0.01861,1.88214,0.03750,0.09484,0.00083,0.00016,
28.426,5.09625,0.01819,2.35817,1.64330,0.09271,0.00083,0.00016,
28.427,5.09875,0.01819,2.50571,0.74666,0.09275,0.00083,0.00016,
28.428,5.10000,0.01861,2.46006,1.64330,0.09491,0.00083,0.00016,
28.429,5.09625,0.01903,2.04679,2.15195,0.09697,0.00083,0.00016,
28.430,5.09625,0.01819,1.62211,3.00702,0.09271,0.00083,0.00016,
28.431,5.09750,0.01924,2.49022,0.77927,0.09806,0.00083,0.00016,
28.432,5.09625,0.01861,2.49022,0.77927,0.09484,0.00083,0.00016,
28.433,5.09625,0.01840,2.82932,2.79834,0.09377,0.00083,0.00016,
28.434,5.09625,0.01903,1.23411,1.52919,0.09697,0.00083,0.00016,
28.435,5.09625,0.01903,1.72645,2.12342,0.09697,0.00083,0.00016,
28.436,5.10000,0.01903,2.61902,2.73476,0.09704,0.00083,0.00016,
28.437,5.09750,0.01756,1.80959,1.00017,0.08953,0.00083,0.00016,
28.438,5.09625,0.01903,1.70607,0.00082,0.09697,0.00083,0.00016,
28.439,5.09875,0.01861,1.05396,1.80552,0.09489,0.00083,0.00016,
28.440,5.09750,0.01777,1.51451,1.77373,0.09060,0.00083,0.00016,
28.441,5.09750,0.01756,1.73867,2.52120,0.08953,0.00083,0.00016,
28.442,5.09750,0.01903,2.19270,1.18520,0.09700,0.00083,0.00016,
28.443,5.09875,0.01736,2.19270,1.18520,0.08849,0.00083,0.00016,
28.444,5.09875,0.01694,3.09590,0.51598,0.08636,0.00083,0.00016,
28.445,5.09625,0.01694,1.03197,1.48519,0.08632,0.00083,0.00016,
28.446,5.09875,0.01819,2.56362,1.91721,0.09275,0.00083,0.00016,
28.447,5.09875,0.01840,2.14789,1.12489,0.09382,0.00083,0.00016,
28.448,5.10125,0.01673,1.67430,1.87727,0.08533,0.00083,0.00016,
28.449,5.09875,0.01736,1.99465,2.71523,0.08849,0.00083,0.00016,
28.450,5.09625,0.01756,1.55773,1.82265,0.08951,0.00083,0.00016,
28.451,5.09750,0.01777,1.78027,0.00163,0.09060,0.00083,0.00016,
28.452,5.09750,0.01798,1.76804,1.05805,0.09167,0.00083,0.00016,
28.453,5.09750,0.01945,1.70038,0.00000,0.09913,0.00083,0.00016,
28.454,5.09875,0.01945,1.70038,0.00000,0.09915,0.00083,0.00016,
28.455,5.09875,0.01966,2.66554,0.61625,0.10022,0.00083,0.00016,
28.456,5.09875,0.01819,2.30117,1.28957,0.09275,0.00083,0.00016,
28.457,5.10000,0.01903,2.01423,1.34255,0.09704,0.00083,0.00016,
28.458,5.09625,0.01882,0.83716,1.10371,0.09591,0.00083,0.00016,
28.459,5.09625,0.01756,2.62723,1.84876,0.08951,0.00083,0.00016,
28.460,5.09875,0.01861,0.58935,1.33032,0.09489,0.00083,0.00016,
28.461,5.09500,0.01882,1.66454,1.15833,0.09588,0.00083,0.00016,
28.462,5.09500,0.01840,1.79333,1.60829,0.09375,0.00083,0.00016,
28.463,5.09750,0.01840,3.05681,0.00489,0.09380,0.00083,0.00016,
28.464,5.09750,0.01798,1.91316,0.00489,0.09167,0.00083,0.00016,
28.465,5.10000,0.01840,1.91316,0.00489,0.09384,0.00083,0.00016,
28.466,5.09875,0.01715,2.23931,0.00408,0.08742,0.00083,0.00016,
28.467,5.09750,0.01715,2.39827,0.99208,0.08740,0.00083,0.00016,
28.468,5.09750,0.01798,1.74775,0.00978,0.09167,0.00083,0.00016,
28.469,5.09625,0.01861,2.76103,0.53639,0.09484,0.00083,0.00016,
28.470,5.09750,0.01736,3.06346,0.02201,0.08847,0.00083,0.00016,
28.471,5.09750,0.01840,1.59450,2.79200,0.09380,0.00083,0.00016,
28.472,5.09875,0.01840,2.17328,1.17631,0.09382,0.00083,0.00016,
28.473,5.09875,0.01777,2.06731,0.00000,0.09062,0.00083,0.00016,
28.474,5.09625,0.01736,3.10748,0.00897,0.08845,0.00083,0.00016,
28.475,5.09750,0.01840,2.29882,0.22662,0.09380,0.00083,0.00016,
28.476,5.09750,0.01840,2.29882,0.22662,0.09380,0.00083,0.00016,
28.477,5.10000,0.01819,1.58313,1.76737,0.09278,0.00083,0.00016,
28.478,5.09875,0.01861,0.88776,1.92633,0.09489,0.00083,0.00016,
28.479,5.09750,0.01819,0.56168,1.26846,0.09273,0.00083,0.00016,
28.480,5.09750,0.01924,1.10460,1.18449,0.09806,0.00083,0.00016,
28.481,5.10000,0.01924,2.69833,0.60488,0.09811,0.00083,0.00016,
28.482,5.10000,0.01798,2.19617,1.17064,0.09171,0.00083,0.00016,
28.483,5.10000,0.01882,2.52959,2.03068,0.09598,0.00083,0.00016,
28.484,5.09875,0.01924,2.40404,0.00734,0.09809,0.00083,0.00016,
28.485,5.09750,0.01736,2.05921,0.07826,0.08847,0.00083,0.00016,
28.486,5.09500,0.01840,0.88287,0.97173,0.09375,0.00083,0.00016,
28.487,5.09625,0.01819,0.88287,0.97173,0.09271,0.00083,0.00016,
28.488,5.09875,0.01840,2.97725,0.00815,0.09382,0.00083,0.00016,
28.489,5.09875,0.01861,1.63292,0.00489,0.09489,0.00083,0.00016,
28.490,5.09750,0.01861,1.90847,2.36500,0.09486,0.00083,0.00016,
28.491,5.09625,0.01882,2.81420,2.79545,0.09591,0.00083,0.00016,
28.492,5.09625,0.01798,2.01200,1.26851,0.09164,0.00083,0.00016,
28.493,5.09750,0.01819,0.50137,1.12503,0.09273,0.00083,0.00016,
28.494,5.09750,0.01798,1.98266,0.00245,0.09167,0.00083,0.00016,
28.495,5.09625,0.01756,2.86963,1.94189,0.08951,0.00083,0.00016,
28.496,5.09750,0.01819,2.61120,1.83347,0.09273,0.00083,0.00016,
28.497,5.09875,0.01819,1.85792,1.30356,0.09275,0.00083,0.00016,
28.498,5.09875,0.01798,1.85792,1.30356,0.09169,0.00083,0.00016,
28.499,5.09750,0.01798,3.12449,0.00816,0.09167,0.00083,0.00016,
28.500,5.09750,0.01903,1.61322,2.83414,0.09700,0.00083,0.00016,
28.501,5.09875,0.01903,1.86931,2.29504,0.09702,0.00083,0.00016,
28.502,5.09625,0.01840,2.17271,0.50729,0.09377,0.00083,0.00016,
28.503,5.09750,0.01903,3.05679,0.49098,0.09700,0.00083,0.00016,
28.504,5.09750,0.01882,2.41167,0.00652,0.09593,0.00083,0.00016,
28.505,5.09625,0.01861,2.03814,0.62473,0.09484,0.00083,0.00016,
28.506,5.09875,0.01882,1.68254,1.88399,0.09595,0.00083,0.00016,
28.507,5.09875,0.01882,2.29667,0.91508,0.09595,0.00083,0.00016,
28.508,5.09875,0.01882,1.00887,1.56428,0.09595,0.00083,0.00016,
28.509,5.09750,0.01882,1.00887,1.56428,0.09593,0.00083,0.00016,
28.510,5.10000,0.01819,2.21918,0.00489,0.09278,0.00083,0.00016,
28.511,5.09875,0.01945,1.89051,1.44031,0.09915,0.00083,0.00016,
28.512,5.09750,0.01777,1.42808,0.71771,0.09060,0.00083,0.00016,
28.513,5.09750,0.01736,1.95983,0.00000,0.08847,0.00083,0.00016,
28.514,5.09500,0.01903,1.45417,0.00979,0.09695,0.00083,0.00016,
28.515,5.09750,0.01840,2.73708,0.56601,0.09380,0.00083,0.00016,
28.516,5.09750,0.01694,0.80905,1.53899,0.08634,0.00083,0.00016,
28.517,5.09875,0.01694,2.23550,1.38567,0.08636,0.00083,0.00016,
28.518,5.09875,0.01798,3.07391,0.03018,0.09169,0.00083,0.00016,
28.519,5.09750,0.01945,3.07391,0.03018,0.09913,0.00083,0.00016,
28.520,5.09750,0.01945,2.31053,1.69966,0.09913,0.00083,0.00016,
28.521,5.09375,0.01819,2.31053,1.69966,0.09266,0.00083,0.00016,
28.522,5.10000,0.01882,1.70373,2.42551,0.09598,0.00083,0.00016,
28.523,5.09875,0.01966,2.18002,1.93453,0.10022,0.00083,0.00016,
28.524,5.09875,0.01840,0.90610,0.85798,0.09382,0.00083,0.00016,
28.525,5.09875,0.01882,2.63185,0.84656,0.09595,0.00083,0.00016,
28.526,5.10000,0.01882,0.69242,1.83830,0.09598,0.00083,0.00016,
28.527,5.09500,0.01882,1.66947,1.89294,0.09588,0.00083,0.00016,
28.528,5.09625,0.01736,2.00386,2.70443,0.08845,0.00083,0.00016,
28.529,5.09750,0.01798,2.14087,1.45498,0.09167,0.00083,0.00016,
28.530,5.09625,0.01777,1.87255,3.00864,0.09058,0.00083,0.00016,
28.531,5.09875,0.01777,0.92730,1.29105,0.09062,0.00083,0.00016,
28.532,5.09625,0.01819,0.92730,1.29105,0.09271,0.00083,0.00016,
28.533,5.09625,0.01840,0.90769,1.31791,0.09377,0.00083,0.00016,
28.534,5.09625,0.01861,1.57725,1.72486,0.09484,0.00083,0.00016,
28.535,5.09625,0.01861,2.66925,2.45966,0.09484,0.00083,0.00016,
28.536,5.09750,0.01798,1.42882,1.56338,0.09167,0.00083,0.00016,
28.537,5.09750,0.01819,1.73138,2.78669,0.09273,0.00083,0.00016,
28.538,5.09750,0.01819,1.93853,1.41251,0.09273,0.00083,0.00016,
28.539,5.09750,0.01777,0.65406,1.94098,0.09060,0.00083,0.00016,
28.540,5.10000,0.01777,1.80804,2.57872,0.09064,0.00083,0.00016,
28.541,5.09750,0.01903,2.33733,1.52750,0.09700,0.00083,0.00016,
28.542,5.09250,0.01882,2.02416,0.00408,0.09584,0.00083,0.00016,
28.543,5.09500,0.01798,2.02416,0.00408,0.09162,0.00083,0.00016,
28.544,5.09500,0.01945,3.07915,0.06034,0.09908,0.00083,0.00016,
28.545,5.09500,0.01945,1.91387,0.90923,0.09908,0.00083,0.00016,
28.546,5.09750,0.01903,1.74914,0.92472,0.09700,0.00083,0.00016,
28.547,5.09750,0.01840,1.18322,1.67331,0.09380,0.00083,0.00016,
28.548,5.09500,0.01861,1.47189,0.69884,0.09482,0.00083,0.00016,
28.549,5.09625,0.01861,2.86713,2.56460,0.09484,0.00083,0.00016,
28.550,5.10125,0.01736,1.41318,0.07502,0.08853,0.00083,0.00016,
28.551,5.09875,0.01777,1.28515,1.61133,0.09062,0.00083,0.00016,
28.552,5.09500,0.01736,2.37786,0.85133,0.08843,0.00083,0.00016,
28.553,5.09500,0.01882,1.68635,0.00163,0.09588,0.00083,0.00016,
28.554,5.09875,0.01882,1.68635,0.00163,0.09595,0.00083,0.00016,
28.555,5.09875,0.01756,1.62407,0.62533,0.08956,0.00083,0.00016,
28.556,5.09625,0.01840,2.84539,2.51601,0.09377,0.00083,0.00016,
28.557,5.09750,0.01840,0.70931,1.48384,0.09380,0.00083,0.00016,
28.558,5.10000,0.01777,2.24125,1.58249,0.09064,0.00083,0.00016,
28.559,5.09750,0.01798,2.78750,2.42469,0.09167,0.00083,0.00016,
28.560,5.09500,0.01882,1.60695,0.00245,0.09588,0.00083,0.00016,
28.561,5.09750,0.01819,3.08835,0.53157,0.09273,0.00083,0.00016,
28.562,5.09750,0.01861,0.75497,1.13652,0.09486,0.00083,0.00016,
28.563,5.09500,0.01861,1.05255,1.35910,0.09482,0.00083,0.00016,
28.564,5.09875,0.01903,1.68277,1.89230,0.09702,0.00083,0.00016,
28.565,5.09625,0.01945,1.68277,1.89230,0.09910,0.00083,0.00016,
28.566,5.09750,0.01756,3.08382,0.13043,0.08953,0.00083,0.00016,
28.567,5.09875,0.01903,1.04995,1.13310,0.09702,0.00083,0.00016,
28.568,5.09625,0.01882,1.92300,1.83578,0.09591,0.00083,0.00016,
28.569,5.09750,0.01861,2.97051,2.71373,0.09486,0.00083,0.00016,
28.570,5.09750,0.01966,0.76138,1.33934,0.10019,0.00083,0.00016,
28.571,5.09750,0.01986,0.52497,1.15918,0.10126,0.00083,0.00016,
28.572,5.09750,0.01986,1.27820,1.61487,0.10126,0.00083,0.00016,
28.573,5.09750,0.01819,3.11561,0.00815,0.09273,0.00083,0.00016,
28.574,5.09750,0.01819,0.78828,1.24559,0.09273,0.00083,0.00016,
28.575,5.09750,0.01903,2.75530,0.53476,0.09700,0.00083,0.00016,
28.576,5.09750,0.01819,2.75530,0.53476,0.09273,0.00083,0.00016,
28.577,5.09875,0.01756,3.08056,0.07011,0.08956,0.00083,0.00016,
28.578,5.09625,0.01840,2.37543,1.62791,0.09377,0.00083,0.00016,
28.579,5.09875,0.01736,2.14881,1.96377,0.08849,0.00083,0.00016,
28.580,5.09875,0.01694,0.57307,1.30592,0.08636,0.00083,0.00016,
28.581,5.09750,0.01694,1.94420,0.00734,0.08634,0.00083,0.00016,
28.582,5.09875,0.01756,3.09279,0.57226,0.08956,0.00083,0.00016,
28.583,5.09750,0.01966,1.69802,1.23907,0.10019,0.00083,0.00016,
28.584,5.09625,0.01882,3.08382,0.17608,0.09591,0.00083,0.00016,
28.585,5.09750,0.01840,1.36950,0.13858,0.09380,0.00083,0.00016,
28.586,5.10000,0.01924,2.60287,0.00897,0.09811,0.00083,0.00016,
28.587,5.09875,0.01924,2.60287,0.00897,0.09809,0.00083,0.00016,
28.588,5.09500,0.01673,3.08220,0.12391,0.08523,0.00083,0.00016,
28.589,5.09500,0.01861,1.76894,0.57063,0.09482,0.00083,0.00016,
28.590,5.09875,0.01861,0.64399,1.47385,0.09489,0.00083,0.00016,
28.591,5.09625,0.01777,3.07486,1.87981,0.09058,0.00083,0.00016,
28.592,5.10125,0.01840,1.15511,1.24967,0.09387,0.00083,0.00016,
28.593,5.09750,0.01798,1.73226,1.96621,0.09167,0.00083,0.00016,
28.594,5.09750,0.01840,1.92301,0.00082,0.09380,0.00083,0.00016,
28.595,5.09750,0.01631,2.19528,1.15674,0.08314,0.00083,0.00016,
28.596,5.09625,0.01840,0.67008,1.49667,0.09377,0.00083,0.00016,
28.597,5.09500,0.01777,1.15022,1.24070,0.09056,0.00083,0.00016,
28.598,5.09500,0.01840,1.15022,1.24070,0.09375,0.00083,0.00016,
28.599,5.09875,0.01840,1.45347,0.00163,0.09382,0.00083,0.00016,
28.600,5.09750,0.01819,3.08464,0.19483,0.09273,0.00083,0.00016,
28.601,5.09750,0.01756,3.06834,0.01712,0.08953,0.00083,0.00016,
28.602,5.09750,0.01715,1.34505,0.00326,0.08740,0.00083,0.00016,
28.603,5.09500,0.01840,0.44346,1.03039,0.09375,0.00083,0.00016,
28.604,5.09500,0.01777,1.99719,0.00978,0.09056,0.00083,0.00016,
28.605,5.09875,0.01715,2.06159,1.10946,0.08742,0.00083,0.00016,
28.606,5.09875,0.01840,2.27680,0.00408,0.09382,0.00083,0.00016,
28.607,5.09875,0.01882,2.85313,1.65155,0.09595,0.00083,0.00016,
28.608,5.09500,0.01882,1.00593,1.15185,0.09588,0.00083,0.00016,
28.609,5.09750,0.01819,1.00593,1.15185,0.09273,0.00083,0.00016,
28.610,5.09625,0.01924,3.07486,0.03424,0.09804,0.00083,0.00016,
28.611,5.09875,0.01924,1.46814,1.63281,0.09809,0.00083,0.00016,
28.612,5.09875,0.01736,0.50867,1.12984,0.08849,0.00083,0.00016,
28.613,5.09875,0.01903,1.31407,0.00734,0.09702,0.00083,0.00016,
28.614,5.09750,0.01861,1.19098,1.29858,0.09486,0.00083,0.00016,
28.615,5.09625,0.01673,1.19424,1.59042,0.08525,0.00083,0.00016,
28.616,5.09625,0.01903,2.07545,0.00571,0.09697,0.00083,0.00016,
28.617,5.09875,0.01903,0.75078,1.36951,0.09702,0.00083,0.00016,
28.618,5.09875,0.01882,1.74286,0.00734,0.09595,0.00083,0.00016,
28.619,5.09625,0.01882,2.30859,1.69639,0.09591,0.00083,0.00016,
28.620,5.09625,0.01840,2.30859,1.69639,0.09377,0.00083,0.00016,
28.621,5.10000,0.01777,3.08221,0.12798,0.09064,0.00083,0.00016,
28.622,5.10000,0.01924,2.22137,1.37521,0.09811,0.00083,0.00016,
28.623,5.09875,0.01903,3.12949,0.00000,0.09702,0.00083,0.00016,
28.624,5.09375,0.01840,3.09362,0.67497,0.09373,0.00083,0.00016,
28.625,5.09375,0.01882,1.66460,1.72819,0.09586,0.00083,0.00016,
28.626,5.09875,0.01882,1.52765,0.00326,0.09595,0.00083,0.00016,
28.627,5.09875,0.01861,3.13927,0.00815,0.09489,0.00083,0.00016,
28.628,5.09625,0.01798,1.06300,1.78362,0.09164,0.00083,0.00016,
28.629,5.09750,0.01840,1.63689,2.98031,0.09380,0.00083,0.00016,
28.630,5.09625,0.01819,1.86025,0.00000,0.09271,0.00083,0.00016,
28.631,5.09500,0.01777,1.86025,0.00000,0.09056,0.00083,0.00016,
28.632,5.09500,0.01945,3.08954,0.29754,0.09908,0.00083,0.00016,
28.633,5.09750,0.01840,1.48852,1.80400,0.09380,0.00083,0.00016,
28.634,5.09750,0.01819,3.06753,0.01386,0.09273,0.00083,0.00016,
28.635,5.10000,0.01819,1.47792,0.07011,0.09278,0.00083,0.00016,
28.636,5.09875,0.01882,0.77442,1.49667,0.09595,0.00083,0.00016,
28.637,5.09500,0.01882,2.20099,0.00326,0.09588,0.00083,0.00016,
28.638,5.09625,0.01819,0.75404,2.02899,0.09271,0.00083,0.00016,
28.639,5.09875,0.01756,2.28740,1.77302,0.08956,0.00083,0.00016,
28.640,5.09875,0.01840,2.02817,0.00163,0.09382,0.00083,0.00016,
28.641,5.09500,0.01736,2.18795,0.00571,0.08843,0.00083,0.00016,
28.642,5.09750,0.01715,2.18795,0.00571,0.08740,0.00083,0.00016,
28.643,5.09750,0.01819,3.08301,1.82111,0.09273,0.00083,0.00016,
28.644,5.09875,0.01819,0.52090,1.14370,0.09275,0.00083,0.00016,
28.645,5.09625,0.01756,1.88225,1.46325,0.08951,0.00083,0.00016,
28.646,5.09625,0.01736,1.99149,1.38662,0.08845,0.00083,0.00016,
28.647,5.09875,0.01840,1.12006,0.30325,0.09382,0.00083,0.00016,
28.648,5.09875,0.01861,0.64481,1.02957,0.09489,0.00083,0.00016,
28.649,5.09750,0.01903,1.95317,1.23907,0.09700,0.00083,0.00016,
28.650,5.09750,0.01861,1.90671,0.00652,0.09486,0.00083,0.00016,
28.651,5.09875,0.01903,1.07685,0.39618,0.09702,0.00083,0.00016,
28.652,5.09875,0.01924,2.04447,0.00571,0.09809,0.00083,0.00016,
28.653,5.09875,0.01924,2.04447,0.00571,0.09809,0.00083,0.00016,
28.654,5.09875,0.01798,1.99148,2.26457,0.09169,0.00083,0.00016,
28.655,5.09750,0.01819,3.10502,1.03120,0.09273,0.00083,0.00016,
28.656,5.09750,0.01819,2.22952,0.00326,0.09273,0.00083,0.00016,
28.657,5.09625,0.01840,1.54966,0.00163,0.09377,0.00083,0.00016,
28.658,5.09500,0.01756,1.08011,1.16000,0.08949,0.00083,0.00016,
28.659,5.09625,0.01882,2.80829,2.81237,0.09591,0.00083,0.00016,
28.660,5.09750,0.01756,2.22870,0.00734,0.08953,0.00083,0.00016,
28.661,5.09750,0.01798,3.15964,0.01060,0.09167,0.00083,0.00016,
28.662,5.09625,0.01798,2.03876,0.00000,0.09164,0.00083,0.00016,
28.663,5.09750,0.01777,3.07404,0.06603,0.09060,0.00083,0.00016,
28.664,5.09750,0.01777,3.07404,0.06603,0.09060,0.00083,0.00016,
28.665,5.09375,0.01861,1.71432,1.00593,0.09479,0.00083,0.00016,
28.666,5.09625,0.01819,3.08137,0.17037,0.09271,0.00083,0.00016,
28.667,5.10000,0.01840,1.41922,2.50015,0.09384,0.00083,0.00016,
28.668,5.09750,0.01966,2.81970,2.46917,0.10019,0.00083,0.00016,
28.669,5.09750,0.01736,2.13658,1.98414,0.08847,0.00083,0.00016,
28.670,5.09750,0.01840,3.09930,0.01141,0.09380,0.00083,0.00016,
28.671,5.09750,0.01840,3.07974,0.15814,0.09380,0.00083,0.00016,
28.672,5.09750,0.01861,1.84882,0.00163,0.09486,0.00083,0.00016,
28.673,5.09375,0.01798,3.06343,0.01386,0.09160,0.00083,0.00016,
28.674,5.09750,0.01945,0.47932,0.91463,0.09913,0.00083,0.00016,
28.675,5.09750,0.01882,0.47932,0.91463,0.09593,0.00083,0.00016,
28.676,5.09625,0.01777,1.25455,1.16080,0.09058,0.00083,0.00016,
28.677,5.09625,0.01945,2.02815,2.19852,0.09910,0.00083,0.00016,
28.678,5.09750,0.01924,2.19607,0.00163,0.09806,0.00083,0.00016,
28.679,5.09625,0.01777,3.07401,0.04728,0.09058,0.00083,0.00016,
28.680,5.09625,0.01777,0.65703,1.48769,0.09058,0.00083,0.00016,
28.681,5.09750,0.01756,0.65703,1.48769,0.08953,0.00083,0.00016,
28.682,5.09625,0.01777,2.20178,0.00408,0.09058,0.00083,0.00016,
28.683,5.09625,0.01840,3.04548,1.13798,0.09377,0.00084,0.00016,
28.684,5.09750,0.01777,2.81805,2.46997,0.09060,0.00084,0.00016,
28.685,5.09625,0.01798,1.42655,1.48687,0.09164,0.00084,0.00016,
28.686,5.09625,0.01966,2.19607,0.00489,0.10017,0.00084,0.00016,
28.687,5.09500,0.01945,2.19607,0.00489,0.09908,0.00084,0.00016,
28.688,5.09500,0.01840,3.09096,0.40756,0.09375,0.00084,0.00016,
28.689,5.09500,0.01840,1.70036,1.92696,0.09375,0.00084,0.00016,
28.690,5.09500,0.01903,1.55852,0.00652,0.09695,0.00084,0.00016,
28.691,5.09750,0.01861,1.48679,0.00652,0.09486,0.00084,0.00016,
28.692,5.09500,0.01840,3.16596,0.00815,0.09375,0.00084,0.00016,
28.693,5.10125,0.01882,3.14395,0.01060,0.09600,0.00084,0.00016,
28.694,5.09750,0.01819,3.06651,0.01712,0.09273,0.00084,0.00016,
28.695,5.09750,0.01882,1.63433,1.70851,0.09593,0.00084,0.00016,
28.696,5.09625,0.01861,1.91963,0.00082,0.09484,0.00084,0.00016,
28.697,5.09750,0.01861,0.86730,1.41751,0.09486,0.00084,0.00016,
28.698,5.09750,0.01882,0.86730,1.41751,0.09593,0.00084,0.00016,
28.699,5.09875,0.01882,3.07474,0.03340,0.09595,0.00084,0.00016,
28.700,5.09875,0.01840,1.61558,0.94344,0.09382,0.00084,0.00016,
28.701,5.09500,0.01840,0.83834,1.48278,0.09375,0.00084,0.00016,
28.702,5.09750,0.01840,2.36920,2.57206,0.09380,0.00084,0.00016,
28.703,5.10000,0.01777,3.06741,0.02689,0.09064,0.00084,0.00016,
28.704,5.09875,0.01777,2.04820,0.00407,0.09062,0.00084,0.00016,
28.705,5.09750,0.01903,2.44822,0.79924,0.09700,0.00084,0.00016,
28.706,5.09750,0.01715,3.08778,0.19472,0.08740,0.00084,0.00016,
28.707,5.09750,0.01840,3.08859,0.37884,0.09380,0.00084,0.00016,
28.708,5.09500,0.01840,1.49826,0.74628,0.09375,0.00084,0.00016,
28.709,5.09875,0.01882,1.49826,0.74628,0.09595,0.00084,0.00016,
28.710,5.09750,0.01882,2.11767,2.40926,0.09593,0.00084,0.00016,
28.711,5.09750,0.01715,0.78435,2.00446,0.08740,0.00084,0.00016,
28.712,5.09750,0.01756,0.64426,1.98572,0.08953,0.00084,0.00016,
28.713,5.09750,0.01945,3.08772,0.00977,0.09913,0.00084,0.00016,
28.714,5.10125,0.01903,1.72346,0.00163,0.09707,0.00084,0.00016,
28.715,5.09625,0.01798,2.34084,1.64527,0.09164,0.00084,0.00016,
28.716,5.09625,0.01945,1.67540,1.91893,0.09910,0.00084,0.00016,
28.717,5.09625,0.01945,3.07062,1.87006,0.09910,0.00084,0.00016,
28.718,5.09875,0.01903,3.16266,0.00977,0.09702,0.00084,0.00016,
28.719,5.10125,0.01840,2.02726,0.00326,0.09387,0.00084,0.00016,
28.720,5.09750,0.01903,2.02726,0.00326,0.09700,0.00084,0.00016,
28.721,5.09875,0.01903,3.18057,0.01059,0.09702,0.00084,0.00016,
28.722,5.09875,0.01715,2.16083,0.00652,0.08742,0.00084,0.00016,
28.723,5.09750,0.01777,3.07876,0.15475,0.09060,0.00084,0.00016,
28.724,5.09750,0.01882,3.06410,0.01710,0.09593,0.00084,0.00016,
28.725,5.09750,0.01840,2.95007,2.09404,0.09380,0.00084,0.00016,
28.726,5.09625,0.01840,1.86191,1.48236,0.09377,0.00084,0.00016,
28.727,5.10000,0.01736,1.47666,0.00326,0.08851,0.00084,0.00016,
28.728,5.09625,0.01777,3.08201,0.26471,0.09058,0.00084,0.00016,
28.729,5.09750,0.01819,3.06084,0.01629,0.09273,0.00084,0.00016,
28.730,5.09625,0.01819,1.98001,0.00407,0.09271,0.00084,0.00016,
28.731,5.09750,0.01694,1.98001,0.00407,0.08634,0.00084,0.00016,
28.732,5.09875,0.01882,3.08449,0.17593,0.09595,0.00084,0.00016,
28.733,5.09750,0.01819,2.66503,0.60273,0.09273,0.00084,0.00016,
28.734,5.09750,0.01819,3.07309,0.07168,0.09273,0.00084,0.00016,
28.735,5.09875,0.01819,0.97251,0.40888,0.09275,0.00084,0.00016,
28.736,5.09875,0.01861,1.06536,1.59885,0.09489,0.00084,0.00016,
28.737,5.10000,0.01903,3.14395,0.00896,0.09704,0.00084,0.00016,
28.738,5.09875,0.01798,1.84565,0.00652,0.09169,0.00084,0.00016,
28.739,5.09875,0.01903,1.89859,0.00489,0.09702,0.00084,0.00016,
28.740,5.09750,0.01903,2.30747,0.00814,0.09700,0.00084,0.00016,
28.741,5.09875,0.01798,0.69232,1.86601,0.09169,0.00084,0.00016,
28.742,5.09625,0.01882,0.69232,1.86601,0.09591,0.00084,0.00016,
28.743,5.09625,0.01945,2.30018,1.81555,0.09910,0.00084,0.00016,
28.744,5.09625,0.01945,2.11285,0.00163,0.09910,0.00084,0.00016,
28.745,5.09875,0.01777,1.62332,1.71862,0.09062,0.00084,0.00016,
28.746,5.09750,0.01798,2.10552,0.02606,0.09167,0.00084,0.00016,
28.747,5.09375,0.01736,1.32684,0.00081,0.08840,0.00084,0.00016,
28.748,5.09500,0.01819,0.53839,1.08412,0.09269,0.00084,0.00016,
28.749,5.09625,0.01798,3.13180,0.00733,0.09164,0.00084,0.00016,
28.750,5.09625,0.01736,1.90107,0.00652,0.08845,0.00084,0.00016,
28.751,5.09625,0.01861,1.57364,1.38793,0.09484,0.00084,0.00016,
28.752,5.09625,0.01882,3.06257,0.02688,0.09591,0.00084,0.00016,
28.753,5.09500,0.01882,3.06257,0.02688,0.09588,0.00084,0.00016,
28.754,5.09875,0.01777,3.09362,0.34048,0.09062,0.00084,0.00016,
28.755,5.09500,0.01882,1.98340,0.19223,0.09588,0.00084,0.00016,
28.756,5.09625,0.01882,1.72926,0.00733,0.09591,0.00084,0.00016,
28.757,5.09875,0.01736,2.87043,1.56391,0.08849,0.00084,0.00016,
28.758,5.09750,0.01903,3.08791,0.46347,0.09700,0.00084,0.00016,
28.759,5.10000,0.01861,1.73822,0.08064,0.09491,0.00084,0.00016,
28.760,5.09625,0.01777,2.23672,0.00489,0.09058,0.00084,0.00016,
28.761,5.09625,0.01945,1.06379,0.43578,0.09910,0.00084,0.00016,
28.762,5.09625,0.01945,1.73660,0.00326,0.09910,0.00084,0.00016,
28.763,5.10000,0.01882,1.26253,1.17945,0.09598,0.00084,0.00016,
28.764,5.09750,0.01819,1.26253,1.17945,0.09273,0.00084,0.00016,
28.765,5.09750,0.01882,2.38750,2.57404,0.09593,0.00084,0.00016,
28.766,5.10000,0.01903,2.15454,2.94222,0.09704,0.00084,0.00016,
28.767,5.09875,0.01819,1.85966,0.00407,0.09275,0.00084,0.00016,
28.768,5.09750,0.01819,0.38773,1.18438,0.09273,0.00084,0.00016,
28.769,5.10000,0.01777,3.06034,0.01385,0.09064,0.00084,0.00016,
28.770,5.10000,0.01840,3.08314,0.17024,0.09384,0.00084,0.00016,
28.771,5.09625,0.01840,2.47955,1.96637,0.09377,0.00084,0.00016,
28.772,5.09500,0.01777,1.08826,1.63973,0.09056,0.00084,0.00016,
28.773,5.09875,0.01777,3.06685,1.73177,0.09062,0.00084,0.00016,
28.774,5.09500,0.01861,2.96666,1.09152,0.09482,0.00084,0.00016,
28.775,5.09750,0.01694,2.96666,1.09152,0.08634,0.00084,0.00016,
28.776,5.09625,0.01777,1.27093,1.38498,0.09058,0.00084,0.00016,
28.777,5.09875,0.01861,0.69331,1.49904,0.09489,0.00084,0.00016,
28.778,5.09625,0.01903,3.08851,0.46438,0.09697,0.00084,0.00016,
28.779,5.09625,0.01798,0.72345,0.81633,0.09164,0.00084,0.00016,
28.780,5.09625,0.01798,0.75522,1.34995,0.09164,0.00084,0.00016,
28.781,5.09625,0.01777,1.90720,0.00815,0.09058,0.00084,0.00016,
28.782,5.09625,0.01819,1.23508,0.04888,0.09271,0.00084,0.00016,
28.783,5.09750,0.01798,2.12310,0.00000,0.09167,0.00084,0.00016,
28.784,5.09500,0.01756,0.42772,1.33692,0.08949,0.00084,0.00016,
28.785,5.09625,0.01798,2.44327,0.82284,0.09164,0.00084,0.00016,
28.786,5.09750,0.01756,2.44327,0.82284,0.08953,0.00084,0.00016,
28.787,5.09625,0.01673,2.49249,2.55278,0.08525,0.00084,0.00016,
28.788,5.09625,0.01798,2.18368,0.00163,0.09164,0.00084,0.00016,
28.789,5.09500,0.01798,3.06774,0.04074,0.09162,0.00084,0.00016,
28.790,5.09750,0.01861,0.65755,2.04760,0.09486,0.00084,0.00016,
28.791,5.09625,0.01736,1.59783,1.83412,0.08845,0.00084,0.00016,
28.792,5.09750,0.01840,3.08892,0.48644,0.09380,0.00084,0.00016,
28.793,5.09750,0.01819,3.07100,0.07170,0.09273,0.00084,0.00016,
28.794,5.09875,0.01798,3.07589,0.12711,0.09169,0.00084,0.00016,
28.795,5.09500,0.01819,2.43382,0.84740,0.09269,0.00084,0.00016,
28.796,5.09875,0.01924,0.58992,1.33628,0.09809,0.00084,0.00016,
28.797,5.09875,0.01840,0.58992,1.33628,0.09382,0.00084,0.00016,
28.798,5.09375,0.01840,0.60404,0.84125,0.09373,0.00084,0.00016,
28.799,5.09625,0.01798,2.21724,0.00245,0.09164,0.00084,0.00016,
28.800,5.09625,0.01777,3.06420,0.01060,0.09058,0.00084,0.00016,
28.801,5.09625,0.01903,1.62951,0.00326,0.09697,0.00084,0.00016,
28.802,5.09625,0.01924,3.07235,0.05625,0.09804,0.00084,0.00016,
28.803,5.09750,0.01736,1.86591,2.03546,0.08847,0.00084,0.00016,
28.804,5.09875,0.01945,3.07968,0.15896,0.09915,0.00084,0.00016,
28.805,5.09500,0.01861,2.21398,1.72325,0.09482,0.00084,0.00016,
28.806,5.09500,0.01798,3.08620,1.47218,0.09162,0.00084,0.00016,
28.807,5.09625,0.01798,2.06725,0.00245,0.09164,0.00084,0.00016,
28.808,5.09875,0.01903,2.06725,0.00245,0.09702,0.00084,0.00016,
28.809,5.10125,0.01966,2.10417,2.29168,0.10027,0.00084,0.00016,
28.810,5.09625,0.01840,1.78051,0.00978,0.09377,0.00084,0.00016,
28.811,5.09625,0.01736,0.99869,0.63671,0.08845,0.00084,0.00016,
28.812,5.09500,0.01756,0.65465,2.32510,0.08949,0.00084,0.00016,
28.813,5.09500,0.01903,3.09226,0.49404,0.09695,0.00084,0.00016,
28.814,5.09625,0.01840,3.07921,0.11414,0.09377,0.00084,0.00016,
28.815,5.09625,0.01840,2.15471,1.19516,0.09377,0.00084,0.00016,
28.816,5.09750,0.01840,1.96721,0.00897,0.09380,0.00084,0.00016,
28.817,5.09500,0.01903,3.08736,0.54459,0.09695,0.00084,0.00016,
28.818,5.09875,0.01840,3.08492,1.34680,0.09382,0.00084,0.00016,
28.819,5.09875,0.01819,3.08492,1.34680,0.09275,0.00084,0.00016,
28.820,5.09375,0.01861,0.50145,1.18309,0.09479,0.00084,0.00016,
28.821,5.09875,0.01903,1.08769,1.16841,0.09702,0.00084,0.00016,
28.822,5.09875,0.01840,3.19215,0.01305,0.09382,0.00084,0.00016,
28.823,5.09875,0.01903,3.06495,0.01957,0.09702,0.00084,0.00016,
28.824,5.09750,0.01903,3.09104,0.35631,0.09700,0.00084,0.00016,
28.825,5.09750,0.01903,2.59448,1.82967,0.09700,0.00084,0.00016,
28.826,5.09875,0.01840,1.50353,0.00245,0.09382,0.00084,0.00016,
28.827,5.09625,0.01861,3.08289,0.18998,0.09484,0.00084,0.00016,
28.828,5.09625,0.01924,3.07799,1.85250,0.09804,0.00084,0.00016,
28.829,5.09750,0.01798,3.08289,0.26173,0.09167,0.00084,0.00016,
28.830,5.09625,0.01777,3.08289,0.26173,0.09058,0.00084,0.00016,
28.831,5.09750,0.01819,3.08533,0.15329,0.09273,0.00084,0.00016,
28.832,5.09875,0.01756,1.90550,0.00245,0.08956,0.00084,0.00016,
28.833,5.09750,0.01840,3.06821,0.02854,0.09380,0.00084,0.00016,
28.834,5.09750,0.01819,3.07881,0.06441,0.09273,0.00084,0.00016,
28.835,5.10000,0.01819,2.37433,1.61197,0.09278,0.00084,0.00016,
28.836,5.09750,0.01736,1.22875,0.05055,0.08847,0.00084,0.00016,
28.837,5.09500,0.01798,3.07881,0.11334,0.09162,0.00084,0.00016,
28.838,5.09500,0.01756,2.97036,0.92380,0.08949,0.00084,0.00016,
28.839,5.10000,0.01840,1.64866,0.00734,0.09384,0.00084,0.00016,
28.840,5.10000,0.01736,3.07147,0.02772,0.08851,0.00084,0.00016,
28.841,5.09625,0.01840,3.07147,0.02772,0.09377,0.00084,0.00016,
28.842,5.10000,0.01819,2.09467,1.65111,0.09278,0.00084,0.00016,
28.843,5.10000,0.01819,2.09467,1.65111,0.09278,0.00084,0.00016,
28.844,5.09625,0.01903,1.75466,0.00408,0.09697,0.00084,0.00016,
28.845,5.09875,0.01819,1.48478,1.65356,0.09275,0.00084,0.00016,
28.846,5.09875,0.01924,1.10645,1.48070,0.09809,0.00084,0.00016,
28.847,5.09875,0.01861,3.08371,0.10355,0.09489,0.00084,0.00016,
28.848,5.09875,0.01777,1.46602,0.00163,0.09062,0.00084,0.00016,
28.849,5.09625,0.01798,3.08044,0.13372,0.09164,0.00084,0.00016,
28.850,5.09625,0.01840,1.18799,1.48233,0.09377,0.00084,0.00016,
28.851,5.09500,0.01798,0.92381,1.02980,0.09162,0.00084,0.00016,
28.852,5.09500,0.01798,3.06821,0.00978,0.09162,0.00084,0.00016,
28.853,5.10000,0.01798,3.06821,0.00978,0.09171,0.00084,0.00016,
28.854,5.09625,0.01840,0.93929,1.06241,0.09377,0.00084,0.00016,
28.855,5.09875,0.01777,1.80438,1.59891,0.09062,0.00084,0.00016,
28.856,5.09750,0.01756,3.07878,0.08561,0.08953,0.00084,0.00016,
28.857,5.09875,0.01819,3.09264,0.85042,0.09275,0.00084,0.00016,
28.858,5.09750,0.01756,0.36854,1.89081,0.08953,0.00084,0.00016,
28.859,5.09625,0.01840,3.07878,0.04566,0.09377,0.00084,0.00016,
28.860,5.09625,0.01819,3.06981,0.03180,0.09271,0.00084,0.00016,
28.861,5.09625,0.01924,3.08204,0.08480,0.09804,0.00084,0.00016,
28.862,5.10000,0.01924,3.08612,1.67637,0.09811,0.00084,0.00016,
28.863,5.09875,0.01840,3.06737,0.01631,0.09382,0.00084,0.00016,
28.864,5.09750,0.01861,3.06737,0.01631,0.09486,0.00084,0.00016,
28.865,5.09750,0.01882,1.24665,1.52305,0.09593,0.00084,0.00016,
28.866,5.09875,0.01924,3.12520,0.00978,0.09809,0.00084,0.00016,
28.867,5.09500,0.01819,1.73504,0.00489,0.09269,0.00084,0.00016,
28.868,5.09875,0.01945,1.13169,0.27069,0.09915,0.00084,0.00016,
28.869,5.09625,0.01945,3.07383,0.01794,0.09910,0.00084,0.00016,
28.870,5.09625,0.01882,3.21244,0.01060,0.09591,0.00084,0.00016,
28.871,5.09500,0.01882,1.72526,0.00326,0.09588,0.00084,0.00016,
28.872,5.09750,0.01903,1.99595,0.00326,0.09700,0.00084,0.00016,
28.873,5.09500,0.01840,1.90137,0.00408,0.09375,0.00084,0.00016,
28.874,5.09625,0.01798,1.94948,0.00245,0.09164,0.00084,0.00016,
28.875,5.09250,0.01840,1.94948,0.00245,0.09371,0.00084,0.00016,
28.876,5.10000,0.01736,2.49729,2.70928,0.08851,0.00084,0.00016,
28.877,5.09500,0.01840,1.98610,0.00978,0.09375,0.00084,0.00016,
28.878,5.09750,0.01840,2.05295,0.00571,0.09380,0.00084,0.00016,
28.879,5.09750,0.01861,2.36440,2.61878,0.09486,0.00084,0.00016,
28.880,5.09875,0.01861,3.04029,1.04523,0.09489,0.00084,0.00016,
28.881,5.09875,0.01903,1.84342,2.69134,0.09702,0.00084,0.00016,
28.882,5.09500,0.01903,0.53974,1.20910,0.09695,0.00084,0.00016,
28.883,5.09500,0.01777,2.13448,1.84912,0.09056,0.00084,0.00016,
28.884,5.09625,0.01924,3.09084,0.49326,0.09804,0.00084,0.00016,
28.885,5.09625,0.01819,2.28858,1.74639,0.09271,0.00084,0.00016,
28.886,5.09625,0.01882,2.28858,1.74639,0.09591,0.00084,0.00016,
28.887,5.09750,0.01945,0.41253,1.95993,0.09913,0.00084,0.00016,
28.888,5.09750,0.01924,2.59666,2.10342,0.09806,0.00084,0.00016,
28.889,5.09750,0.01924,3.08583,0.33182,0.09806,0.00084,0.00016,
28.890,5.09625,0.01819,3.06790,0.02120,0.09271,0.00084,0.00016,
28.891,5.09750,0.01840,2.95620,1.15444,0.09380,0.00084,0.00016,
28.892,5.09875,0.01861,3.07116,0.07174,0.09489,0.00084,0.00016,
28.893,5.09625,0.01715,2.39366,0.00815,0.08738,0.00084,0.00016,
28.894,5.09750,0.01756,3.03202,0.86746,0.08953,0.00084,0.00016,
28.895,5.09875,0.01861,2.42056,0.83322,0.09489,0.00084,0.00016,
28.896,5.09875,0.01819,2.99452,0.97834,0.09275,0.00084,0.00016,
28.897,5.09875,0.01798,2.99452,0.97834,0.09169,0.00084,0.00016,
28.898,5.09875,0.01798,3.07766,0.06359,0.09169,0.00084,0.00016,
28.899,5.09750,0.01715,3.19506,0.00571,0.08740,0.00084,0.00016,
28.900,5.09500,0.01966,3.08011,0.13452,0.10014,0.00084,0.00016,
28.901,5.09625,0.01903,3.08989,1.36477,0.09697,0.00084,0.00016,
28.902,5.09500,0.01798,3.07929,0.20871,0.09162,0.00084,0.00016,
28.903,5.09750,0.01861,1.83111,2.67003,0.09486,0.00084,0.00016,
28.904,5.09500,0.01903,3.09152,0.77614,0.09695,0.00084,0.00016,
28.905,5.09625,0.01798,2.72547,2.80699,0.09164,0.00084,0.00016,
28.906,5.09625,0.01986,1.06720,2.32435,0.10123,0.00084,0.00016,
28.907,5.09375,0.01986,3.07603,1.87839,0.10118,0.00084,0.00016,
28.908,5.10000,0.01798,3.07603,1.87839,0.09171,0.00084,0.00016,
28.909,5.09875,0.01945,1.93047,0.18506,0.09915,0.00084,0.00016,
28.910,5.09875,0.01798,3.04490,1.13807,0.09169,0.00084,0.00016,
28.911,5.09750,0.01756,2.97316,0.92937,0.08953,0.00084,0.00016,
28.912,5.09750,0.01840,1.92558,0.00326,0.09380,0.00084,0.00016,
28.913,5.09750,0.01798,3.08484,0.01141,0.09167,0.00084,0.00017,
28.914,5.09750,0.01798,3.09136,1.02556,0.09167,0.00084,0.00017,
28.915,5.09750,0.01903,2.65114,1.90194,0.09700,0.00084,0.00017,
28.916,5.09750,0.01903,2.97805,1.04431,0.09700,0.00084,0.00017,
28.917,5.09500,0.01756,3.08729,0.26984,0.08949,0.00084,0.00017,
28.918,5.09500,0.01736,3.09136,0.49566,0.08843,0.00084,0.00017,
28.919,5.09500,0.01798,3.09136,0.49566,0.09162,0.00084,0.00017,
28.920,5.09875,0.01756,1.53916,1.05328,0.08956,0.00084,0.00017,
28.921,5.09625,0.01715,3.09463,0.78833,0.08738,0.00084,0.00017,
28.922,5.09750,0.01798,3.07261,0.04647,0.09167,0.00084,0.00017,
28.923,5.09875,0.01861,3.07588,0.07745,0.09489,0.00084,0.00017,
28.924,5.09875,0.01840,3.08647,0.89187,0.09382,0.00084,0.00017,
28.925,5.09875,0.01840,1.60356,2.84761,0.09382,0.00084,0.00017,
28.926,5.09875,0.01798,0.38805,1.71770,0.09169,0.00084,0.00017,
28.927,5.09750,0.01840,3.09055,0.50789,0.09380,0.00084,0.00017,
28.928,5.09875,0.01966,3.13457,0.00815,0.10022,0.00084,0.00017,
28.929,5.10000,0.01736,2.68701,2.42043,0.08851,0.00084,0.00017,
28.930,5.09750,0.01924,2.68701,2.42043,0.09806,0.00084,0.00017,
28.931,5.09625,0.01966,0.74349,1.49677,0.10017,0.00084,0.00017,
28.932,5.09750,0.01777,2.11227,0.00489,0.09060,0.00084,0.00017,
28.933,5.09750,0.01882,0.77773,1.29296,0.09593,0.00084,0.00017,
28.934,5.09750,0.01882,1.87178,2.23945,0.09593,0.00084,0.00017,
28.935,5.09625,0.01903,0.45082,0.95790,0.09697,0.00084,0.00017,
28.936,5.09625,0.01819,2.73022,0.66279,0.09271,0.00084,0.00017,
28.937,5.09875,0.01945,3.08158,0.14674,0.09915,0.00084,0.00017,
28.938,5.09875,0.01840,2.13999,0.00326,0.09382,0.00084,0.00017,
28.939,5.09625,0.01694,3.08892,0.77040,0.08632,0.00084,0.00017,
28.940,5.09875,0.01819,3.06936,0.05054,0.09275,0.00084,0.00017,
28.941,5.09625,0.01673,3.06936,0.05054,0.08525,0.00084,0.00017,
28.942,5.09625,0.01861,1.77151,2.65197,0.09484,0.00084,0.00017,
28.943,5.09750,0.01861,2.24517,0.00897,0.09486,0.00084,0.00017,
28.944,5.09500,0.01840,1.26607,1.77233,0.09375,0.00084,0.00017,
28.945,5.09750,0.01798,2.08049,1.92723,0.09167,0.00084,0.00017,
28.946,5.09875,0.01924,2.90877,2.61203,0.09809,0.00084,0.00017,
28.947,5.09750,0.01882,2.96910,1.09405,0.09593,0.00084,0.00017,
28.948,5.09750,0.01756,2.00875,0.00408,0.08953,0.00084,0.00017,
28.949,5.09750,0.01903,2.91203,1.38346,0.09700,0.00084,0.00017,
28.950,5.09500,0.01840,2.85252,1.39161,0.09375,0.00084,0.00017,
28.951,5.09500,0.01819,1.32639,1.44705,0.09269,0.00084,0.00017,
28.952,5.09750,0.01819,1.32639,1.44705,0.09273,0.00084,0.00017,
28.953,5.09875,0.01924,2.13190,2.42947,0.09809,0.00084,0.00017,
28.954,5.09625,0.01945,2.72704,0.67014,0.09910,0.00084,0.00017,
28.955,5.09625,0.01819,2.03978,2.17918,0.09271,0.00084,0.00017,
28.956,5.10000,0.01777,1.16093,0.03343,0.09064,0.00084,0.00017,
28.957,5.09750,0.01798,2.05771,0.00489,0.09167,0.00084,0.00017,
28.958,5.09750,0.01882,1.92238,0.00815,0.09593,0.00084,0.00017,
28.959,5.09875,0.01819,2.10826,0.09620,0.09275,0.00084,0.00017,
28.960,5.09875,0.01945,3.07678,1.89140,0.09915,0.00084,0.00017,
28.961,5.09750,0.01945,2.98629,1.02478,0.09913,0.00084,0.00017,
28.962,5.09500,0.01798,3.06863,0.01794,0.09162,0.00084,0.00017,
28.963,5.09750,0.01756,3.06863,0.01794,0.08953,0.00084,0.00017,
28.964,5.09875,0.01798,0.44269,1.41369,0.09169,0.00084,0.00017,
28.965,5.09875,0.01777,2.22896,1.71371,0.09062,0.00084,0.00017,
28.966,5.09750,0.01694,1.44304,0.16550,0.08634,0.00084,0.00017,
28.967,5.09875,0.01819,3.08663,0.36117,0.09275,0.00084,0.00017,
28.968,5.09750,0.01840,3.06054,1.49277,0.09380,0.00084,0.00017,
28.969,5.09750,0.01903,1.24329,1.38108,0.09700,0.00084,0.00017,
28.970,5.09750,0.01903,2.64475,2.19880,0.09700,0.00084,0.00017,
28.971,5.09625,0.01756,1.70229,1.86209,0.08951,0.00084,0.00017,
28.972,5.09750,0.01882,3.09234,0.49813,0.09593,0.00084,0.00017,
28.973,5.09750,0.01945,3.07277,1.84497,0.09913,0.00084,0.00017,
28.974,5.09750,0.01756,3.07277,1.84497,0.08953,0.00084,0.00017,
28.975,5.09625,0.01777,2.00655,0.00652,0.09058,0.00084,0.00017,
28.976,5.09875,0.01903,3.07872,0.10110,0.09702,0.00084,0.00017,
28.977,5.09500,0.01840,3.06078,1.48962,0.09375,0.00084,0.00017,
28.978,5.09625,0.01756,2.83982,1.72526,0.08951,0.00084,0.00017,
28.979,5.09625,0.01756,0.37995,1.89974,0.08951,0.00084,0.00017,
28.980,5.09750,0.01903,0.42724,1.54670,0.09700,0.00084,0.00017,
28.981,5.09625,0.01819,3.08198,0.12230,0.09271,0.00084,0.00017,
28.982,5.09750,0.01736,3.18227,0.00489,0.08847,0.00084,0.00017,
28.983,5.09625,0.01715,3.07220,0.00734,0.08738,0.00084,0.00017,
28.984,5.09500,0.01756,3.09258,0.51937,0.08949,0.00084,0.00017,
28.985,5.09750,0.01861,3.09258,0.51937,0.09486,0.00084,0.00017,
28.986,5.09625,0.01819,1.96011,1.34370,0.09271,0.00084,0.00017,
28.987,5.09750,0.01861,3.07715,0.08724,0.09486,0.00084,0.00017,
28.988,5.09750,0.01903,1.88673,0.00326,0.09700,0.00084,0.00017,
28.989,5.09750,0.01903,2.58794,2.80400,0.09700,0.00084,0.00017,
28.990,5.10000,0.01819,3.09101,0.73627,0.09278,0.00084,0.00017,
28.991,5.09750,0.01924,2.35964,2.56674,0.09806,0.00084,0.00017,
28.992,5.09875,0.01840,3.09509,0.71017,0.09382,0.00084,0.00017,
28.993,5.09625,0.01798,3.07959,0.13779,0.09164,0.00084,0.00017,
28.994,5.09625,0.01882,1.90222,2.71513,0.09591,0.00084,0.00017,
28.995,5.09625,0.01903,1.11296,1.19286,0.09697,0.00084,0.00017,
28.996,5.09750,0.01756,1.11296,1.19286,0.08953,0.00084,0.00017,
28.997,5.09750,0.01819,2.39830,1.61627,0.09273,0.00084,0.00017,
28.998,5.09750,0.01819,3.07352,0.06687,0.09273,0.00084,0.00017,
28.999,5.09875,0.01777,2.29148,2.55324,0.09062,0.00084,0.00017,
29.000,5.09500,0.01840,2.76608,2.04847,0.09375,0.00084,0.00017,
29.001,5.09750,0.01736,0.47624,2.00688,0.08847,0.00084,0.00017,
29.002,5.09625,0.01756,0.99895,1.83808,0.08951,0.00084,0.00017,
29.003,5.09875,0.01798,2.46925,2.78729,0.09169,0.00084,0.00017,
29.004,5.09875,0.01819,1.73043,2.63561,0.09275,0.00084,0.00017,
29.005,5.09750,0.01777,1.73043,2.63561,0.09060,0.00084,0.00017,
29.006,5.09750,0.01945,1.99546,2.07048,0.09913,0.00084,0.00017,
29.007,5.09375,0.01945,2.97403,1.85194,0.09905,0.00084,0.00017,
29.008,5.09500,0.01882,2.97403,1.85194,0.09588,0.00084,0.00017,
29.009,5.09750,0.01840,2.01421,2.20503,0.09380,0.00084,0.00017,
29.010,5.09500,0.01756,3.15179,0.01060,0.08949,0.00084,0.00017,
29.011,5.09875,0.01861,3.09797,0.75839,0.09489,0.00084,0.00017,
29.012,5.09625,0.01840,1.48416,1.61382,0.09377,0.00084,0.00017,
29.013,5.10125,0.01777,0.47379,1.36020,0.09067,0.00084,0.00017,
29.014,5.09750,0.01924,3.08003,1.88455,0.09806,0.00084,0.00017,
29.015,5.09750,0.01819,2.34366,1.66845,0.09273,0.00084,0.00017,
29.016,5.09625,0.01819,1.71330,0.02854,0.09271,0.00084,0.00017,
29.017,5.09875,0.01819,0.80732,0.89783,0.09275,0.00084,0.00017,
29.018,5.09875,0.01819,3.02784,0.81710,0.09275,0.00084,0.00017,
29.019,5.09625,0.01840,3.02784,0.81710,0.09377,0.00084,0.00017,
29.020,5.09750,0.01840,0.61158,0.83176,0.09380,0.00084,0.00017,
29.021,5.09750,0.01736,2.12831,0.00245,0.08847,0.00084,0.00017,
29.022,5.09500,0.01798,3.08239,0.07665,0.09162,0.00084,0.00017,
29.023,5.09875,0.01903,0.78364,1.93750,0.09702,0.00084,0.00017,
29.024,5.09875,0.01777,3.09543,0.53086,0.09062,0.00084,0.00017,
29.025,5.09875,0.01777,2.14870,1.31205,0.09062,0.00084,0.00017,
29.026,5.09875,0.01777,2.85732,1.68063,0.09062,0.00084,0.00017,
29.027,5.09750,0.01903,1.70836,0.94918,0.09700,0.00084,0.00017,
29.028,5.09750,0.01777,2.50913,1.93995,0.09060,0.00084,0.00017,
29.029,5.10000,0.01756,1.70184,1.55587,0.08958,0.00084,0.00017,
29.030,5.09875,0.01840,1.70184,1.55587,0.09382,0.00084,0.00017,
29.031,5.09750,0.01903,2.78789,1.54684,0.09700,0.00084,0.00017,
29.032,5.09625,0.01777,3.07573,0.03262,0.09058,0.00084,0.00017,
29.033,5.09625,0.01903,2.05321,0.00000,0.09697,0.00084,0.00017,
29.034,5.09875,0.01903,3.09857,0.95485,0.09702,0.00084,0.00017,
29.035,5.09875,0.01924,0.72082,1.12038,0.09809,0.00084,0.00017,
29.036,5.09875,0.01798,1.93987,1.44491,0.09169,0.00084,0.00017,
29.037,5.09875,0.01945,3.09367,1.34054,0.09915,0.00084,0.00017,
29.038,5.09875,0.01819,3.06677,1.47916,0.09275,0.00084,0.00017,
29.039,5.09625,0.01840,3.06840,0.01468,0.09377,0.00084,0.00017,
29.040,5.09625,0.01756,3.09530,1.08124,0.08951,0.00084,0.00017,
29.041,5.09625,0.01715,3.09530,1.08124,0.08738,0.00084,0.00017,
29.042,5.09625,0.01882,1.30779,0.15899,0.09591,0.00084,0.00017,
29.043,5.09750,0.01882,3.04770,1.17407,0.09593,0.00084,0.00017,
29.044,5.09625,0.01798,1.95842,2.73461,0.09164,0.00084,0.00017,
29.045,5.09625,0.01798,1.42520,1.94701,0.09164,0.00084,0.00017,
29.046,5.09625,0.01924,0.52181,1.16103,0.09804,0.00084,0.00017,
29.047,5.09625,0.01882,2.46556,1.91765,0.09591,0.00084,0.00017,
29.048,5.09625,0.01819,1.83857,0.16959,0.09271,0.00084,0.00017,
29.049,5.10000,0.01903,3.08684,0.31961,0.09704,0.00084,0.00017,
29.050,5.09875,0.01903,3.07298,0.02854,0.09702,0.00084,0.00017,
29.051,5.09875,0.01882,2.96617,1.08357,0.09595,0.00084,0.00017,
29.052,5.09750,0.01882,2.96617,1.08357,0.09593,0.00084,0.00017,
29.053,5.09875,0.01861,3.00934,1.63879,0.09489,0.00084,0.00017,
29.054,5.09750,0.01882,2.94330,2.67587,0.09593,0.00084,0.00017,
29.055,5.09625,0.01756,1.88501,1.43822,0.08951,0.00084,0.00017,
29.056,5.09625,0.01819,3.01504,0.83081,0.09271,0.00084,0.00017,
29.057,5.09625,0.01882,1.67955,1.84425,0.09591,0.00084,0.00017,
29.058,5.09875,0.01777,0.57806,1.26782,0.09062,0.00084,0.00017,
29.059,5.09625,0.01715,3.08353,0.25764,0.08738,0.00084,0.00017,
29.060,5.09625,0.01798,3.07212,0.03424,0.09164,0.00084,0.00017,
29.061,5.09750,0.01798,1.69341,0.07338,0.09167,0.00084,0.00017,
29.062,5.09875,0.01756,0.72400,2.04074,0.08956,0.00084,0.00017,
29.063,5.09625,0.01777,0.72400,2.04074,0.09058,0.00084,0.00017,
29.064,5.09500,0.01840,2.22827,1.75864,0.09375,0.00084,0.00017,
29.065,5.09500,0.01840,2.14918,1.14634,0.09375,0.00084,0.00017,
29.066,5.09750,0.01756,2.12635,0.26661,0.08953,0.00084,0.00017,
29.067,5.09625,0.01861,2.85525,1.86300,0.09484,0.00085,0.00017,
29.068,5.09875,0.01861,1.76680,0.91642,0.09489,0.00085,0.00017,
29.069,5.09875,0.01903,2.95798,1.14063,0.09702,0.00085,0.00017,
29.070,5.09625,0.01903,3.06804,0.01386,0.09697,0.00085,0.00017,
29.071,5.09375,0.01777,3.04603,1.15368,0.09053,0.00085,0.00017,
29.072,5.09750,0.01882,1.70320,2.08803,0.09593,0.00085,0.00017,
29.073,5.09875,0.01924,2.40845,2.63919,0.09809,0.00085,0.00017,
29.074,5.09875,0.01715,2.40845,2.63919,0.08742,0.00085,0.00017,
29.075,5.09625,0.01673,1.20422,1.68689,0.08525,0.00085,0.00017,
29.076,5.09750,0.01798,2.78920,1.67222,0.09167,0.00085,0.00017,
29.077,5.09875,0.01777,0.76966,1.67303,0.09062,0.00085,0.00017,
29.078,5.09875,0.01777,1.81571,1.47328,0.09062,0.00085,0.00017,
29.079,5.09875,0.01777,2.99955,0.83162,0.09062,0.00085,0.00017,
29.080,5.09500,0.01694,1.74315,2.12635,0.08629,0.00085,0.00017,
29.081,5.09500,0.01819,1.48714,0.04810,0.09269,0.00085,0.00017,
29.082,5.09500,0.01819,1.05584,1.32978,0.09269,0.00085,0.00017,
29.083,5.09875,0.01798,3.08516,0.25682,0.09169,0.00085,0.00017,
29.084,5.09750,0.01840,2.99058,0.97267,0.09380,0.00085,0.00017,
29.085,5.09750,0.01861,2.99058,0.97267,0.09486,0.00085,0.00017,
29.086,5.09750,0.01819,1.60373,0.04647,0.09273,0.00085,0.00017,
29.087,5.09750,0.01861,0.86587,0.68731,0.09486,0.00085,0.00017,
29.088,5.09500,0.01861,0.59600,0.86994,0.09482,0.00085,0.00017,
29.089,5.09750,0.01903,3.09087,0.88217,0.09700,0.00085,0.00017,
29.090,5.09750,0.01819,3.08353,0.11170,0.09273,0.00085,0.00017,
29.091,5.10125,0.01903,2.39051,2.92781,0.09707,0.00085,0.00017,
29.092,5.09875,0.01861,1.19689,1.22950,0.09489,0.00085,0.00017,
29.093,5.09625,0.01798,2.16141,2.36035,0.09164,0.00085,0.00017,
29.094,5.09750,0.01924,0.42152,1.34364,0.09806,0.00085,0.00017,
29.095,5.09875,0.01924,1.99182,1.40072,0.09809,0.00085,0.00017,
29.096,5.09875,0.01777,1.99182,1.40072,0.09062,0.00085,0.00017,
29.097,5.09625,0.01777,2.39948,1.57438,0.09058,0.00085,0.00017,
29.098,5.09750,0.01861,1.68037,2.60494,0.09486,0.00085,0.00017,
29.099,5.09875,0.01903,2.48835,1.93149,0.09702,0.00085,0.00017,
29.100,5.09625,0.01756,1.11046,1.34854,0.08951,0.00085,0.00017,
29.101,5.09625,0.01715,2.02117,0.00489,0.08738,0.00085,0.00017,
29.102,5.09875,0.01798,1.25070,2.39785,0.09169,0.00085,0.00017,
29.103,5.09750,0.01777,2.40193,1.87931,0.09060,0.00085,0.00017,
29.104,5.09750,0.01798,0.57561,2.07254,0.09167,0.00085,0.00017,
29.105,5.09750,0.01777,2.62777,0.64655,0.09060,0.00085,0.00017,
29.106,5.09375,0.01777,2.57070,1.25885,0.09053,0.00085,0.00017,
29.107,5.10000,0.01882,2.57070,1.25885,0.09598,0.00085,0.00017,
29.108,5.09875,0.01903,1.60863,1.73255,0.09702,0.00085,0.00017,
29.109,5.09500,0.01840,3.08354,0.25275,0.09375,0.00085,0.00017,
29.110,5.09750,0.01777,1.99672,2.73377,0.09060,0.00085,0.00017,
29.111,5.09625,0.01798,2.25110,2.53075,0.09164,0.00085,0.00017,
29.112,5.09500,0.01882,1.77006,0.02446,0.09588,0.00085,0.00017,
29.113,5.10125,0.01882,2.37176,1.60781,0.09600,0.00085,0.00017,
29.114,5.09750,0.01819,2.60495,2.76067,0.09273,0.00085,0.00017,
29.115,5.09750,0.01819,2.33507,0.88054,0.09273,0.00085,0.00017,
29.116,5.09500,0.01882,0.44353,1.42273,0.09588,0.00085,0.00017,
29.117,5.09750,0.01736,0.49408,1.57194,0.08847,0.00085,0.00017,
29.118,5.09875,0.01777,0.49408,1.57194,0.09062,0.00085,0.00017,
29.119,5.09875,0.01798,1.53687,1.05665,0.09169,0.00085,0.00017,
29.120,5.09500,0.01840,3.07701,0.07501,0.09375,0.00085,0.00017,
29.121,5.09625,0.01903,1.90540,0.34080,0.09697,0.00085,0.00017,
29.122,5.09875,0.01798,0.53729,1.73500,0.09169,0.00085,0.00017,
29.123,5.09625,0.01798,1.37055,0.06359,0.09164,0.00085,0.00017,
29.124,5.09625,0.01819,1.52872,1.66325,0.09271,0.00085,0.00017,
29.125,5.09750,0.01819,1.42925,1.50671,0.09273,0.00085,0.00017,
29.126,5.09625,0.01756,2.37747,1.60944,0.08951,0.00085,0.00017,
29.127,5.09875,0.01945,2.12146,0.02609,0.09915,0.00085,0.00017,
29.128,5.10125,0.01882,0.75417,1.38441,0.09600,0.00085,0.00017,
29.129,5.10125,0.01882,0.75417,1.38441,0.09600,0.00085,0.00017,
29.130,5.09625,0.01924,0.53077,2.05786,0.09804,0.00085,0.00017,
29.131,5.10125,0.01882,3.06723,1.68771,0.09600,0.00085,0.00017,
29.132,5.09750,0.01777,0.99550,2.28452,0.09060,0.00085,0.00017,
29.133,5.09750,0.01903,3.07946,0.10844,0.09700,0.00085,0.00017,
29.134,5.09875,0.01903,1.88012,2.81366,0.09702,0.00085,0.00017,
29.135,5.09500,0.01861,0.62127,2.05623,0.09482,0.00085,0.00017,
29.136,5.09750,0.01861,1.77006,1.05176,0.09486,0.00085,0.00017,
29.137,5.10000,0.01798,1.90214,1.52383,0.09171,0.00085,0.00017,
29.138,5.09875,0.01756,2.05623,2.37339,0.08956,0.00085,0.00017,
29.139,5.10125,0.01777,3.09332,0.84956,0.09067,0.00085,0.00017,
29.140,5.09625,0.01777,3.09332,0.84956,0.09058,0.00085,0.00017,
29.141,5.10000,0.01777,1.63145,0.08153,0.09064,0.00085,0.00017,
29.142,5.10000,0.01819,1.85892,1.51404,0.09278,0.00085,0.00017,
29.143,5.09625,0.01819,3.13571,0.86098,0.09271,0.00085,0.00017,
29.144,5.09750,0.01840,1.35995,0.14431,0.09380,0.00085,0.00017,
29.145,5.09750,0.01777,1.78881,0.56502,0.09060,0.00085,0.00017,
29.146,5.09875,0.01840,2.42312,1.83936,0.09382,0.00085,0.00017,
29.147,5.09750,0.01861,3.09576,1.26863,0.09486,0.00085,0.00017,
29.148,5.09750,0.01777,1.02812,1.35017,0.09060,0.00085,0.00017,
29.149,5.10000,0.01945,0.46555,1.37381,0.09918,0.00085,0.00017,
29.150,5.09875,0.01819,3.08842,0.30574,0.09275,0.00085,0.00017,
29.151,5.09875,0.01840,3.08842,0.30574,0.09382,0.00085,0.00017,
29.152,5.09500,0.01840,1.51894,0.14513,0.09375,0.00085,0.00017,
29.153,5.09750,0.01861,3.06560,1.48388,0.09486,0.00085,0.00017,
29.154,5.09500,0.01924,1.90132,2.09537,0.09801,0.00085,0.00017,
29.155,5.09750,0.01861,1.78718,2.65468,0.09486,0.00085,0.00017,
29.156,5.09625,0.01924,1.38034,1.86790,0.09804,0.00085,0.00017,
29.157,5.09625,0.01882,2.04074,0.03832,0.09591,0.00085,0.00017,
29.158,5.09500,0.01736,2.13369,1.70320,0.08843,0.00085,0.00017,
29.159,5.09625,0.01736,1.45290,2.49732,0.08845,0.00085,0.00017,
29.160,5.09625,0.01945,3.09332,1.05502,0.09910,0.00085,0.00017,
29.161,5.09750,0.01945,0.94740,1.40806,0.09913,0.00085,0.00017,
29.162,5.09750,0.01840,0.94740,1.40806,0.09380,0.00085,0.00017,
29.163,5.09375,0.01715,3.14551,0.99551,0.08734,0.00085,0.00017,
29.164,5.09750,0.01715,3.08436,0.21035,0.08740,0.00085,0.00017,
29.165,5.09625,0.01840,1.70402,2.82917,0.09377,0.00085,0.00017,
29.166,5.09750,0.01777,0.63840,1.48389,0.09060,0.00085,0.00017,
29.167,5.09750,0.01756,0.63840,1.48389,0.08953,0.00085,0.00017,
29.168,5.09750,0.01840,2.05706,0.12148,0.09380,0.00085,0.00017,
29.169,5.09750,0.01882,1.99509,1.18629,0.09593,0.00085,0.00017,
29.170,5.10000,0.01882,3.08518,0.20383,0.09598,0.00085,0.00017,
29.171,5.09750,0.01777,2.34079,1.52791,0.09060,0.00085,0.00017,
29.172,5.09625,0.01861,1.27353,1.36648,0.09484,0.00085,0.00017,
29.173,5.09375,0.01840,2.31878,1.84589,0.09373,0.00085,0.00017,
29.174,5.09750,0.01736,2.31878,1.84589,0.08847,0.00085,0.00017,
29.175,5.09750,0.01819,1.52302,0.00652,0.09273,0.00085,0.00017,
29.176,5.09500,0.01819,2.77943,1.67304,0.09269,0.00085,0.00017,
29.177,5.09875,0.01756,2.18262,1.73419,0.08956,0.00085,0.00017,
29.178,5.09875,0.01798,2.49407,2.70361,0.09169,0.00085,0.00017,
29.179,5.09750,0.01798,2.19648,2.62615,0.09167,0.00085,0.00017,
29.180,5.09625,0.01777,0.80961,0.90745,0.09058,0.00085,0.00017,
29.181,5.09875,0.01840,1.45943,1.91682,0.09382,0.00085,0.00017,
29.182,5.09500,0.01777,3.08110,0.05707,0.09056,0.00085,0.00017,
29.183,5.09750,0.01715,2.41009,1.63880,0.08740,0.00085,0.00017,
29.184,5.09875,0.01924,2.25110,2.52097,0.09809,0.00085,0.00017,
29.185,5.09625,0.01798,2.25110,2.52097,0.09164,0.00085,0.00017,
29.186,5.09625,0.01777,1.98446,0.31308,0.09058,0.00085,0.00017,
29.187,5.09625,0.01861,1.69991,2.62447,0.09484,0.00085,0.00017,
29.188,5.09500,0.01861,0.94168,1.53115,0.09482,0.00085,0.00017,
29.189,5.09875,0.01882,1.72600,0.41173,0.09595,0.00085,0.00017,
29.190,5.09750,0.01840,2.35624,2.98158,0.09380,0.00085,0.00017,
29.191,5.09625,0.01924,1.57273,2.55191,0.09804,0.00085,0.00017,
29.192,5.09625,0.01840,0.62208,2.09208,0.09377,0.00085,0.00017,
29.193,5.10000,0.01819,2.33015,1.50832,0.09278,0.00085,0.00017,
29.194,5.09750,0.01924,2.45000,2.95875,0.09806,0.00085,0.00017,
29.195,5.09625,0.01903,1.61268,0.00326,0.09697,0.00085,0.00017,
29.196,5.09625,0.01861,1.61268,0.00326,0.09484,0.00085,0.00017,
29.197,5.09750,0.01861,1.48380,0.16876,0.09486,0.00085,0.00017,
29.198,5.09875,0.01903,3.00347,0.91474,0.09702,0.00085,0.00017,
29.199,5.09625,0.01903,2.77845,2.06753,0.09697,0.00085,0.00017,
29.200,5.10000,0.01777,3.09315,0.43862,0.09064,0.00085,0.00017,
29.201,5.09750,0.01777,1.16584,1.26123,0.09060,0.00085,0.00017,
29.202,5.09625,0.01777,2.86650,1.61424,0.09058,0.00085,0.00017,
29.203,5.09875,0.01861,2.12623,1.21476,0.09489,0.00085,0.00017,
29.204,5.09625,0.01840,1.66805,1.76588,0.09377,0.00085,0.00017,
29.205,5.09625,0.01798,3.08826,1.00279,0.09164,0.00085,0.00017,
29.206,5.09875,0.01798,2.58442,2.83389,0.09169,0.00085,0.00017,
29.207,5.09750,0.01882,2.58442,2.83389,0.09593,0.00085,0.00017,
29.208,5.09875,0.01924,2.68461,0.60899,0.09809,0.00085,0.00017,
29.209,5.09875,0.01798,2.17508,2.45389,0.09169,0.00085,0.00017,
29.210,5.09750,0.01840,0.45654,1.43157,0.09380,0.00085,0.00017,
29.211,5.09625,0.01924,0.66280,2.05768,0.09804,0.00085,0.00017,
29.212,5.09500,0.01736,3.09467,0.75573,0.08843,0.00085,0.00017,
29.213,5.09750,0.01777,1.89382,0.17120,0.09060,0.00085,0.00017,
29.214,5.09750,0.01903,1.14542,1.30195,0.09700,0.00085,0.00017,
29.215,5.09750,0.01903,1.72751,0.00245,0.09700,0.00085,0.00017,
29.216,5.09750,0.01777,1.62723,0.43860,0.09060,0.00085,0.00017,
29.217,5.09625,0.01777,1.75278,2.13187,0.09058,0.00085,0.00017,
29.218,5.09750,0.01798,1.75278,2.13187,0.09167,0.00085,0.00017,
29.219,5.09750,0.01840,1.39652,0.72150,0.09380,0.00085,0.00017,
29.220,5.09625,0.01694,1.62806,0.14838,0.08632,0.00085,0.00017,
29.221,5.09625,0.01694,0.79976,1.41120,0.08632,0.00085,0.00017,
29.222,5.09875,0.01840,0.36360,2.08133,0.09382,0.00085,0.00017,
29.223,5.09875,0.01882,3.08898,1.25875,0.09595,0.00085,0.00017,
29.224,5.09625,0.01882,2.15797,0.27555,0.09591,0.00085,0.00017,
29.225,5.09750,0.01756,2.45961,0.00408,0.08953,0.00085,0.00017,
29.226,5.09500,0.01903,2.03242,2.78490,0.09695,0.00085,0.00017,
29.227,5.09500,0.01861,2.80528,1.59218,0.09482,0.00085,0.00017,
29.228,5.10000,0.01819,2.03731,2.04302,0.09278,0.00085,0.00017,
29.229,5.09750,0.01840,2.03731,2.04302,0.09380,0.00085,0.00017,
29.230,5.09875,0.01966,2.99197,1.70469,0.10022,0.00085,0.00017,
29.231,5.09750,0.01924,2.36097,2.91697,0.09806,0.00085,0.00017,
29.232,5.09750,0.01819,3.04578,1.14543,0.09273,0.00085,0.00017,
29.233,5.09875,0.01819,1.61501,1.50577,0.09275,0.00085,0.00017,
29.234,5.09750,0.01966,1.99736,2.26477,0.10019,0.00085,0.00017,
29.235,5.09625,0.01861,0.85927,1.40386,0.09484,0.00085,0.00017,
29.236,5.09625,0.01819,1.58485,2.83055,0.09271,0.00085,0.00017,
29.237,5.09625,0.01715,3.08572,0.26903,0.08738,0.00085,0.00017,
29.238,5.10000,0.01777,2.03160,0.13044,0.09064,0.00085,0.00017,
29.239,5.09750,0.01861,2.42945,1.90198,0.09486,0.00085,0.00017,
29.240,5.09625,0.01736,2.42945,1.90198,0.08845,0.00085,0.00017,
29.241,5.09625,0.01736,2.74089,0.56416,0.08845,0.00085,0.00017,
29.242,5.09625,0.01736,3.06536,0.01304,0.08845,0.00085,0.00017,
29.243,5.09750,0.01882,1.90770,0.17854,0.09593,0.00085,0.00017,
29.244,5.09750,0.01840,1.27343,1.22207,0.09380,0.00085,0.00017,
29.245,5.10000,0.01882,1.75035,0.00326,0.09598,0.00085,0.00017,
29.246,5.09625,0.01882,1.67698,3.03193,0.09591,0.00085,0.00017,
29.247,5.09875,0.01861,1.91911,2.26559,0.09489,0.00085,0.00017,
29.248,5.09875,0.01819,2.82730,1.72671,0.09275,0.00085,0.00017,
29.249,5.09750,0.01840,1.74220,0.91309,0.09380,0.00085,0.00017,
29.250,5.09750,0.01903,1.73975,1.89384,0.09700,0.00085,0.00017,
29.251,5.09875,0.01903,1.73975,1.89384,0.09702,0.00085,0.00017,
29.252,5.09625,0.01840,1.51964,0.15327,0.09377,0.00085,0.00017,
29.253,5.10000,0.01882,2.10417,0.02935,0.09598,0.00085,0.00017,
29.254,5.09875,0.01882,2.73274,2.21586,0.09595,0.00085,0.00017,
29.255,5.09625,0.01736,3.06454,0.01386,0.08845,0.00085,0.00017,
29.256,5.09875,0.01945,2.34386,2.59170,0.09915,0.00085,0.00017,
29.257,5.09875,0.01882,2.53544,2.94959,0.09595,0.00085,0.00017,
29.258,5.09875,0.01715,1.61584,0.06848,0.08742,0.00085,0.00017,
29.259,5.09875,0.01777,1.20169,1.50252,0.09062,0.00085,0.00017,
29.260,5.09875,0.01777,1.11690,1.35169,0.09062,0.00085,0.00017,
29.261,5.09500,0.01840,1.73242,1.39083,0.09375,0.00085,0.00017,
29.262,5.09750,0.01861,1.73242,1.39083,0.09486,0.00085,0.00017,
29.263,5.09875,0.01798,0.68237,1.85634,0.09169,0.00085,0.00017,
29.264,5.09750,0.01861,1.56448,0.16061,0.09486,0.00085,0.00017,
29.265,5.09750,0.01840,1.95091,0.00326,0.09380,0.00085,0.00017,
29.266,5.09500,0.01736,2.39197,2.62350,0.08843,0.00085,0.00017,
29.267,5.09875,0.01840,2.93819,1.25876,0.09382,0.00085,0.00017,
29.268,5.09875,0.01924,1.60361,1.76585,0.09809,0.00085,0.00017,
29.269,5.09875,0.01924,1.38431,0.14185,0.09809,0.00085,0.00017,
29.270,5.09750,0.01903,2.81590,1.67780,0.09700,0.00085,0.00017,
29.271,5.09875,0.01819,2.04304,1.04435,0.09275,0.00085,0.00017,
29.272,5.09875,0.01798,0.57231,0.95874,0.09169,0.00085,0.00017,
29.273,5.09500,0.01840,0.57231,0.95874,0.09375,0.00085,0.00017,
29.274,5.09875,0.01819,3.03602,1.52942,0.09275,0.00085,0.00017,
29.275,5.09750,0.01798,0.49894,0.92858,0.09167,0.00085,0.00017,
29.276,5.09875,0.01840,1.37942,0.02038,0.09382,0.00085,0.00017,
29.277,5.09625,0.01819,2.82324,1.81395,0.09271,0.00085,0.00017,
29.278,5.09625,0.01819,1.54981,0.15327,0.09271,0.00085,0.00017,
29.279,5.09875,0.01819,1.55959,0.15653,0.09275,0.00085,0.00017,
29.280,5.09750,0.01840,1.96803,0.95793,0.09380,0.00085,0.00017,
29.281,5.09625,0.01798,0.50220,1.61258,0.09164,0.00085,0.00017,
29.282,5.09875,0.01673,3.07352,0.03995,0.08529,0.00085,0.00017,
29.283,5.09625,0.01798,2.36996,2.59008,0.09164,0.00085,0.00017,
29.284,5.09625,0.01777,2.36996,2.59008,0.09058,0.00085,0.00017,
29.285,5.09875,0.01882,1.31094,1.12262,0.09595,0.00085,0.00017,
29.286,5.09375,0.01694,1.79684,2.16941,0.08627,0.00085,0.00017,
29.287,5.09375,0.01882,1.70961,0.17039,0.09586,0.00085,0.00017,
29.288,5.09750,0.01882,3.09637,1.22942,0.09593,0.00085,0.00017,
29.289,5.09625,0.01798,1.86532,0.54623,0.09164,0.00085,0.00017,
29.290,5.09625,0.01819,2.56482,1.84412,0.09271,0.00085,0.00017,
29.291,5.09875,0.01903,0.93918,1.65417,0.09702,0.00085,0.00017,
29.292,5.09750,0.01903,1.53677,2.53954,0.09700,0.00085,0.00017,
29.293,5.09750,0.01840,1.52047,0.07663,0.09380,0.00085,0.00017,
29.294,5.09875,0.01924,1.37616,0.04484,0.09809,0.00085,0.00017,
29.295,5.09750,0.01861,1.37616,0.04484,0.09486,0.00085,0.00017,
29.296,5.09750,0.01798,1.15442,1.30606,0.09167,0.00085,0.00017,
29.297,5.09750,0.01798,3.05888,1.48134,0.09167,0.00085,0.00017,
29.298,5.09750,0.01945,0.90005,0.61879,0.09913,0.00085,0.00017,
29.299,5.09500,0.01861,2.11154,0.29024,0.09482,0.00085,0.00017,
29.300,5.09875,0.01840,1.60608,0.01794,0.09382,0.00085,0.00017,
29.301,5.09875,0.01798,0.87967,1.74223,0.09169,0.00085,0.00017,
29.302,5.10000,0.01777,2.16779,2.82898,0.09064,0.00085,0.00017,
29.303,5.09875,0.01903,1.39492,1.51232,0.09702,0.00085,0.00017,
29.304,5.09625,0.01882,2.11480,0.20871,0.09591,0.00085,0.00017,
29.305,5.09625,0.01798,0.66118,0.76554,0.09164,0.00085,0.00017,
29.306,5.09750,0.01798,0.66118,0.76554,0.09167,0.00085,0.00017,
29.307,5.09500,0.01986,1.79279,0.03098,0.10121,0.00085,0.00017,
29.308,5.09625,0.01924,1.96237,0.32122,0.09804,0.00085,0.00017,
29.309,5.09875,0.01798,1.62403,0.40193,0.09169,0.00085,0.00017,
29.310,5.09625,0.01903,1.17237,1.55881,0.09697,0.00085,0.00017,
29.311,5.09750,0.01882,1.26694,1.20009,0.09593,0.00085,0.00017,
29.312,5.09750,0.01882,2.13031,2.82167,0.09593,0.00085,0.00017,
29.313,5.09500,0.01777,2.83308,1.75529,0.09056,0.00085,0.00017,
29.314,5.09500,0.01861,1.67621,0.03261,0.09482,0.00085,0.00017,
29.315,5.09750,0.01861,3.07766,0.01060,0.09486,0.00085,0.00017,
29.316,5.09875,0.01736,0.89762,1.09573,0.08849,0.00085,0.00017,
29.317,5.09625,0.01798,0.89762,1.09573,0.09164,0.00085,0.00017,
29.318,5.09750,0.01777,2.61296,0.65385,0.09060,0.00085,0.00017,
29.319,5.09750,0.01819,2.35451,1.55881,0.09273,0.00085,0.00017,
29.320,5.09750,0.01819,1.23596,0.02038,0.09273,0.00085,0.00017,
29.321,5.09875,0.01861,2.25668,1.02806,0.09489,0.00085,0.00017,
29.322,5.09625,0.01819,0.46878,2.00884,0.09271,0.00085,0.00017,
29.323,5.09625,0.01861,3.08745,1.07209,0.09484,0.00085,0.00017,
29.324,5.09875,0.01861,0.97507,1.58408,0.09489,0.00085,0.00017,
29.325,5.09750,0.01798,2.39446,0.00326,0.09167,0.00085,0.00017,
29.326,5.09500,0.01945,1.49114,1.62403,0.09908,0.00085,0.00017,
29.327,5.09625,0.01924,2.73932,2.18983,0.09804,0.00085,0.00017,
29.328,5.10000,0.01819,2.73932,2.18983,0.09278,0.00085,0.00017,
29.329,5.09625,0.01861,2.73932,2.18983,0.09484,0.00085,0.00017,
29.330,5.09500,0.01945,3.12822,1.11774,0.09908,0.00085,0.00017,
29.331,5.09750,0.01756,1.73328,0.16469,0.08953,0.00085,0.00017,
29.332,5.09750,0.01819,3.08256,0.08887,0.09273,0.00085,0.00017,
29.333,5.09750,0.01819,3.08745,1.72350,0.09273,0.00085,0.00017,
29.334,5.09875,0.01798,2.23386,0.71092,0.09169,0.00085,0.00017,
29.335,5.09500,0.01945,1.47402,1.43000,0.09908,0.00085,0.00017,
29.336,5.09375,0.01798,2.87793,2.55915,0.09160,0.00085,0.00017,
29.337,5.09375,0.01694,1.50256,1.20009,0.08627,0.00085,0.00017,
29.338,5.09375,0.01882,0.86909,1.42673,0.09586,0.00085,0.00017,
29.339,5.09500,0.01819,1.41777,0.04402,0.09269,0.00085,0.00017,
29.340,5.09750,0.01777,1.41777,0.04402,0.09060,0.00085,0.00017,
29.341,5.09750,0.01861,2.84529,1.78055,0.09486,0.00085,0.00017,
29.342,5.09750,0.01861,2.06508,2.80208,0.09486,0.00085,0.00017,
29.343,5.09500,0.01840,2.65207,0.63265,0.09375,0.00085,0.00017,
29.344,5.09375,0.01777,1.05414,1.62891,0.09053,0.00085,0.00017,
29.345,5.09625,0.01819,1.02887,1.83273,0.09271,0.00085,0.00017,
29.346,5.09875,0.01840,2.38548,0.00734,0.09382,0.00085,0.00017,
29.347,5.10000,0.01819,1.27019,1.39003,0.09278,0.00085,0.00017,
29.348,5.09750,0.01819,2.24933,2.43439,0.09273,0.00085,0.00017,
29.349,5.09625,0.01924,1.90936,0.03180,0.09804,0.00085,0.00017,
29.350,5.09625,0.01924,1.46096,0.16958,0.09804,0.00085,0.00017,
29.351,5.09500,0.01924,1.46096,0.16958,0.09801,0.00085,0.00017,
29.352,5.10000,0.01756,2.07484,0.71335,0.08958,0.00085,0.00017,
29.353,5.09750,0.01882,2.49225,2.70177,0.09593,0.00085,0.00017,
29.354,5.09750,0.01903,1.01092,0.29349,0.09700,0.00085,0.00017,
29.355,5.10000,0.01798,0.45736,0.96527,0.09171,0.00085,0.00017,
29.356,5.10000,0.01882,1.96396,0.03506,0.09598,0.00085,0.00017,
29.357,5.09875,0.01903,1.00603,1.53758,0.09702,0.00085,0.00017,
29.358,5.09500,0.01777,1.66965,0.16224,0.09056,0.00085,0.00017,
29.359,5.09500,0.01819,0.42067,1.35252,0.09269,0.00085,0.00017,
29.360,5.09625,0.01819,1.24409,1.21555,0.09271,0.00085,0.00017,
29.361,5.09750,0.01903,2.48654,1.39573,0.09700,0.00085,0.00017,
29.362,5.09875,0.01777,2.48654,1.39573,0.09062,0.00085,0.00017,
29.363,5.09750,0.01798,0.70600,0.85681,0.09167,0.00085,0.00017,
29.364,5.09625,0.01736,2.54191,1.30438,0.08845,0.00085,0.00017,
29.365,5.09875,0.01861,1.08101,0.39376,0.09489,0.00085,0.00017,
29.366,5.09875,0.01903,2.50360,0.83399,0.09702,0.00085,0.00017,
29.367,5.09750,0.01756,1.42585,1.12177,0.08953,0.00085,0.00017,
29.368,5.09750,0.01986,0.53969,1.06878,0.10126,0.00085,0.00017,
29.369,5.09500,0.01986,1.32069,2.09190,0.10121,0.00085,0.00017,
29.370,5.10000,0.01966,2.86475,1.91336,0.10024,0.00085,0.00017,
29.371,5.09875,0.01840,2.77833,0.61387,0.09382,0.00085,0.00017,
29.372,5.09750,0.01882,2.16527,1.13237,0.09593,0.00085,0.00017,
29.373,5.09500,0.01861,2.16527,1.13237,0.09482,0.00085,0.00017,
29.374,5.09625,0.01798,2.30795,1.05248,0.09164,0.00085,0.00017,
29.375,5.09500,0.01819,0.57719,1.29379,0.09269,0.00085,0.00017,
29.376,5.09625,0.01756,1.70712,0.16386,0.08951,0.00085,0.00017,
29.377,5.09625,0.01777,2.43268,1.67858,0.09058,0.00085,0.00017,
29.378,5.09750,0.01777,0.38642,1.19433,0.09060,0.00085,0.00017,
29.379,5.09625,0.01840,3.14439,1.02068,0.09377,0.00085,0.00017,
29.380,5.09875,0.01861,1.54570,1.55956,0.09489,0.00085,0.00017,
29.381,5.09625,0.01756,1.55140,1.74951,0.08951,0.00085,0.00017,
29.382,5.09750,0.01777,0.73290,1.49271,0.09060,0.00085,0.00017,
29.383,5.09750,0.01798,3.08243,1.70875,0.09167,0.00085,0.00017,
29.384,5.09750,0.01798,3.08243,1.70875,0.09167,0.00085,0.00017,
29.385,5.10000,0.01715,2.03974,0.11903,0.08745,0.00085,0.00017,
29.386,5.10000,0.01777,1.58565,0.03179,0.09064,0.00085,0.00017,
29.387,5.09625,0.01777,0.77041,0.99949,0.09058,0.00085,0.00017,
29.388,5.10000,0.01840,1.60440,1.01905,0.09384,0.00085,0.00017,
29.389,5.10000,0.01819,2.94466,2.68786,0.09278,0.00085,0.00017,
29.390,5.10125,0.01736,1.32722,1.72343,0.08853,0.00085,0.00017,
29.391,5.09750,0.01840,2.38214,1.58809,0.09380,0.00085,0.00017,
29.392,5.09750,0.01861,1.91501,0.02853,0.09486,0.00085,0.00017,
29.393,5.09875,0.01861,1.27015,0.04565,0.09489,0.00085,0.00017,
29.394,5.09875,0.01903,1.88321,1.41282,0.09702,0.00085,0.00017,
29.395,5.09625,0.01882,1.88321,1.41282,0.09591,0.00085,0.00017,
29.396,5.09625,0.01882,0.87884,1.13809,0.09591,0.00085,0.00017,
29.397,5.09875,0.01798,2.36831,2.62185,0.09169,0.00085,0.00017,
29.398,5.09625,0.01819,0.98646,0.35464,0.09271,0.00085,0.00017,
29.399,5.09500,0.01798,3.13220,0.99461,0.09162,0.00085,0.00017,
29.400,5.09750,0.01798,3.11590,0.95303,0.09167,0.00085,0.00017,
29.401,5.09500,0.01756,1.71774,0.06767,0.08949,0.00085,0.00017,
29.402,5.09875,0.01882,1.48947,0.14348,0.09595,0.00085,0.00017,
29.403,5.09625,0.01903,0.62856,1.47887,0.09697,0.00085,0.00017,
29.404,5.09750,0.01777,1.92074,1.97373,0.09060,0.00085,0.00017,
29.405,5.09750,0.01777,3.16400,0.00978,0.09060,0.00085,0.00017,
29.406,5.09750,0.01777,3.16400,0.00978,0.09060,0.00085,0.00017,
29.407,5.09875,0.01777,2.86238,2.37241,0.09062,0.00085,0.00017,
29.408,5.09875,0.01736,2.04957,0.62938,0.08849,0.00085,0.00017,
29.409,5.09750,0.01756,1.99902,1.29953,0.08953,0.00085,0.00017,
29.410,5.10000,0.01840,2.47187,0.77613,0.09384,0.00085,0.00017,
29.411,5.09500,0.01861,1.79928,0.57802,0.09482,0.00085,0.00017,
29.412,5.09750,0.01840,1.92565,0.19648,0.09380,0.00085,0.00017,
29.413,5.09500,0.01903,1.66640,0.04158,0.09695,0.00085,0.00017,
29.414,5.09500,0.01924,2.14088,1.23512,0.09801,0.00085,0.00017,
29.415,5.09750,0.01924,3.08495,0.37991,0.09806,0.00085,0.00017,
29.416,5.09750,0.01777,1.04109,1.37698,0.09060,0.00085,0.00017,
29.417,5.09625,0.01924,1.04109,1.37698,0.09804,0.00085,0.00017,
29.418,5.09625,0.01819,1.59798,1.69174,0.09271,0.00085,0.00017,
29.419,5.09750,0.01798,1.56211,1.76593,0.09167,0.00085,0.00017,
29.420,5.10000,0.01819,1.63141,1.46672,0.09278,0.00085,0.00017,
29.421,5.09500,0.01840,1.60206,0.07256,0.09375,0.00085,0.00017,
29.422,5.09750,0.01715,0.92047,1.20256,0.08740,0.00085,0.00017,
29.423,5.09750,0.01840,0.58701,1.86866,0.09380,0.00085,0.00017,
29.424,5.09625,0.01840,1.94856,1.44063,0.09377,0.00085,0.00017,
29.425,5.09875,0.01777,3.08916,0.55032,0.09062,0.00085,0.00017,
29.426,5.09625,0.01715,2.46545,0.92699,0.08738,0.00085,0.00017,
29.427,5.09750,0.01777,1.76430,0.13615,0.09060,0.00085,0.00017,
29.428,5.09750,0.01756,1.76430,0.13615,0.08953,0.00085,0.00017,
29.429,5.09750,0.01798,0.84791,1.68440,0.09167,0.00085,0.00017,
29.430,5.09750,0.01903,1.94366,0.49896,0.09700,0.00085,0.00017,
29.431,5.09500,0.01840,2.44018,1.48873,0.09375,0.00085,0.00017,
29.432,5.09500,0.01882,1.20419,1.26044,0.09588,0.00085,0.00017,
29.433,5.09875,0.01882,3.00110,0.82508,0.09595,0.00085,0.00017,
29.434,5.09750,0.01819,2.37006,1.01423,0.09273,0.00085,0.00017,
29.435,5.10125,0.01819,1.81974,0.00652,0.09280,0.00085,0.00017,
29.436,5.09625,0.01798,2.07248,1.36154,0.09164,0.00085,0.00017,
29.437,5.09875,0.01924,0.75822,1.01912,0.09809,0.00085,0.00017,
29.438,5.09625,0.01861,2.52415,1.82952,0.09484,0.00085,0.00017,
29.439,5.09875,0.01840,2.52415,1.82952,0.09382,0.00085,0.00017,
29.440,5.09875,0.01903,2.72145,0.56907,0.09702,0.00085,0.00017,
29.441,5.09875,0.01903,1.92246,1.55395,0.09702,0.00085,0.00017,
29.442,5.09750,0.01903,3.04268,1.54661,0.09700,0.00085,0.00017,
29.443,5.09875,0.01777,1.14223,0.40928,0.09062,0.00085,0.00017,
29.444,5.09250,0.01945,1.10309,1.44878,0.09903,0.00085,0.00017,
29.445,5.09500,0.01819,3.09078,0.70441,0.09269,0.00085,0.00017,
29.446,5.09750,0.01840,1.41780,1.14549,0.09380,0.00085,0.00017,
29.447,5.09750,0.01777,2.13362,1.17728,0.09060,0.00085,0.00017,
29.448,5.09750,0.01840,0.77534,0.98487,0.09380,0.00085,0.00017,
29.449,5.09625,0.01861,1.30773,1.70233,0.09484,0.00085,0.00017,
29.450,5.09625,0.01736,1.30773,1.70233,0.08845,0.00085,0.00017,
29.451,5.09875,0.01736,1.39822,0.81773,0.08849,0.00085,0.00017,
29.452,5.09500,0.01736,1.34767,1.82461,0.08843,0.00085,0.00017,
29.453,5.10125,0.01819,2.03088,0.03098,0.09280,0.00086,0.00017,
29.454,5.09625,0.01777,2.27954,2.54044,0.09058,0.00086,0.00017,
29.455,5.09750,0.01840,3.08179,0.28127,0.09380,0.00086,0.00017,
29.456,5.09500,0.01903,1.66319,1.75450,0.09695,0.00086,0.00017,
29.457,5.09750,0.01903,2.14258,1.24821,0.09700,0.00086,0.00017,
29.458,5.09750,0.01798,2.16051,0.10436,0.09167,0.00086,0.00017,
29.459,5.09750,0.01861,1.90859,1.48545,0.09486,0.00086,0.00017,
29.460,5.09500,0.01861,1.96729,1.39903,0.09482,0.00086,0.00017,
29.461,5.09625,0.01882,1.96729,1.39903,0.09591,0.00086,0.00017,
29.462,5.09625,0.01819,2.21841,1.87435,0.09271,0.00086,0.00017,
29.463,5.09625,0.01756,2.10671,1.12836,0.08951,0.00086,0.00017,
29.464,5.09625,0.01840,3.07691,1.34931,0.09377,0.00086,0.00017,
29.465,5.09625,0.01694,3.11441,0.00815,0.08632,0.00086,0.00017,
29.466,5.09750,0.01777,1.80505,1.48383,0.09060,0.00086,0.00017,
29.467,5.09750,0.01715,1.65749,0.54461,0.08740,0.00086,0.00017,
29.468,5.09750,0.01861,1.22538,0.05626,0.09486,0.00086,0.00017,
29.469,5.10125,0.01861,1.36806,1.50666,0.09493,0.00086,0.00017,
29.470,5.10000,0.01819,1.76266,1.62650,0.09278,0.00086,0.00017,
29.471,5.09750,0.01882,2.04638,0.28046,0.09593,0.00086,0.00017,
29.472,5.09625,0.01861,2.04638,0.28046,0.09484,0.00086,0.00017,
29.473,5.09875,0.01840,1.73657,1.81647,0.09382,0.00086,0.00017,
29.474,5.09625,0.01736,2.14666,0.11414,0.08845,0.00086,0.00017,
29.475,5.09750,0.01945,3.06223,0.01304,0.09913,0.00086,0.00017,
29.476,5.09625,0.01840,2.67007,0.73050,0.09377,0.00086,0.00017,
29.477,5.09625,0.01861,1.88903,0.33345,0.09484,0.00086,0.00017,
29.478,5.09750,0.01861,1.62243,0.06115,0.09486,0.00086,0.00017,
29.479,5.09750,0.01882,1.44062,1.97952,0.09593,0.00086,0.00017,
29.480,5.09875,0.01861,2.86656,1.92082,0.09489,0.00086,0.00017,
29.481,5.09875,0.01819,2.27384,0.19893,0.09275,0.00086,0.00017,
29.482,5.09750,0.01945,0.62859,1.47160,0.09913,0.00086,0.00017,
29.483,5.09375,0.01966,0.62859,1.47160,0.10012,0.00086,0.00017,
29.484,5.09750,0.01819,1.56373,1.72842,0.09273,0.00086,0.00017,
29.485,5.09625,0.01924,1.24006,0.05870,0.09804,0.00086,0.00017,
29.486,5.09625,0.01945,1.35175,2.03578,0.09910,0.00086,0.00017,
29.487,5.09750,0.01945,1.23190,0.05299,0.09913,0.00086,0.00017,
29.488,5.09875,0.01798,2.01214,0.09294,0.09169,0.00086,0.00017,
29.489,5.10000,0.01861,1.89147,1.50747,0.09491,0.00086,0.00017,
29.490,5.09750,0.01798,1.89147,1.50747,0.09167,0.00086,0.00017,
29.491,5.09750,0.01798,1.54253,0.13778,0.09167,0.00086,0.00017,
29.492,5.09500,0.01819,2.15644,1.11124,0.09269,0.00086,0.00017,
29.493,5.10000,0.01777,3.05489,0.00652,0.09064,0.00086,0.00017,
29.494,5.09500,0.01819,2.67741,1.22049,0.09269,0.00086,0.00017,
29.495,5.09500,0.01903,2.67741,1.22049,0.09695,0.00086,0.00017,
29.496,5.09875,0.01903,1.85071,1.37702,0.09702,0.00086,0.00017,
29.497,5.10000,0.01756,1.81483,0.07827,0.08958,0.00086,0.00017,
29.498,5.10000,0.01924,2.60322,1.20744,0.09811,0.00086,0.00017,
29.499,5.09750,0.01924,2.44342,1.48709,0.09806,0.00086,0.00017,
29.500,5.09500,0.01777,1.03460,1.21152,0.09056,0.00086,0.00017,
29.501,5.09750,0.01903,2.68638,0.71093,0.09700,0.00086,0.00017,
29.502,5.09750,0.01903,1.29223,0.06033,0.09700,0.00086,0.00017,
29.503,5.09750,0.01736,0.71012,1.79690,0.08847,0.00086,0.00017,
29.504,5.09750,0.01903,2.58447,1.25065,0.09700,0.00086,0.00017,
29.505,5.09625,0.01903,3.09321,0.58864,0.09697,0.00086,0.00017,
29.506,5.09625,0.01924,3.09321,0.58864,0.09804,0.00086,0.00017,
29.507,5.09875,0.01736,1.67702,1.65501,0.08849,0.00086,0.00017,
29.508,5.09500,0.01777,2.08221,1.09736,0.09056,0.00086,0.00017,
29.509,5.09750,0.01861,2.32027,0.24621,0.09486,0.00086,0.00017,
29.510,5.09750,0.01736,1.91427,0.83810,0.08847,0.00086,0.00017,
29.511,5.09625,0.01798,1.97949,1.35662,0.09164,0.00086,0.00017,
29.512,5.09750,0.01715,1.18215,1.23514,0.08740,0.00086,0.00017,
29.513,5.09750,0.01903,2.19228,1.19193,0.09700,0.00086,0.00017,
29.514,5.09500,0.01903,1.40880,1.12019,0.09695,0.00086,0.00017,
29.515,5.09625,0.01798,0.69461,1.23514,0.09164,0.00086,0.00017,
29.516,5.09750,0.01819,1.32401,0.16061,0.09273,0.00086,0.00017,
29.517,5.09625,0.01903,1.32401,0.16061,0.09697,0.00086,0.00017,
29.518,5.09500,0.01861,1.85386,1.48456,0.09482,0.00086,0.00017,
29.519,5.09625,0.01736,1.60195,2.02017,0.08845,0.00086,0.00017,
29.520,5.09625,0.01945,2.80851,1.64027,0.09910,0.00086,0.00017,
29.521,5.09750,0.01945,2.29491,0.22175,0.09913,0.00086,0.00017,
29.522,5.09750,0.01819,1.82615,0.04239,0.09273,0.00086,0.00017,
29.523,5.09875,0.01819,1.77886,1.79354,0.09275,0.00086,0.00017,
29.524,5.09750,0.01882,0.81687,0.87068,0.09593,0.00086,0.00017,
29.525,5.09625,0.01882,3.07755,0.06196,0.09591,0.00086,0.00017,
29.526,5.09750,0.01840,1.82044,0.34403,0.09380,0.00086,0.00017,
29.527,5.09500,0.01840,2.76123,0.63671,0.09375,0.00086,0.00017,
29.528,5.09750,0.01715,2.76123,0.63671,0.08740,0.00086,0.00017,
29.529,5.10000,0.01861,1.84152,2.54747,0.09491,0.00086,0.00017,
29.530,5.09750,0.01777,1.63283,1.76163,0.09060,0.00086,0.00017,
29.531,5.09750,0.01777,2.02168,0.67742,0.09060,0.00086,0.00017,
29.532,5.09625,0.01777,1.88309,0.13043,0.09058,0.00086,0.00017,
29.533,5.09625,0.01861,2.14395,1.19589,0.09484,0.00086,0.00017,
29.534,5.09750,0.01798,1.88228,1.11844,0.09167,0.00086,0.00017,
29.535,5.09625,0.01798,2.88496,1.51952,0.09164,0.00086,0.00017,
29.536,5.09875,0.01882,2.02168,0.48830,0.09595,0.00086,0.00017,
29.537,5.09625,0.01903,2.08282,1.29860,0.09697,0.00086,0.00017,
29.538,5.09750,0.01819,1.47957,1.57332,0.09273,0.00086,0.00017,
29.539,5.09875,0.01861,1.47957,1.57332,0.09489,0.00086,0.00017,
29.540,5.09875,0.01798,2.32735,1.47711,0.09169,0.00086,0.00017,
29.541,5.09750,0.01798,2.34202,1.83824,0.09167,0.00086,0.00017,
29.542,5.09500,0.01882,1.60510,1.54477,0.09588,0.00086,0.00017,
29.543,5.09625,0.01840,2.25643,1.00186,0.09377,0.00086,0.00017,
29.544,5.10000,0.01903,2.53441,0.86491,0.09704,0.00086,0.00017,
29.545,5.09750,0.01861,3.09118,0.35787,0.09486,0.00086,0.00017,
29.546,5.09750,0.01819,2.15942,0.00815,0.09273,0.00086,0.00017,
29.547,5.09875,0.01966,2.68929,2.39583,0.10022,0.00086,0.00017,
29.548,5.09750,0.01903,2.63957,1.17468,0.09700,0.00086,0.00017,
29.549,5.09625,0.01798,1.97275,1.40945,0.09164,0.00086,0.00017,
29.550,5.09625,0.01798,1.97275,1.40945,0.09164,0.00086,0.00017,
29.551,5.09750,0.01840,1.34832,2.02003,0.09380,0.00086,0.00017,
29.552,5.09375,0.01903,1.67195,0.43776,0.09692,0.00086,0.00017,
29.553,5.09500,0.01756,2.39991,0.86573,0.08949,0.00086,0.00017,
29.554,5.09875,0.01882,2.20753,1.16735,0.09595,0.00086,0.00017,
29.555,5.10125,0.01819,3.08630,0.19320,0.09280,0.00086,0.00017,
29.556,5.09875,0.01715,2.10644,0.28613,0.08742,0.00086,0.00017,
29.557,5.09750,0.01840,2.26785,1.01654,0.09380,0.00086,0.00017,
29.558,5.09875,0.01819,2.19530,1.15430,0.09275,0.00086,0.00017,
29.559,5.09875,0.01819,2.09503,1.24887,0.09275,0.00086,0.00017,
29.560,5.09750,0.01819,1.64260,1.73227,0.09273,0.00086,0.00017,
29.561,5.09875,0.01903,1.64260,1.73227,0.09702,0.00086,0.00017,
29.562,5.09875,0.01840,1.88064,0.88367,0.09382,0.00086,0.00017,
29.563,5.09750,0.01861,1.21953,1.34588,0.09486,0.00086,0.00017,
29.564,5.09500,0.01924,2.01841,1.36871,0.09801,0.00086,0.00017,
29.565,5.09625,0.01777,3.05778,1.46245,0.09058,0.00086,0.00017,
29.566,5.09500,0.01882,1.01899,1.35811,0.09588,0.00086,0.00017,
29.567,5.09750,0.01840,1.92059,1.32305,0.09380,0.00086,0.00017,
29.568,5.09750,0.01798,1.74777,2.80507,0.09167,0.00086,0.00017,
29.569,5.09750,0.01798,1.53011,1.87983,0.09167,0.00086,0.00017,
29.570,5.09750,0.01840,1.57821,0.91954,0.09380,0.00086,0.00017,
29.571,5.09500,0.01882,2.02901,0.33097,0.09588,0.00086,0.00017,
29.572,5.09750,0.01736,2.02901,0.33097,0.08847,0.00086,0.00017,
29.573,5.09625,0.01840,1.24073,1.34915,0.09377,0.00086,0.00017,
29.574,5.09875,0.01840,2.36733,0.92606,0.09382,0.00086,0.00017,
29.575,5.09750,0.01819,3.09286,0.98639,0.09273,0.00086,0.00017,
29.576,5.09500,0.01798,1.62958,0.51439,0.09162,0.00086,0.00017,
29.577,5.09500,0.01798,2.07060,1.27660,0.09162,0.00086,0.00017,
29.578,5.09750,0.01798,1.91571,1.38094,0.09167,0.00086,0.00017,
29.579,5.09750,0.01798,2.29560,1.05242,0.09167,0.00086,0.00017,
29.580,5.09875,0.01798,2.73580,0.65542,0.09169,0.00086,0.00017,
29.581,5.09625,0.01694,3.13525,1.02878,0.08632,0.00086,0.00017,
29.582,5.09375,0.01840,1.86843,0.17364,0.09373,0.00086,0.00017,
29.583,5.09875,0.01756,1.86843,0.17364,0.08956,0.00086,0.00017,
29.584,5.09875,0.01777,2.89150,2.77738,0.09062,0.00086,0.00017,
29.585,5.09750,0.01840,3.07085,0.03913,0.09380,0.00086,0.00017,
29.586,5.09750,0.01924,1.55458,0.04076,0.09806,0.00086,0.00017,
29.587,5.10125,0.01924,2.88417,2.58254,0.09813,0.00086,0.00017,
29.588,5.09625,0.01777,2.02984,1.30513,0.09058,0.00086,0.00017,
29.589,5.09625,0.01903,2.44396,0.79319,0.09697,0.00086,0.00017,
29.590,5.09625,0.01945,1.86028,3.00971,0.09910,0.00086,0.00017,
29.591,5.09625,0.01819,1.55540,1.76164,0.09271,0.00086,0.00017,
29.592,5.09750,0.01903,1.54317,1.80729,0.09700,0.00086,0.00017,
29.593,5.09750,0.01861,2.23772,1.10867,0.09486,0.00086,0.00017,
29.594,5.09750,0.01777,2.23772,1.10867,0.09060,0.00086,0.00017,
29.595,5.09750,0.01840,0.52825,1.69724,0.09380,0.00086,0.00017,
29.596,5.09625,0.01840,2.46516,2.33962,0.09377,0.00086,0.00017,
29.597,5.09500,0.01715,2.79939,2.44478,0.08736,0.00086,0.00017,
29.598,5.09375,0.01819,1.62143,1.73882,0.09266,0.00086,0.00017,
29.599,5.09625,0.01819,2.45782,0.78178,0.09271,0.00086,0.00017,
29.600,5.09625,0.01777,2.28826,1.07199,0.09058,0.00086,0.00017,
29.601,5.09625,0.01882,1.45350,0.16712,0.09591,0.00086,0.00017,
29.602,5.09750,0.01861,1.04345,1.20894,0.09486,0.00086,0.00017,
29.603,5.09625,0.01840,0.98558,1.31818,0.09377,0.00086,0.00017,
29.604,5.09625,0.01924,1.38421,1.80403,0.09804,0.00086,0.00017,
29.605,5.09625,0.01924,1.38421,1.80403,0.09804,0.00086,0.00017,
29.606,5.09500,0.01861,1.80405,0.90895,0.09482,0.00086,0.00017,
29.607,5.09750,0.01861,0.84129,1.06710,0.09486,0.00086,0.00017,
29.608,5.10000,0.01903,2.69017,2.25649,0.09704,0.00086,0.00017,
29.609,5.09875,0.01903,2.61354,0.77934,0.09702,0.00086,0.00017,
29.610,5.09875,0.01861,2.51246,1.97687,0.09489,0.00086,0.00017,
29.611,5.09750,0.01966,1.62144,0.44836,0.10019,0.00086,0.00017,
29.612,5.09875,0.01861,1.83095,1.49345,0.09489,0.00086,0.00017,
29.613,5.09875,0.01819,2.19616,1.16982,0.09275,0.00086,0.00017,
29.614,5.09750,0.01819,2.30540,0.91140,0.09273,0.00086,0.00017,
29.615,5.10000,0.01736,3.06761,0.02201,0.08851,0.00086,0.00017,
29.616,5.09500,0.01819,3.06761,0.02201,0.09269,0.00086,0.00017,
29.617,5.09500,0.01715,2.05270,2.95758,0.08736,0.00086,0.00017,
29.618,5.09625,0.01715,1.02309,1.19673,0.08738,0.00086,0.00017,
29.619,5.09625,0.01798,2.21737,1.13477,0.09164,0.00086,0.00017,
29.620,5.09500,0.01840,2.14319,1.21059,0.09375,0.00086,0.00017,
29.621,5.09750,0.01819,1.22200,0.05299,0.09273,0.00086,0.00017,
29.622,5.09750,0.01840,1.35162,1.85542,0.09380,0.00086,0.00017,
29.623,5.09750,0.01840,2.49617,1.96955,0.09380,0.00086,0.00017,
29.624,5.09375,0.01840,2.49862,0.88695,0.09373,0.00086,0.00017,
29.625,5.09625,0.01861,0.42065,1.96303,0.09484,0.00086,0.00017,
29.626,5.09500,0.01861,2.04292,2.02824,0.09482,0.00086,0.00017,
29.627,5.09375,0.01882,2.04292,2.02824,0.09586,0.00086,0.00017,
29.628,5.09750,0.01819,2.33394,1.56276,0.09273,0.00086,0.00017,
29.629,5.09750,0.01798,1.36058,1.47227,0.09167,0.00086,0.00017,
29.630,5.10000,0.01715,2.28258,0.97091,0.08745,0.00086,0.00017,
29.631,5.10000,0.01903,2.39508,0.82092,0.09704,0.00086,0.00017,
29.632,5.09500,0.01903,2.22307,1.85215,0.09695,0.00086,0.00017,
29.633,5.09500,0.01798,3.02279,1.56439,0.09162,0.00086,0.00017,
29.634,5.09875,0.01736,2.18476,1.17390,0.08849,0.00086,0.00017,
29.635,5.09375,0.01882,3.09290,0.62445,0.09586,0.00086,0.00017,
29.636,5.09875,0.01819,0.86412,1.42091,0.09275,0.00086,0.00017,
29.637,5.09625,0.01715,1.73639,1.77797,0.08738,0.00086,0.00017,
29.638,5.09625,0.01861,1.73639,1.77797,0.09484,0.00086,0.00017,
29.639,5.09625,0.01903,2.23204,1.71439,0.09697,0.00086,0.00017,
29.640,5.09625,0.01756,2.52715,1.34020,0.08951,0.00086,0.00017,
29.641,5.10000,0.01756,1.44537,0.14511,0.08958,0.00086,0.00017,
29.642,5.09625,0.01840,1.97851,1.38178,0.09377,0.00086,0.00017,
29.643,5.09625,0.01694,1.38096,1.57988,0.08632,0.00086,0.00017,
29.644,5.09500,0.01861,2.10324,1.23504,0.09482,0.00086,0.00017,
29.645,5.09750,0.01819,1.30515,2.42280,0.09273,0.00086,0.00017,
29.646,5.09625,0.01715,3.06682,0.01793,0.08738,0.00086,0.00017,
29.647,5.09500,0.01903,1.58395,1.80487,0.09695,0.00086,0.00017,
29.648,5.09750,0.01861,1.54238,1.86846,0.09486,0.00086,0.00017,
29.649,5.09750,0.01840,1.54238,1.86846,0.09380,0.00086,0.00017,
29.650,5.09875,0.01840,1.81058,0.00897,0.09382,0.00086,0.00017,
29.651,5.09750,0.01945,0.89673,0.59510,0.09913,0.00086,0.00017,
29.652,5.09625,0.01966,1.80813,1.29863,0.10017,0.00086,0.00017,
29.653,5.10125,0.01861,1.80813,1.29863,0.09493,0.00086,0.00017,
29.654,5.09750,0.01882,1.48286,1.43640,0.09593,0.00086,0.00017,
29.655,5.09875,0.01903,1.30678,0.15978,0.09702,0.00086,0.00017,
29.656,5.09875,0.01736,1.92634,0.12717,0.08849,0.00086,0.00017,
29.657,5.09875,0.01777,1.93694,1.33613,0.09062,0.00086,0.00017,
29.658,5.09875,0.01861,1.45596,1.82933,0.09489,0.00086,0.00017,
29.659,5.10000,0.01861,1.97933,1.40868,0.09491,0.00086,0.00017,
29.660,5.09750,0.01798,1.97607,0.49076,0.09167,0.00086,0.00017,
29.661,5.09875,0.01736,1.97607,0.49076,0.08849,0.00086,0.00017,
29.662,5.09875,0.01798,1.75678,1.63205,0.09169,0.00086,0.00017,
29.663,5.09625,0.01945,1.74373,1.53341,0.09910,0.00086,0.00017,
29.664,5.09625,0.01861,2.03150,1.35814,0.09484,0.00086,0.00017,
29.665,5.09625,0.01861,3.08964,0.54374,0.09484,0.00086,0.00017,
29.666,5.10000,0.01882,1.86520,1.43395,0.09598,0.00086,0.00017,
29.667,5.10000,0.01903,2.97796,1.83341,0.09704,0.00086,0.00017,
29.668,5.09625,0.01903,1.44700,0.14266,0.09697,0.00086,0.00017,
29.669,5.09625,0.01798,3.08068,1.40787,0.09164,0.00086,0.00017,
29.670,5.09750,0.01903,1.89699,1.44781,0.09700,0.00086,0.00017,
29.671,5.09500,0.01924,2.11791,0.59184,0.09801,0.00086,0.00017,
29.672,5.09625,0.01819,2.11791,0.59184,0.09271,0.00086,0.00017,
29.673,5.09500,0.01819,2.41790,1.86111,0.09269,0.00086,0.00017,
29.674,5.09500,0.01945,1.62796,0.48016,0.09908,0.00086,0.00017,
29.675,5.09875,0.01736,3.06843,0.36195,0.08849,0.00086,0.00017,
29.676,5.09875,0.01840,2.75947,0.63504,0.09382,0.00086,0.00017,
29.677,5.09625,0.01840,1.01004,1.33530,0.09377,0.00086,0.00017,
29.678,5.09750,0.01840,2.42686,1.51954,0.09380,0.00086,0.00017,
29.679,5.09625,0.01736,1.30677,2.09915,0.08845,0.00086,0.00017,
29.680,5.09750,0.01840,2.21002,1.18286,0.09380,0.00086,0.00017,
29.681,5.09750,0.01798,1.85867,1.42335,0.09167,0.00086,0.00017,
29.682,5.09875,0.01756,1.33612,1.43802,0.08956,0.00086,0.00017,
29.683,5.09625,0.01736,1.33612,1.43802,0.08845,0.00086,0.00017,
29.684,5.09750,0.01798,1.82032,0.97905,0.09167,0.00086,0.00017,
29.685,5.09750,0.01819,3.08306,0.01304,0.09273,0.00086,0.00017,
29.686,5.09750,0.01819,1.53827,1.36137,0.09273,0.00086,0.00017,
29.687,5.09625,0.01840,2.62899,0.75731,0.09377,0.00086,0.00017,
29.688,5.09875,0.01715,2.27683,1.75674,0.08742,0.00086,0.00017,
29.689,5.09750,0.01903,1.76326,1.59044,0.09700,0.00086,0.00017,
29.690,5.09875,0.01840,1.53745,0.90568,0.09382,0.00086,0.00017,
29.691,5.09500,0.01756,1.83907,1.50892,0.08949,0.00086,0.00017,
29.692,5.09625,0.01966,2.33145,0.89019,0.10017,0.00086,0.00017,
29.693,5.09875,0.01945,1.89125,1.37604,0.09915,0.00086,0.00017,
29.694,5.09750,0.01736,1.89125,1.37604,0.08847,0.00086,0.00017,
29.695,5.09750,0.01736,2.22547,1.85619,0.08847,0.00086,0.00017,
29.696,5.09750,0.01903,2.49041,1.32713,0.09700,0.00086,0.00017,
29.697,5.09750,0.01840,1.55457,1.33202,0.09380,0.00086,0.00017,
29.698,5.09500,0.01903,2.62817,0.74182,0.09695,0.00086,0.00017,
29.699,5.09625,0.01798,2.09911,0.45243,0.09164,0.00086,0.00017,
29.700,5.09625,0.01798,1.77059,2.46921,0.09164,0.00086,0.00017,
29.701,5.09875,0.01819,2.34775,2.57519,0.09275,0.00086,0.00017,
29.702,5.09625,0.01736,1.93852,2.36324,0.08845,0.00086,0.00017,
29.703,5.09625,0.01819,1.29778,2.10482,0.09271,0.00086,0.00017,
29.704,5.09625,0.01819,1.77304,3.02028,0.09271,0.00086,0.00017,
29.705,5.09750,0.01819,1.77304,3.02028,0.09273,0.00086,0.00017,
29.706,5.09625,0.01819,2.88008,2.56134,0.09271,0.00086,0.00017,
29.707,5.09500,0.01819,2.31352,0.22907,0.09269,0.00086,0.00017,
29.708,5.09875,0.01882,1.89858,1.96706,0.09595,0.00086,0.00017,
29.709,5.09750,0.01903,2.26053,1.09888,0.09700,0.00086,0.00017,
29.710,5.09250,0.01736,1.95157,0.81275,0.08838,0.00086,0.00017,
29.711,5.09875,0.01924,1.99641,2.23852,0.09809,0.00086,0.00017,
29.712,5.09875,0.01861,1.71761,1.40213,0.09489,0.00086,0.00017,
29.713,5.09875,0.01819,1.35811,2.02820,0.09275,0.00086,0.00017,
29.714,5.09750,0.01819,1.60022,1.25377,0.09273,0.00086,0.00017,
29.715,5.09500,0.01924,3.08632,0.78911,0.09801,0.00086,0.00017,
29.716,5.09625,0.01945,3.08632,0.78911,0.09910,0.00086,0.00017,
29.717,5.10000,0.01819,2.56624,2.50021,0.09278,0.00086,0.00017,
29.718,5.09750,0.01882,1.47062,1.94017,0.09593,0.00086,0.00017,
29.719,5.09750,0.01861,1.91327,1.45350,0.09486,0.00086,0.00017,
29.720,5.09500,0.01756,2.27359,0.93096,0.08949,0.00086,0.00017,
29.721,5.09750,0.01715,1.97523,0.76303,0.08740,0.00086,0.00017,
29.722,5.09750,0.01819,1.48366,1.94506,0.09273,0.00086,0.00017,
29.723,5.09750,0.01819,1.94995,1.40214,0.09273,0.00086,0.00017,
29.724,5.09750,0.01903,1.96707,2.72928,0.09700,0.00086,0.00017,
29.725,5.09500,0.01882,0.41249,1.86843,0.09588,0.00086,0.00017,
29.726,5.10000,0.01861,1.55214,1.54073,0.09491,0.00086,0.00017,
29.727,5.09750,0.01945,1.55214,1.54073,0.09913,0.00086,0.00017,
29.728,5.10000,0.01924,1.33774,1.71192,0.09811,0.00086,0.00017,
29.729,5.09875,0.01861,1.15595,1.53095,0.09489,0.00086,0.00017,
29.730,5.09375,0.01945,2.72848,0.55678,0.09905,0.00086,0.00017,
29.731,5.09375,0.01903,0.85025,1.22362,0.09692,0.00086,0.00017,
29.732,5.09500,0.01903,2.78228,0.83803,0.09695,0.00086,0.00017,
29.733,5.09875,0.01756,0.96846,1.61002,0.08956,0.00086,0.00017,
29.734,5.10000,0.01840,1.12905,1.72578,0.09384,0.00086,0.00017,
29.735,5.10000,0.01861,0.43613,1.51301,0.09491,0.00086,0.00017,
29.736,5.09750,0.01819,3.08227,0.08478,0.09273,0.00086,0.00017,
29.737,5.09750,0.01736,1.74290,1.54725,0.08847,0.00086,0.00017,
29.738,5.09875,0.01840,1.74290,1.54725,0.09382,0.00086,0.00017,
29.739,5.09750,0.01882,1.50160,1.44698,0.09593,0.00086,0.00017,
29.740,5.09750,0.01756,2.24262,0.99454,0.08953,0.00086,0.00017,
29.741,5.09875,0.01756,2.59886,2.63228,0.08956,0.00086,0.00017,
29.742,5.10125,0.01798,1.98583,1.30269,0.09173,0.00086,0.00017,
29.743,5.09750,0.01798,1.34753,1.68094,0.09167,0.00086,0.00017,
29.744,5.09875,0.01777,2.07061,0.61874,0.09062,0.00086,0.00017,
29.745,5.09750,0.01819,0.40678,1.35894,0.09273,0.00086,0.00017,
29.746,5.09875,0.01861,0.62363,1.98012,0.09489,0.00086,0.00017,
29.747,5.09750,0.01840,1.63285,3.00075,0.09380,0.00086,0.00017,
29.748,5.09875,0.01798,0.83721,1.06791,0.09169,0.00086,0.00017,
29.749,5.09875,0.01798,0.83721,1.06791,0.09169,0.00086,0.00017,
29.750,5.09875,0.01798,1.95078,0.00571,0.09169,0.00086,0.00017,
29.751,5.09750,0.01819,2.00214,2.71055,0.09273,0.00086,0.00017,
29.752,5.09875,0.01819,2.02333,1.31574,0.09275,0.00086,0.00017,
29.753,5.09750,0.01798,1.47226,1.82524,0.09167,0.00086,0.00017,
29.754,5.09875,0.01798,1.99236,0.48342,0.09169,0.00086,0.00017,
29.755,5.09750,0.01798,0.57716,2.28746,0.09167,0.00086,0.00017,
29.756,5.10125,0.01777,1.62388,2.72767,0.09067,0.00086,0.00017,
29.757,5.09750,0.01840,1.66220,1.72497,0.09380,0.00086,0.00017,
29.758,5.09750,0.01903,2.76598,0.63586,0.09700,0.00086,0.00017,
29.759,5.09875,0.01903,1.30351,1.68584,0.09702,0.00086,0.00017,
29.760,5.09750,0.01715,1.30351,1.68584,0.08740,0.00086,0.00017,
29.761,5.09500,0.01840,1.46654,0.00408,0.09375,0.00086,0.00017,
29.762,5.09875,0.01861,1.84643,1.55296,0.09489,0.00086,0.00017,
29.763,5.10000,0.01673,2.05512,1.27823,0.08531,0.00086,0.00017,
29.764,5.09625,0.01840,1.76735,2.66896,0.09377,0.00086,0.00017,
29.765,5.09750,0.01798,2.93961,1.21057,0.09167,0.00086,0.00017,
29.766,5.09750,0.01798,3.07086,0.02120,0.09167,0.00086,0.00017,
29.767,5.09750,0.01798,2.60212,0.66683,0.09167,0.00086,0.00017,
29.768,5.09875,0.01798,1.55459,1.86925,0.09169,0.00086,0.00017,
29.769,5.09875,0.01777,1.53095,0.91139,0.09062,0.00086,0.00017,
29.770,5.09625,0.01840,1.91735,2.18881,0.09377,0.00086,0.00017,
29.771,5.09375,0.01819,1.91735,2.18881,0.09266,0.00086,0.00017,
29.772,5.09750,0.01756,2.24751,0.00408,0.08953,0.00086,0.00017,
29.773,5.09750,0.01840,1.98094,1.63122,0.09380,0.00086,0.00017,
29.774,5.09625,0.01861,1.30922,1.71437,0.09484,0.00086,0.00017,
29.775,5.09625,0.01882,0.83558,1.84806,0.09591,0.00086,0.00017,
29.776,5.09625,0.01924,2.88663,2.58338,0.09804,0.00086,0.00017,
29.777,5.09500,0.01924,1.89046,1.39400,0.09801,0.00086,0.00017,
29.778,5.09500,0.01945,1.94018,1.35405,0.09908,0.00086,0.00017,
29.779,5.09625,0.01777,2.08692,1.25541,0.09058,0.00086,0.00017,
29.780,5.09750,0.01924,2.82386,2.48963,0.09806,0.00086,0.00017,
29.781,5.09625,0.01840,2.31599,1.57497,0.09377,0.00086,0.00017,
29.782,5.09750,0.01798,2.31599,1.57497,0.09167,0.00086,0.00017,
29.783,5.10000,0.01861,1.85622,1.11520,0.09491,0.00086,0.00017,
29.784,5.09625,0.01840,1.43721,1.47960,0.09377,0.00086,0.00017,
29.785,5.09625,0.01819,1.34509,1.83014,0.09271,0.00086,0.00017,
29.786,5.09875,0.01819,2.06410,0.63831,0.09275,0.00086,0.00017,
29.787,5.09750,0.01861,1.85704,0.93749,0.09486,0.00086,0.00017,
29.788,5.09500,0.01840,1.85052,1.54808,0.09375,0.00086,0.00017,
29.789,5.09875,0.01882,1.55297,1.76900,0.09595,0.00086,0.00017,
29.790,5.09750,0.01861,1.30351,1.69237,0.09486,0.00086,0.00017,
29.791,5.09875,0.01798,1.96057,0.00326,0.09169,0.00086,0.00017,
29.792,5.09750,0.01882,2.19046,1.13069,0.09593,0.00086,0.00017,
29.793,5.09625,0.01777,2.19046,1.13069,0.09058,0.00086,0.00017,
29.794,5.10125,0.01861,3.08149,0.12310,0.09493,0.00086,0.00017,
29.795,5.10125,0.01861,3.08964,0.91222,0.09493,0.00086,0.00017,
29.796,5.09625,0.01861,2.03557,0.01223,0.09484,0.00086,0.00017,
29.797,5.09750,0.01861,2.28421,1.05814,0.09486,0.00086,0.00017,
29.798,5.09875,0.01819,2.73828,0.54863,0.09275,0.00086,0.00017,
29.799,5.09625,0.01945,2.27688,1.06874,0.09910,0.00086,0.00017,
29.800,5.09875,0.01945,1.35651,0.75162,0.09915,0.00086,0.00017,
29.801,5.10125,0.01777,2.05432,2.01030,0.09067,0.00086,0.00017,
29.802,5.09750,0.01882,1.36466,1.99400,0.09593,0.00086,0.00017,
29.803,5.09750,0.01882,1.60025,1.69971,0.09593,0.00086,0.00017,
29.804,5.09625,0.01882,1.60025,1.69971,0.09591,0.00086,0.00017,
29.805,5.10000,0.01819,2.28911,0.20625,0.09278,0.00086,0.00017,
29.806,5.09625,0.01777,2.54835,0.70760,0.09058,0.00086,0.00017,
29.807,5.09750,0.01903,2.06738,1.28070,0.09700,0.00086,0.00017,
29.808,5.09875,0.01736,1.63695,1.76412,0.08849,0.00086,0.00017,
29.809,5.10000,0.01715,0.67581,1.50651,0.08745,0.00086,0.00017,
29.810,5.09875,0.01840,0.97825,1.85053,0.09382,0.00086,0.00017,
29.811,5.09875,0.01777,0.70516,1.50080,0.09062,0.00086,0.00017,
29.812,5.09875,0.01736,2.31357,1.55379,0.08849,0.00086,0.00017,
29.813,5.09875,0.01736,2.49292,0.75244,0.08849,0.00086,0.00017,
29.814,5.09625,0.01798,2.19292,0.00326,0.09164,0.00086,0.00017,
29.815,5.09875,0.01798,2.19292,0.00326,0.09169,0.00086,0.00017,
29.816,5.09500,0.01840,2.19292,0.00326,0.09375,0.00086,0.00017,
29.817,5.09750,0.01756,3.09464,1.12095,0.08953,0.00086,0.00017,
29.818,5.09625,0.01882,1.69488,0.03913,0.09591,0.00086,0.00017,
29.819,5.09625,0.01924,1.66960,2.88431,0.09804,0.00086,0.00017,
29.820,5.09875,0.01819,1.86771,0.53724,0.09275,0.00086,0.00017,
29.821,5.09875,0.01777,1.77640,1.33699,0.09062,0.00086,0.00017,
29.822,5.09750,0.01777,0.63181,1.48128,0.09060,0.00086,0.00017,
29.823,5.09875,0.01819,2.41147,1.60357,0.09275,0.00086,0.00017,
29.824,5.09500,0.01798,1.10383,1.76091,0.09162,0.00086,0.00017,
29.825,5.09875,0.01819,1.96309,2.02015,0.09275,0.00086,0.00017,
29.826,5.09625,0.01756,1.82287,1.55547,0.08951,0.00086,0.00017,
29.827,5.09750,0.01798,1.82287,1.55547,0.09167,0.00086,0.00017,
29.828,5.09625,0.01861,2.69841,2.27368,0.09484,0.00086,0.00017,
29.829,5.09500,0.01861,2.22232,1.12257,0.09482,0.00086,0.00017,
29.830,5.09500,0.01861,1.59703,1.49595,0.09482,0.00086,0.00017,
29.831,5.09750,0.01861,1.36143,2.01851,0.09486,0.00086,0.00017,
29.832,5.09625,0.01903,1.99650,1.39241,0.09697,0.00086,0.00017,
29.833,5.09500,0.01840,2.75629,1.72992,0.09375,0.00086,0.00017,
29.834,5.09875,0.01882,2.49297,0.91387,0.09595,0.00086,0.00017,
29.835,5.09625,0.01903,1.43399,1.58073,0.09697,0.00086,0.00017,
29.836,5.09375,0.01798,3.09624,0.56088,0.09160,0.00086,0.00017,
29.837,5.09750,0.01882,2.41063,0.83398,0.09593,0.00086,0.00017,
29.838,5.09750,0.01903,2.41063,0.83398,0.09700,0.00087,0.00017,
29.839,5.09875,0.01777,1.81631,2.60707,0.09062,0.00087,0.00017,
29.840,5.09875,0.01777,1.02228,1.34348,0.09062,0.00087,0.00017,
29.841,5.09750,0.01945,2.26060,1.80816,0.09913,0.00087,0.00017,
29.842,5.09625,0.01819,2.00788,2.22555,0.09271,0.00087,0.00017,
29.843,5.09750,0.01798,1.85788,0.00000,0.09167,0.00087,0.00017,
29.844,5.09750,0.01861,2.33805,1.05571,0.09486,0.00087,0.00017,
29.845,5.09625,0.01903,0.43777,1.33125,0.09697,0.00087,0.00017,
29.846,5.09750,0.01798,0.40679,1.30027,0.09167,0.00087,0.00017,
29.847,5.09750,0.01798,1.96712,1.37038,0.09167,0.00087,0.00017,
29.848,5.09625,0.01861,1.48941,1.59049,0.09484,0.00087,0.00017,
29.849,5.09625,0.01798,1.48941,1.59049,0.09164,0.00087,0.00017,
29.850,5.09625,0.01798,0.60242,1.00105,0.09164,0.00087,0.00017,
29.851,5.09750,0.01798,1.46081,0.86491,0.09167,0.00087,0.00017,
29.852,5.09625,0.01840,0.91545,0.86573,0.09377,0.00087,0.00017,
29.853,5.09750,0.01819,0.79073,1.59613,0.09273,0.00087,0.00017,
29.854,5.09875,0.01756,1.48445,0.14836,0.08956,0.00087,0.00017,
29.855,5.09750,0.01945,1.04344,1.13800,0.09913,0.00087,0.00017,
29.856,5.09750,0.01840,1.82275,2.35426,0.09380,0.00087,0.00017,
29.857,5.10000,0.01882,2.33143,1.71433,0.09598,0.00087,0.00017,
29.858,5.10000,0.01903,2.33469,1.50728,0.09704,0.00087,0.00017,
29.859,5.09625,0.01903,1.95644,2.31268,0.09697,0.00087,0.00017,
29.860,5.09500,0.01777,1.95644,2.31268,0.09056,0.00087,0.00017,
29.861,5.10125,0.01966,1.73472,0.00489,0.10027,0.00087,0.00017,
29.862,5.09750,0.01924,2.81648,2.45616,0.09806,0.00087,0.00017,
29.863,5.09750,0.01840,2.85723,1.64668,0.09380,0.00087,0.00017,
29.864,5.10000,0.01861,2.52056,1.71026,0.09491,0.00087,0.00017,
29.865,5.09875,0.01924,0.45161,1.42658,0.09809,0.00087,0.00017,
29.866,5.09625,0.01840,2.86539,2.57273,0.09377,0.00087,0.00017,
29.867,5.09625,0.01903,1.60837,2.77409,0.09697,0.00087,0.00017,
29.868,5.09500,0.01903,2.39584,1.60755,0.09695,0.00087,0.00017,
29.869,5.09750,0.01882,2.77490,2.15617,0.09593,0.00087,0.00017,
29.870,5.09625,0.01798,2.17329,1.17632,0.09164,0.00087,0.00017,
29.871,5.09750,0.01756,2.17329,1.17632,0.08953,0.00087,0.00017,
29.872,5.09875,0.01840,3.08468,0.08804,0.09382,0.00087,0.00017,
29.873,5.09625,0.01840,1.85293,2.99582,0.09377,0.00087,0.00017,
29.874,5.09875,0.01819,2.21079,0.41819,0.09275,0.00087,0.00017,
29.875,5.09625,0.01861,1.35158,1.46163,0.09484,0.00087,0.00017,
29.876,5.09625,0.01798,2.88006,2.58089,0.09164,0.00087,0.00017,
29.877,5.09875,0.01798,1.34751,2.07792,0.09169,0.00087,0.00017,
29.878,5.09750,0.01777,1.63282,2.57111,0.09060,0.00087,0.00017,
29.879,5.09625,0.01861,1.35811,0.77361,0.09484,0.00087,0.00017,
29.880,5.09875,0.01819,1.51951,1.86026,0.09275,0.00087,0.00017,
29.881,5.10125,0.01840,2.92490,0.00652,0.09387,0.00087,0.00017,
29.882,5.09625,0.01736,2.92490,0.00652,0.08845,0.00087,0.00017,
29.883,5.09500,0.01861,2.19125,1.34507,0.09482,0.00087,0.00017,
29.884,5.09875,0.01840,2.06408,1.19263,0.09382,0.00087,0.00017,
29.885,5.09875,0.01756,0.74590,0.82742,0.08956,0.00087,0.00017,
29.886,5.09750,0.01756,1.87740,2.25076,0.08953,0.00087,0.00017,
29.887,5.09750,0.01840,0.97334,1.20405,0.09380,0.00087,0.00017,
29.888,5.09500,0.01945,2.58580,1.80403,0.09908,0.00087,0.00017,
29.889,5.09750,0.01798,2.31516,0.00652,0.09167,0.00087,0.00017,
29.890,5.09750,0.01736,1.80403,1.48447,0.08847,0.00087,0.00017,
29.891,5.09500,0.01819,2.09750,0.00652,0.09269,0.00087,0.00017,
29.892,5.09625,0.01798,1.29779,1.41355,0.09164,0.00087,0.00017,
29.893,5.09500,0.01736,1.29779,1.41355,0.08843,0.00087,0.00017,
29.894,5.09625,0.01840,1.47306,0.00734,0.09377,0.00087,0.00017,
29.895,5.09625,0.01840,3.09040,0.70759,0.09377,0.00087,0.00017,
29.896,5.09750,0.01798,2.70074,2.82383,0.09167,0.00087,0.00017,
29.897,5.09750,0.01819,1.34344,1.63202,0.09273,0.00087,0.00017,
29.898,5.09875,0.01694,0.85758,1.44860,0.08636,0.00087,0.00017,
29.899,5.09500,0.01798,2.03554,2.15537,0.09162,0.00087,0.00017,
29.900,5.10000,0.01903,2.02494,1.34833,0.09704,0.00087,0.00017,
29.901,5.10000,0.01777,1.80973,1.21219,0.09064,0.00087,0.00017,
29.902,5.09875,0.01861,2.79774,2.20591,0.09489,0.00087,0.00017,
29.903,5.09875,0.01903,2.40645,0.00326,0.09702,0.00087,0.00017,
29.904,5.09750,0.01903,2.40645,0.00326,0.09700,0.00087,0.00017,
29.905,5.09750,0.01798,2.22956,2.40564,0.09167,0.00087,0.00017,
29.906,5.09750,0.01966,1.58392,0.93503,0.10019,0.00087,0.00017,
29.907,5.09875,0.01924,1.67441,1.90593,0.09809,0.00087,0.00017,
29.908,5.09875,0.01819,2.78226,2.39912,0.09275,0.00087,0.00017,
29.909,5.09750,0.01882,1.15513,1.25133,0.09593,0.00087,0.00017,
29.910,5.09625,0.01924,2.19451,1.76490,0.09804,0.00087,0.00017,
29.911,5.09875,0.01756,2.52629,1.72332,0.08956,0.00087,0.00017,
29.912,5.09875,0.01882,1.82196,0.00163,0.09595,0.00087,0.00017,
29.913,5.09875,0.01882,0.66194,1.49996,0.09595,0.00087,0.00017,
29.914,5.09750,0.01882,1.92060,0.83231,0.09593,0.00087,0.00017,
29.915,5.09750,0.01736,1.92060,0.83231,0.08847,0.00087,0.00017,
29.916,5.09125,0.01736,2.23119,0.00000,0.08836,0.00087,0.00017,
29.917,5.09750,0.01882,1.49344,0.68639,0.09593,0.00087,0.00017,
29.918,5.09625,0.01777,2.38689,1.80728,0.09058,0.00087,0.00017,
29.919,5.09875,0.01903,2.27195,1.78038,0.09702,0.00087,0.00017,
29.920,5.09625,0.01840,1.49670,1.86190,0.09377,0.00087,0.00017,
29.921,5.09625,0.01903,3.06513,0.01956,0.09697,0.00087,0.00017,
29.922,5.09625,0.01903,1.43800,1.59615,0.09697,0.00087,0.00017,
29.923,5.09750,0.01882,1.65729,0.00571,0.09593,0.00087,0.00017,
29.924,5.09625,0.01840,1.98011,1.18203,0.09377,0.00087,0.00017,
29.925,5.09500,0.01945,1.88799,2.23771,0.09908,0.00087,0.00017,
29.926,5.09500,0.01903,1.88799,2.23771,0.09695,0.00087,0.00017,
29.927,5.09750,0.01736,3.07248,0.01712,0.08847,0.00087,0.00017,
29.928,5.09750,0.01777,2.63635,0.63667,0.09060,0.00087,0.00017,
29.929,5.09750,0.01840,2.37386,1.77387,0.09380,0.00087,0.00017,
29.930,5.09750,0.01903,2.26217,0.93992,0.09700,0.00087,0.00017,
29.931,5.09375,0.01903,3.06433,0.01793,0.09692,0.00087,0.00017,
29.932,5.09750,0.01819,1.72414,0.00163,0.09273,0.00087,0.00017,
29.933,5.09750,0.01882,1.80974,0.96601,0.09593,0.00087,0.00017,
29.934,5.09500,0.01861,2.28337,1.65567,0.09482,0.00087,0.00017,
29.935,5.09500,0.01798,3.08226,1.57741,0.09162,0.00087,0.00017,
29.936,5.09875,0.01694,2.57847,2.84341,0.08636,0.00087,0.00017,
29.937,5.09750,0.01819,2.57847,2.84341,0.09273,0.00087,0.00017,
29.938,5.09875,0.01715,2.89396,0.00489,0.08742,0.00087,0.00017,
29.939,5.09875,0.01756,1.64345,1.45350,0.08956,0.00087,0.00017,
29.940,5.09875,0.01756,2.23447,1.12579,0.08956,0.00087,0.00017,
29.941,5.09625,0.01882,0.48994,0.91139,0.09591,0.00087,0.00017,
29.942,5.10000,0.01840,1.57904,1.39073,0.09384,0.00087,0.00017,
29.943,5.10000,0.01840,1.66056,0.00652,0.09384,0.00087,0.00017,
29.944,5.09500,0.01861,1.35242,1.59453,0.09482,0.00087,0.00017,
29.945,5.09875,0.01882,2.08773,0.03342,0.09595,0.00087,0.00017,
29.946,5.09875,0.01840,1.69725,0.14592,0.09382,0.00087,0.00017,
29.947,5.09750,0.01903,2.60946,2.15376,0.09700,0.00087,0.00017,
29.948,5.09750,0.01861,2.60946,2.15376,0.09486,0.00087,0.00017,
29.949,5.09500,0.01861,2.10485,0.00489,0.09482,0.00087,0.00017,
29.950,5.09625,0.01840,2.02823,1.31329,0.09377,0.00087,0.00017,
29.951,5.09750,0.01861,2.63555,2.19290,0.09486,0.00087,0.00017,
29.952,5.10125,0.01798,1.31166,0.00815,0.09173,0.00087,0.00017,
29.953,5.09500,0.01715,1.36302,0.79075,0.08736,0.00087,0.00017,
29.954,5.09750,0.01777,1.67117,1.43639,0.09060,0.00087,0.00017,
29.955,5.09500,0.01798,0.86493,1.47144,0.09162,0.00087,0.00017,
29.956,5.09750,0.01798,0.52255,0.93178,0.09167,0.00087,0.00017,
29.957,5.09750,0.01777,3.07658,0.06603,0.09060,0.00087,0.00017,
29.958,5.09750,0.01777,1.79589,0.00408,0.09060,0.00087,0.00017,
29.959,5.09750,0.01840,1.79589,0.00408,0.09380,0.00087,0.00017,
29.960,5.09625,0.01798,3.07741,0.03913,0.09164,0.00087,0.00017,
29.961,5.09875,0.01736,2.35350,0.00571,0.08849,0.00087,0.00017,
29.962,5.09625,0.01777,2.10813,0.00408,0.09058,0.00087,0.00017,
29.963,5.09875,0.01756,0.82173,1.16004,0.08956,0.00087,0.00017,
29.964,5.09375,0.01945,2.17008,1.31330,0.09905,0.00087,0.00017,
29.965,5.09500,0.01798,3.02931,1.61574,0.09162,0.00087,0.00017,
29.966,5.09500,0.01756,2.17090,1.49101,0.08949,0.00087,0.00017,
29.967,5.09500,0.01756,1.01004,1.83992,0.08949,0.00087,0.00017,
29.968,5.09750,0.01924,0.89347,1.34020,0.09806,0.00087,0.00017,
29.969,5.09625,0.01882,1.81710,1.21466,0.09591,0.00087,0.00017,
29.970,5.09750,0.01882,1.81710,1.21466,0.09593,0.00087,0.00017,
29.971,5.09750,0.01882,3.08402,0.11087,0.09593,0.00087,0.00017,
29.972,5.09625,0.01882,1.54568,1.79025,0.09591,0.00087,0.00017,
29.973,5.09875,0.01819,0.50871,1.11361,0.09275,0.00087,0.00017,
29.974,5.09625,0.01945,2.66581,2.83212,0.09910,0.00087,0.00017,
29.975,5.10000,0.01903,1.57747,1.70302,0.09704,0.00087,0.00017,
29.976,5.10000,0.01903,1.72340,3.03348,0.09704,0.00087,0.00017,
29.977,5.09750,0.01819,1.72340,3.03348,0.09273,0.00087,0.00017,
29.978,5.09500,0.01882,1.72177,1.02801,0.09588,0.00087,0.00017,
29.979,5.09625,0.01924,3.08076,0.10435,0.09804,0.00087,0.00017,
29.980,5.10000,0.01736,1.58644,1.71036,0.08851,0.00087,0.00017,
29.981,5.10125,0.01819,2.74244,2.08536,0.09280,0.00087,0.00017,
29.982,5.09750,0.01882,2.74244,2.08536,0.09593,0.00087,0.00017,
29.983,5.09625,0.01903,3.06282,1.49921,0.09697,0.00087,0.00017,
29.984,5.09375,0.01861,3.09624,0.77284,0.09479,0.00087,0.00017,
29.985,5.09375,0.01861,0.88779,1.09078,0.09479,0.00087,0.00017,
29.986,5.09875,0.01903,2.48971,1.65084,0.09702,0.00087,0.00017,
29.987,5.10000,0.01945,2.17177,0.49566,0.09918,0.00087,0.00017,
29.988,5.09750,0.01966,1.75845,2.79950,0.10019,0.00087,0.00017,
29.989,5.09875,0.01798,2.19378,2.92994,0.09169,0.00087,0.00017,
29.990,5.09500,0.01945,1.09893,1.38834,0.09908,0.00087,0.00017,
29.991,5.09875,0.01903,0.45001,0.92284,0.09702,0.00087,0.00017,
29.992,5.09500,0.01819,2.66254,2.24514,0.09269,0.00087,0.00017,
29.993,5.09625,0.01903,2.66254,2.24514,0.09697,0.00087,0.00017,
29.994,5.09625,0.01861,2.18967,0.00408,0.09484,0.00087,0.00017,
29.995,5.09625,0.01861,0.73695,2.01440,0.09484,0.00087,0.00017,
29.996,5.09625,0.01798,2.20190,0.98315,0.09164,0.00087,0.00017,
29.997,5.09750,0.01798,2.11141,1.07690,0.09167,0.00087,0.00017,
29.998,5.09625,0.01840,2.27527,0.93424,0.09377,0.00087,0.00017,
29.999,5.09625,0.01756,2.83369,2.37065,0.08951,0.00087,0.00017,
30.000,5.09875,0.01715,2.37146,1.63288,0.08742,0.00087,0.00017,
30.001,5.10125,0.01903,0.70353,1.80896,0.09707,0.00087,0.00017,
30.002,5.10125,0.01840,0.61956,1.98342,0.09387,0.00087,0.00017,
30.003,5.10125,0.01819,1.73641,2.74891,0.09280,0.00087,0.00017,
30.004,5.09375,0.01819,1.73641,2.74891,0.09266,0.00087,0.00017,
30.005,5.09625,0.01819,0.38477,1.21789,0.09271,0.00087,0.00017,
30.006,5.10000,0.01756,2.97137,2.72192,0.08958,0.00087,0.00017,
30.007,5.09500,0.01756,1.87901,2.30536,0.08949,0.00087,0.00017,
30.008,5.09875,0.01861,1.69315,1.00839,0.09489,0.00087,0.00017,
30.009,5.09500,0.01840,2.90779,2.78551,0.09375,0.00087,0.00017,
30.010,5.09500,0.01736,2.00129,2.22792,0.08843,0.00087,0.00017,
30.011,5.09750,0.01777,1.59777,2.85398,0.09060,0.00087,0.00017,
30.012,5.09750,0.01840,0.93502,1.23338,0.09380,0.00087,0.00017,
30.013,5.09625,0.01840,3.09202,0.65460,0.09377,0.00087,0.00017,
30.014,5.09625,0.01861,1.71842,2.62165,0.09484,0.00087,0.00017,
30.015,5.09625,0.01861,1.71842,2.62165,0.09484,0.00087,0.00017,
30.016,5.09875,0.01861,3.13745,0.00815,0.09489,0.00087,0.00017,
30.017,5.09625,0.01819,0.85100,1.08494,0.09271,0.00087,0.00017,
30.018,5.09375,0.01798,1.08005,1.76884,0.09160,0.00087,0.00017,
30.019,5.09500,0.01882,1.64983,2.95242,0.09588,0.00087,0.00017,
30.020,5.09750,0.01819,0.88361,1.35964,0.09273,0.00087,0.00017,
30.021,5.09750,0.01798,2.25222,2.92470,0.09167,0.00087,0.00017,
30.022,5.09500,0.01798,2.19760,1.34579,0.09162,0.00087,0.00017,
30.023,5.09250,0.01756,3.06246,0.00408,0.08945,0.00087,0.00017,
30.024,5.09875,0.01736,3.05675,0.00571,0.08849,0.00087,0.00017,
30.025,5.09625,0.01861,1.62782,0.45811,0.09484,0.00087,0.00017,
30.026,5.09625,0.01903,1.62782,0.45811,0.09697,0.00087,0.00017,
30.027,5.09875,0.01798,0.44342,0.91538,0.09169,0.00087,0.00017,
30.028,5.09750,0.01924,1.95628,2.73635,0.09806,0.00087,0.00017,
30.029,5.09750,0.01819,0.45810,0.97244,0.09273,0.00087,0.00017,
30.030,5.09750,0.01861,0.50374,0.92679,0.09486,0.00087,0.00017,
30.031,5.09750,0.01861,1.58051,1.37592,0.09486,0.00087,0.00017,
30.032,5.09750,0.01819,2.51790,0.75317,0.09273,0.00087,0.00017,
30.033,5.09750,0.01966,2.76244,2.81460,0.10019,0.00087,0.00017,
30.034,5.09875,0.01819,1.88781,0.00652,0.09275,0.00087,0.00017,
30.035,5.09625,0.01903,2.12175,0.10841,0.09697,0.00087,0.00017,
30.036,5.09875,0.01861,0.51434,1.21208,0.09489,0.00087,0.00017,
30.037,5.09625,0.01819,0.51434,1.21208,0.09271,0.00087,0.00017,
30.038,5.09875,0.01840,2.17882,2.84722,0.09382,0.00087,0.00017,
30.039,5.09875,0.01924,2.13888,0.43038,0.09809,0.00087,0.00017,
30.040,5.09750,0.01924,0.89582,1.23735,0.09806,0.00087,0.00017,
30.041,5.09750,0.01715,0.94472,1.88863,0.08740,0.00087,0.00017,
30.042,5.09625,0.01756,2.79097,2.15518,0.08951,0.00087,0.00017,
30.043,5.09625,0.01819,3.07056,0.01793,0.09271,0.00087,0.00017,
30.044,5.09750,0.01819,3.07056,0.05054,0.09273,0.00087,0.00017,
30.045,5.09750,0.01715,2.31494,0.23394,0.08740,0.00087,0.00017,
30.046,5.09875,0.01840,1.05558,0.18096,0.09382,0.00087,0.00017,
30.047,5.09750,0.01777,1.73947,1.07840,0.09060,0.00087,0.00017,
30.048,5.09750,0.01840,1.73947,1.07840,0.09380,0.00087,0.00017,
30.049,5.09750,0.01840,3.09747,0.38963,0.09380,0.00087,0.00017,
30.050,5.09500,0.01798,3.06486,0.01304,0.09162,0.00087,0.00017,
30.051,5.09625,0.01903,1.56748,1.75252,0.09697,0.00087,0.00017,
30.052,5.09875,0.01903,2.09161,1.39549,0.09702,0.00087,0.00017,
30.053,5.09750,0.01798,3.09176,0.51353,0.09167,0.00087,0.00017,
30.054,5.09750,0.01924,0.50864,1.10205,0.09806,0.00087,0.00017,
30.055,5.09750,0.01903,1.66856,0.56488,0.09700,0.00087,0.00017,
30.056,5.09625,0.01798,1.33273,1.47374,0.09164,0.00087,0.00017,
30.057,5.09625,0.01903,2.67931,1.97830,0.09697,0.00087,0.00017,
30.058,5.09875,0.01903,1.62373,0.00408,0.09702,0.00087,0.00017,
30.059,5.10000,0.01903,1.62373,0.00408,0.09704,0.00087,0.00017,
30.060,5.09875,0.01756,3.09586,0.64232,0.08956,0.00087,0.00017,
30.061,5.09875,0.01715,2.29540,1.21454,0.08742,0.00087,0.00017,
30.062,5.09625,0.01945,2.55950,1.76638,0.09910,0.00087,0.00017,
30.063,5.09750,0.01861,3.07548,0.03261,0.09486,0.00087,0.00017,
30.064,5.09625,0.01840,3.06570,0.02119,0.09377,0.00087,0.00017,
30.065,5.09375,0.01777,1.53489,0.14672,0.09053,0.00087,0.00017,
30.066,5.09375,0.01882,2.76492,2.37936,0.09586,0.00087,0.00017,
30.067,5.09875,0.01882,1.79328,2.60026,0.09595,0.00087,0.00017,
30.068,5.09750,0.01756,3.09015,0.37659,0.08953,0.00087,0.00017,
30.069,5.09750,0.01777,1.08168,1.14852,0.09060,0.00087,0.00017,
30.070,5.09500,0.01840,1.08168,1.14852,0.09375,0.00087,0.00017,
30.071,5.09750,0.01777,3.14232,0.01060,0.09060,0.00087,0.00017,
30.072,5.10000,0.01777,0.52902,1.16889,0.09064,0.00087,0.00017,
30.073,5.09625,0.01777,2.08102,2.88963,0.09058,0.00087,0.00017,
30.074,5.09375,0.01840,0.47033,1.36126,0.09373,0.00087,0.00017,
30.075,5.09375,0.01798,1.06619,1.76883,0.09160,0.00087,0.00017,
30.076,5.09875,0.01798,3.06896,0.04239,0.09169,0.00087,0.00017,
30.077,5.09500,0.01798,2.10303,0.00815,0.09162,0.00087,0.00017,
30.078,5.09750,0.01924,1.49494,1.73296,0.09806,0.00087,0.00017,
30.079,5.09750,0.01924,1.42484,1.67916,0.09806,0.00087,0.00017,
30.080,5.09750,0.01798,1.49250,0.00408,0.09167,0.00087,0.00017,
30.081,5.09625,0.01861,1.49250,0.00408,0.09484,0.00087,0.00017,
30.082,5.09625,0.01882,0.49886,1.06456,0.09591,0.00087,0.00017,
30.083,5.09625,0.01777,2.21307,0.43202,0.09058,0.00087,0.00017,
30.084,5.09625,0.01736,2.21959,0.00489,0.08845,0.00087,0.00017,
30.085,5.09875,0.01736,2.74291,1.42484,0.08849,0.00087,0.00017,
30.086,5.09625,0.01840,3.09096,0.50782,0.09377,0.00087,0.00017,
30.087,5.09625,0.01840,2.71519,2.03863,0.09377,0.00087,0.00017,
30.088,5.09625,0.01777,1.45908,0.00000,0.09058,0.00087,0.00017,
30.089,5.09500,0.01777,1.50636,0.00000,0.09056,0.00087,0.00017,
30.090,5.09500,0.01819,2.21878,0.00652,0.09269,0.00087,0.00017,
30.091,5.09750,0.01903,2.14868,0.00815,0.09700,0.00087,0.00017,
30.092,5.09875,0.01798,2.14868,0.00815,0.09169,0.00087,0.00017,
30.093,5.09875,0.01882,1.18682,1.22921,0.09595,0.00087,0.00017,
30.094,5.10000,0.01840,1.72399,0.00652,0.09384,0.00087,0.00017,
30.095,5.10000,0.01840,2.75431,1.43299,0.09384,0.00087,0.00017,
30.096,5.09875,0.01736,2.89044,2.58150,0.08849,0.00087,0.00017,
30.097,5.09875,0.01924,2.78121,2.39321,0.09809,0.00087,0.00017,
30.098,5.09625,0.01903,3.06650,0.00897,0.09697,0.00087,0.00017,
30.099,5.09500,0.01798,2.18454,0.00652,0.09162,0.00087,0.00017,
30.100,5.09625,0.01966,1.54385,0.00000,0.10017,0.00087,0.00017,
30.101,5.09750,0.01945,1.47049,1.64574,0.09913,0.00087,0.00017,
30.102,5.09750,0.01798,2.87413,2.56602,0.09167,0.00087,0.00017,
30.103,5.09625,0.01798,2.87413,2.56602,0.09164,0.00087,0.00017,
30.104,5.09625,0.01966,3.09178,1.33681,0.10017,0.00087,0.00017,
30.105,5.09875,0.01861,2.12178,0.67003,0.09489,0.00087,0.00017,
30.106,5.09750,0.01840,1.37675,1.65797,0.09380,0.00087,0.00017,
30.107,5.09625,0.01798,1.96690,1.25774,0.09164,0.00087,0.00017,
30.108,5.09875,0.01819,0.53146,0.94147,0.09275,0.00087,0.00017,
30.109,5.09875,0.01819,1.81366,0.00326,0.09275,0.00087,0.00017,
30.110,5.09625,0.01736,2.18046,0.00000,0.08845,0.00087,0.00017,
30.111,5.09625,0.01840,1.66367,3.03635,0.09377,0.00087,0.00017,
30.112,5.09625,0.01840,1.69546,2.84805,0.09377,0.00087,0.00017,
30.113,5.09500,0.01861,2.90104,1.45011,0.09482,0.00087,0.00017,
30.114,5.09500,0.01756,2.90104,1.45011,0.08949,0.00087,0.00017,
30.115,5.09875,0.01840,2.67607,2.22612,0.09382,0.00087,0.00017,
30.116,5.09625,0.01882,2.22204,2.64102,0.09591,0.00087,0.00017,
30.117,5.09750,0.01861,1.73786,1.25122,0.09486,0.00087,0.00017,
30.118,5.09750,0.01882,3.09423,0.93006,0.09593,0.00087,0.00017,
30.119,5.10000,0.01903,0.90316,0.90805,0.09704,0.00087,0.00017,
30.120,5.10000,0.01924,1.25041,0.04972,0.09811,0.00087,0.00017,
30.121,5.09875,0.01924,2.26362,1.34007,0.09809,0.00087,0.00017,
30.122,5.09625,0.01798,1.08494,1.15015,0.09164,0.00087,0.00017,
30.123,5.09750,0.01861,3.07467,0.05787,0.09486,0.00087,0.00017,
30.124,5.09750,0.01840,3.07141,0.06440,0.09380,0.00087,0.00017,
30.125,5.09750,0.01777,3.07141,0.06440,0.09060,0.00087,0.00017,
30.126,5.09625,0.01861,2.14868,0.00652,0.09484,0.00087,0.00017,
30.127,5.09750,0.01777,1.68080,2.63450,0.09060,0.00087,0.00017,
30.128,5.09625,0.01861,0.47196,2.00522,0.09484,0.00087,0.00017,
30.129,5.09750,0.01736,0.52657,0.94311,0.08847,0.00087,0.00017,
30.130,5.09750,0.01736,2.49837,2.96789,0.08847,0.00087,0.00017,
30.131,5.09750,0.01819,2.17640,1.92534,0.09273,0.00087,0.00017,
30.132,5.09750,0.01756,2.60516,2.48533,0.08953,0.00087,0.00017,
30.133,5.09500,0.01777,3.05511,0.02282,0.09056,0.00087,0.00017,
30.134,5.09875,0.01840,2.90268,1.41670,0.09382,0.00087,0.00017,
30.135,5.09875,0.01903,2.91654,2.10630,0.09702,0.00087,0.00017,
30.136,5.09875,0.01861,2.91654,2.10630,0.09489,0.00087,0.00017,
30.137,5.09750,0.01798,2.89208,0.00897,0.09167,0.00087,0.00017,
30.138,5.09875,0.01924,1.14933,0.21275,0.09809,0.00087,0.00017,
30.139,5.09875,0.01924,1.14933,0.21275,0.09809,0.00087,0.00017,
30.140,5.09750,0.01924,1.66368,2.91653,0.09806,0.00087,0.00017,
30.141,5.09750,0.01840,0.53391,1.08331,0.09380,0.00087,0.00017,
30.142,5.09625,0.01903,1.90659,1.45256,0.09697,0.00087,0.00017,
30.143,5.09750,0.01840,3.09260,0.48582,0.09380,0.00087,0.00017,
30.144,5.09500,0.01777,2.80486,0.01141,0.09056,0.00087,0.00017,
30.145,5.09500,0.01715,2.96463,1.85116,0.08736,0.00087,0.00017,
30.146,5.09500,0.01903,2.63857,1.16563,0.09695,0.00087,0.00017,
30.147,5.09500,0.01840,3.05266,1.25285,0.09375,0.00087,0.00017,
30.148,5.09500,0.01882,3.05266,1.25285,0.09588,0.00087,0.00017,
30.149,5.09875,0.01882,3.08523,1.65062,0.09595,0.00087,0.00017,
30.150,5.09625,0.01798,1.89597,0.00734,0.09164,0.00087,0.00017,
30.151,5.09750,0.01861,1.70523,0.00408,0.09486,0.00087,0.00017,
30.152,5.10000,0.01903,0.61705,2.06633,0.09704,0.00087,0.00017,
30.153,5.09875,0.01819,1.55770,0.00652,0.09275,0.00087,0.00017,
30.154,5.09875,0.01882,0.61379,0.99282,0.09595,0.00087,0.00017,
30.155,5.09625,0.01924,1.75332,1.60171,0.09804,0.00087,0.00017,
30.156,5.09875,0.01819,2.54644,2.86107,0.09275,0.00087,0.00017,
30.157,5.09875,0.01903,2.39401,1.61068,0.09702,0.00087,0.00017,
30.158,5.09625,0.01903,1.11835,0.72301,0.09697,0.00087,0.00017,
30.159,5.09750,0.01903,1.11835,0.72301,0.09700,0.00087,0.00017,
30.160,5.09375,0.01798,3.08104,0.11411,0.09160,0.00087,0.00017,
30.161,5.09625,0.01840,1.73207,1.95622,0.09377,0.00087,0.00017,
30.162,5.09500,0.01903,1.59513,1.78994,0.09695,0.00087,0.00017,
30.163,5.09875,0.01715,2.24884,0.00571,0.08742,0.00087,0.00017,
30.164,5.09750,0.01840,1.01968,1.14031,0.09380,0.00087,0.00017,
30.165,5.09750,0.01840,1.99208,2.04180,0.09380,0.00087,0.00017,
30.166,5.09750,0.01840,1.57557,0.00326,0.09380,0.00087,0.00017,
30.167,5.09875,0.01840,2.07930,0.00652,0.09382,0.00087,0.00017,
30.168,5.09750,0.01777,1.44190,1.70191,0.09060,0.00087,0.00017,
30.169,5.09500,0.01777,2.50151,0.88437,0.09056,0.00087,0.00017,
30.170,5.09625,0.01903,2.50151,0.88437,0.09697,0.00087,0.00017,
30.171,5.09625,0.01756,0.64225,1.50131,0.08951,0.00087,0.00017,
30.172,5.09875,0.01798,1.55266,0.00245,0.09169,0.00087,0.00017,
30.173,5.09875,0.01861,1.74012,0.00000,0.09489,0.00087,0.00017,
30.174,5.09750,0.01777,1.70588,0.00734,0.09060,0.00087,0.00017,
30.175,5.09750,0.01882,1.54695,1.76701,0.09593,0.00087,0.00017,
30.176,5.09750,0.01882,0.58846,1.33830,0.09593,0.00087,0.00017,
30.177,5.09875,0.01777,0.39204,1.67736,0.09062,0.00087,0.00017,
30.178,5.09625,0.01840,1.12639,1.42958,0.09377,0.00087,0.00017,
30.179,5.09875,0.01756,1.42958,1.60400,0.08956,0.00087,0.00017,
30.180,5.09875,0.01819,3.06374,1.54695,0.09275,0.00087,0.00017,
30.181,5.09750,0.01924,3.06374,1.54695,0.09806,0.00087,0.00017,
30.182,5.09875,0.01903,3.08975,0.31623,0.09702,0.00087,0.00017,
30.183,5.09625,0.01798,1.54773,0.77835,0.09164,0.00087,0.00017,
30.184,5.09625,0.01840,0.52732,1.16059,0.09377,0.00087,0.00017,
30.185,5.09875,0.01840,1.53550,1.56159,0.09382,0.00087,0.00017,
30.186,5.10000,0.01924,1.88433,0.00734,0.09811,0.00087,0.00017,
30.187,5.09875,0.01777,3.07508,0.06928,0.09062,0.00087,0.00017,
30.188,5.09875,0.01715,1.77757,0.00571,0.08742,0.00087,0.00017,
30.189,5.09875,0.01819,1.74578,0.01141,0.09275,0.00087,0.00017,
30.190,5.09500,0.01861,3.03107,0.85414,0.09482,0.00087,0.00017,
30.191,5.09875,0.01840,3.06938,0.01793,0.09382,0.00087,0.00017,
30.192,5.09625,0.01736,3.06938,0.01793,0.08845,0.00087,0.00017,
30.193,5.09625,0.01756,3.09221,0.46294,0.08951,0.00087,0.00017,
30.194,5.09625,0.01777,0.71233,1.46786,0.09058,0.00087,0.00017,
30.195,5.09625,0.01777,2.35787,0.89408,0.09058,0.00087,0.00017,
30.196,5.09750,0.01736,2.15412,0.00082,0.08847,0.00087,0.00017,
30.197,5.09750,0.01882,0.36839,1.89412,0.09593,0.00087,0.00017,
30.198,5.09625,0.01819,3.02783,0.82888,0.09271,0.00087,0.00017,
30.199,5.09875,0.01736,0.75961,1.13859,0.08849,0.00087,0.00017,
30.200,5.09625,0.01861,1.51921,0.00489,0.09484,0.00087,0.00017,
30.201,5.09625,0.01882,1.97726,0.00082,0.09591,0.00087,0.00017,
30.202,5.09625,0.01861,1.94221,0.00652,0.09484,0.00087,0.00017,
30.203,5.09625,0.01861,1.94221,0.00652,0.09484,0.00087,0.00017,
30.204,5.09500,0.01903,3.07348,0.01630,0.09695,0.00087,0.00017,
30.205,5.09750,0.01903,2.82327,1.73113,0.09700,0.00087,0.00017,
30.206,5.10000,0.01861,0.65040,1.47847,0.09491,0.00087,0.00017,
30.207,5.09750,0.01924,3.08000,0.13774,0.09806,0.00087,0.00017,
30.208,5.09875,0.01861,2.11501,0.00734,0.09489,0.00087,0.00017,
30.209,5.09750,0.01798,2.84446,2.51193,0.09167,0.00087,0.00017,
30.210,5.09625,0.01840,3.07430,0.00815,0.09377,0.00087,0.00017,
30.211,5.09625,0.01966,2.10523,0.00000,0.10017,0.00087,0.00017,
30.212,5.09875,0.01966,2.16065,0.00489,0.10022,0.00087,0.00017,
30.213,5.09875,0.01756,3.07674,0.13204,0.08956,0.00087,0.00017,
30.214,5.09375,0.01798,3.07674,0.13204,0.09160,0.00087,0.00017,
30.215,5.09625,0.01798,0.81912,1.17040,0.09164,0.00087,0.00017,
30.216,5.09500,0.01819,1.03918,1.36682,0.09269,0.00087,0.00017,
30.217,5.09750,0.01840,3.14035,0.00734,0.09380,0.00087,0.00017,
30.218,5.09875,0.01840,0.77266,1.31059,0.09382,0.00087,0.00017,
30.219,5.09625,0.01819,0.48821,0.91692,0.09271,0.00087,0.00017,
30.220,5.09625,0.01945,3.07270,0.05787,0.09910,0.00087,0.00017,
30.221,5.09750,0.01945,3.07352,0.11085,0.09913,0.00087,0.00017,
30.222,5.09750,0.01736,1.68143,1.91127,0.08847,0.00088,0.00017,
30.223,5.09500,0.01798,1.78331,0.00245,0.09162,0.00088,0.00017,
30.224,5.09875,0.01924,2.63503,2.17371,0.09809,0.00088,0.00017,
30.225,5.09625,0.01798,2.63503,2.17371,0.09164,0.00088,0.00017,
30.226,5.09750,0.01903,2.49076,2.97489,0.09700,0.00088,0.00017,
30.227,5.09750,0.01882,1.41654,0.00652,0.09593,0.00088,0.00017,
30.228,5.09625,0.01756,1.61459,0.00571,0.08951,0.00088,0.00017,
30.229,5.09625,0.01861,1.20626,0.10433,0.09484,0.00088,0.00017,
30.230,5.09500,0.01861,3.07759,0.11166,0.09482,0.00088,0.00017,
30.231,5.09750,0.01882,3.06455,0.01630,0.09593,0.00088,0.00017,
30.232,5.09750,0.01840,0.70664,1.79961,0.09380,0.00088,0.00017,
30.233,5.09625,0.01736,2.33101,1.51923,0.08845,0.00088,0.00017,
30.234,5.09500,0.01819,2.12807,0.01141,0.09269,0.00088,0.00017,
30.235,5.09875,0.01777,1.57466,1.30406,0.09062,0.00088,0.00017,
30.236,5.09625,0.01777,1.57466,1.30406,0.09058,0.00088,0.00017,
30.237,5.09750,0.01819,0.46131,1.40839,0.09273,0.00088,0.00017,
30.238,5.09750,0.01903,3.14036,0.00897,0.09700,0.00088,0.00017,
30.239,5.09500,0.01903,3.07434,0.04157,0.09695,0.00088,0.00017,
30.240,5.09875,0.01861,2.70920,0.00734,0.09489,0.00088,0.00017,
30.241,5.09750,0.01736,3.08738,0.37573,0.08847,0.00088,0.00017,
30.242,5.10125,0.01924,3.07026,0.05216,0.09813,0.00088,0.00017,
30.243,5.09625,0.01903,1.58444,0.00734,0.09697,0.00088,0.00017,
30.244,5.09875,0.01798,1.73441,0.00815,0.09169,0.00088,0.00017,
30.245,5.09625,0.01819,1.62682,2.97653,0.09271,0.00088,0.00017,
30.246,5.09875,0.01882,1.80206,0.55097,0.09595,0.00088,0.00017,
30.247,5.09875,0.01840,1.80206,0.55097,0.09382,0.00088,0.00017,
30.248,5.09875,0.01840,3.08005,0.07091,0.09382,0.00088,0.00017,
30.249,5.09750,0.01694,1.99360,2.71002,0.08634,0.00088,0.00017,
30.250,5.09625,0.01736,3.06945,0.04483,0.08845,0.00088,0.00017,
30.251,5.09875,0.01798,3.08168,0.22006,0.09169,0.00088,0.00017,
30.252,5.09750,0.01756,3.07353,0.07172,0.08953,0.00088,0.00017,
30.253,5.09625,0.01777,3.07353,0.04972,0.09058,0.00088,0.00017,
30.254,5.09625,0.01924,2.33755,2.58858,0.09804,0.00088,0.00017,
30.255,5.09625,0.01840,1.97974,0.49229,0.09377,0.00088,0.00017,
30.256,5.09625,0.01819,1.90802,2.71491,0.09271,0.00088,0.00017,
30.257,5.09375,0.01819,3.07760,0.09291,0.09266,0.00088,0.00017,
30.258,5.10125,0.02007,3.07760,0.09291,0.10240,0.00088,0.00017,
30.259,5.09875,0.01861,1.72383,0.00408,0.09489,0.00088,0.00017,
30.260,5.09625,0.01882,0.59580,1.36031,0.09591,0.00088,0.00017,
30.261,5.09875,0.01840,1.70915,0.00000,0.09382,0.00088,0.00017,
30.262,5.10000,0.01966,1.62357,2.58207,0.10024,0.00088,0.00017,
30.263,5.09625,0.01882,3.06865,0.03097,0.09591,0.00088,0.00017,
30.264,5.09500,0.01882,3.09148,0.37003,0.09588,0.00088,0.00017,
30.265,5.09875,0.01861,2.14684,1.29430,0.09489,0.00088,0.00017,
30.266,5.09875,0.01861,1.88765,0.00489,0.09489,0.00088,0.00017,
30.267,5.09500,0.01736,3.07110,0.03342,0.08843,0.00088,0.00017,
30.268,5.09625,0.01861,1.71079,1.92596,0.09484,0.00088,0.00017,
30.269,5.09750,0.01861,1.71079,1.92596,0.09486,0.00088,0.00017,
30.270,5.09750,0.01694,2.32372,2.58210,0.08634,0.00088,0.00017,
30.271,5.09625,0.01798,1.04735,0.46703,0.09164,0.00088,0.00017,
30.272,5.09750,0.01777,2.26911,0.00408,0.09060,0.00088,0.00017,
30.273,5.09750,0.01798,3.09150,0.56157,0.09167,0.00088,0.00017,
30.274,5.10000,0.01756,3.20072,0.00000,0.08958,0.00088,0.00017,
30.275,5.10000,0.01840,0.76778,1.11826,0.09384,0.00088,0.00017,
30.276,5.10125,0.01840,3.06950,0.03097,0.09387,0.00088,0.00017,
30.277,5.09750,0.01840,3.08824,0.72377,0.09380,0.00088,0.00017,
30.278,5.09750,0.01903,3.08172,1.53556,0.09700,0.00088,0.00017,
30.279,5.10000,0.01819,1.65375,0.00245,0.09278,0.00088,0.00017,
30.280,5.09875,0.01736,1.65375,0.00245,0.08849,0.00088,0.00017,
30.281,5.09500,0.01966,1.97084,2.14200,0.10014,0.00088,0.00017,
30.282,5.09750,0.01924,1.02373,1.14110,0.09806,0.00088,0.00017,
30.283,5.09875,0.01798,2.43298,2.88535,0.09169,0.00088,0.00017,
30.284,5.09875,0.01945,3.16410,0.00000,0.09915,0.00088,0.00017,
30.285,5.10000,0.01945,1.75240,2.50308,0.09918,0.00088,0.00017,
30.286,5.09500,0.01882,3.03369,0.00897,0.09588,0.00088,0.00017,
30.287,5.09750,0.01861,3.18855,0.00652,0.09486,0.00088,0.00017,
30.288,5.09750,0.01819,1.99040,0.01223,0.09273,0.00088,0.00017,
30.289,5.09875,0.01903,1.75484,0.00245,0.09702,0.00088,0.00017,
30.290,5.09375,0.01777,3.10460,0.01060,0.09053,0.00088,0.00017,
30.291,5.09875,0.01840,3.10460,0.01060,0.09382,0.00088,0.00017,
30.292,5.10000,0.01777,2.36948,2.61482,0.09064,0.00088,0.00017,
30.293,5.10000,0.01798,2.91966,1.34735,0.09171,0.00088,0.00017,
30.294,5.10000,0.01777,2.49500,1.38892,0.09064,0.00088,0.00017,
30.295,5.10000,0.01777,1.52504,1.78179,0.09064,0.00088,0.00017,
30.296,5.09625,0.01861,3.06312,0.02527,0.09484,0.00088,0.00017,
30.297,5.09500,0.01777,1.84130,2.21053,0.09056,0.00088,0.00017,
30.298,5.09625,0.01840,2.83082,1.77038,0.09377,0.00088,0.00017,
30.299,5.09625,0.01736,0.62110,2.06382,0.08845,0.00088,0.00017,
30.300,5.09875,0.01861,0.43526,1.39055,0.09489,0.00088,0.00017,
30.301,5.09375,0.01903,0.43526,1.39055,0.09692,0.00088,0.00017,
30.302,5.09375,0.01819,3.06883,0.02853,0.09266,0.00088,0.00017,
30.303,5.09750,0.01819,3.06883,0.02853,0.09273,0.00088,0.00017,
30.304,5.09875,0.01861,3.07302,0.03261,0.09489,0.00088,0.00017,
30.305,5.09750,0.01903,0.98386,1.27567,0.09700,0.00088,0.00017,
30.306,5.09375,0.01798,3.14068,0.00815,0.09160,0.00088,0.00017,
30.307,5.10000,0.01903,1.62047,0.01141,0.09704,0.00088,0.00017,
30.308,5.09750,0.01903,3.08525,0.10678,0.09700,0.00088,0.00017,
30.309,5.09375,0.01798,2.77876,0.00489,0.09160,0.00088,0.00017,
30.310,5.09625,0.01819,2.94423,1.24633,0.09271,0.00088,0.00017,
30.311,5.09625,0.01777,3.07139,0.02201,0.09058,0.00088,0.00017,
30.312,5.09750,0.01777,3.07058,0.01956,0.09060,0.00088,0.00017,
30.313,5.10000,0.01861,3.10889,0.00652,0.09491,0.00088,0.00017,
30.314,5.09625,0.01840,3.10889,0.00652,0.09377,0.00088,0.00017,
30.315,5.09875,0.01736,3.09908,0.42468,0.08849,0.00088,0.00017,
30.316,5.09750,0.01882,0.44832,0.92027,0.09593,0.00088,0.00017,
30.317,5.09875,0.01882,2.16251,0.00000,0.09595,0.00088,0.00017,
30.318,5.10125,0.01840,3.08849,0.00652,0.09387,0.00088,0.00017,
30.319,5.09750,0.01861,0.79800,1.21534,0.09486,0.00088,0.00017,
30.320,5.09750,0.01903,2.04024,0.00408,0.09700,0.00088,0.00017,
30.321,5.09625,0.01903,3.09501,0.30241,0.09697,0.00088,0.00017,
30.322,5.09750,0.01819,1.58704,0.01060,0.09273,0.00088,0.00017,
30.323,5.09625,0.01924,3.08686,0.30078,0.09804,0.00088,0.00017,
30.324,5.09500,0.01840,3.16103,0.00815,0.09375,0.00088,0.00017,
30.325,5.09500,0.01819,3.16103,0.00815,0.09269,0.00088,0.00017,
30.326,5.09750,0.01777,0.49477,1.27971,0.09060,0.00088,0.00017,
30.327,5.09750,0.01840,2.10296,0.00571,0.09380,0.00088,0.00017,
30.328,5.09875,0.01756,1.75329,0.00326,0.08956,0.00088,0.00017,
30.329,5.09875,0.01777,1.95380,2.29533,0.09062,0.00088,0.00017,
30.330,5.10000,0.01777,3.06968,0.01467,0.09064,0.00088,0.00017,
30.331,5.09500,0.01736,2.40618,0.00897,0.08843,0.00088,0.00017,
30.332,5.09875,0.01840,3.07946,0.06684,0.09382,0.00088,0.00017,
30.333,5.09625,0.01819,3.07620,0.04646,0.09271,0.00088,0.00017,
30.334,5.09625,0.01819,3.13162,0.00978,0.09271,0.00088,0.00017,
30.335,5.09750,0.01903,1.60575,1.28542,0.09700,0.00088,0.00017,
30.336,5.09500,0.01861,1.60575,1.28542,0.09482,0.00088,0.00017,
30.337,5.09625,0.01861,3.02720,0.82160,0.09484,0.00088,0.00017,
30.338,5.09625,0.01924,3.07855,0.13367,0.09804,0.00088,0.00017,
30.339,5.10000,0.01924,3.06225,0.01141,0.09811,0.00088,0.00017,
30.340,5.09750,0.01903,3.06958,0.02038,0.09700,0.00088,0.00017,
30.341,5.09500,0.01882,3.07692,0.01141,0.09588,0.00088,0.00017,
30.342,5.09625,0.01945,3.08996,1.19246,0.09910,0.00088,0.00017,
30.343,5.09875,0.01736,2.41263,2.68894,0.08849,0.00088,0.00017,
30.344,5.09625,0.01798,3.08588,0.34804,0.09164,0.00088,0.00017,
30.345,5.09875,0.01819,2.56260,0.69934,0.09275,0.00088,0.00017,
30.346,5.09875,0.01756,2.01161,1.35873,0.08956,0.00088,0.00017,
30.347,5.09875,0.01903,2.01161,1.35873,0.09702,0.00088,0.00017,
30.348,5.09750,0.01903,0.41406,1.60407,0.09700,0.00088,0.00017,
30.349,5.09875,0.01777,2.14040,0.00245,0.09062,0.00088,0.00017,
30.350,5.09625,0.01756,3.03372,0.88028,0.08951,0.00088,0.00017,
